block_marginals := [
[0.5047199999999999,0.49528,],
[0.5664888888888889,0.4335111111111111,],
[0.6383644444444445,0.3616355555555556,],
[0.4425133333333333,0.5574866666666667,],
[0.5018511111111111,0.4981488888888889,],
[0.4270155555555555,0.5729844444444445,],
[0.4749466666666666,0.5250533333333334,],
[0.5565244444444445,0.4434755555555556,],
[0.5059177777777777,0.4940822222222222,],
[0.5712600000000001,0.42874,],
[0.5009444444444444,0.4990555555555556,],
[0.3312977777777777,0.6687022222222222,],
[0.4542888888888889,0.5457111111111111,],
[0.4996822222222222,0.5003177777777779,],
[0.5919555555555555,0.4080444444444444,],
[0.4500733333333334,0.5499266666666668,],
[0.4314777777777778,0.5685222222222224,],
[0.5962066666666666,0.4037933333333332,],
[0.5220844444444445,0.4779155555555555,],
[0.5579822222222223,0.4420177777777778,],
[0.4190666666666666,0.5809333333333333,],
[0.5451911111111112,0.4548088888888889,],
[0.6488955555555557,0.3511044444444445,],
[0.57216,0.42784,],
[0.3499022222222222,0.6500977777777779,],
[0.5944600000000001,0.40554,],
[0.3739666666666667,0.6260333333333334,],
[0.5326133333333333,0.4673866666666667,],
[0.5850577777777778,0.4149422222222222,],
[0.5457133333333334,0.4542866666666667,],
[0.5479488888888889,0.4520511111111111,],
[0.3988733333333334,0.6011266666666667,],
[0.5318822222222224,0.4681177777777778,],
[0.5177688888888888,0.4822311111111111,],
[0.4717711111111111,0.5282288888888889,],
[0.2848688888888889,0.7151311111111111,],
[0.6330044444444444,0.3669955555555555,],
[0.44576,0.5542400000000001,],
[0.407771111111111,0.5922288888888888,],
[0.3467711111111111,0.653228888888889,],
[0.3334377777777778,0.6665622222222222,],
[0.5904088888888888,0.4095911111111111,],
[0.4970333333333334,0.5029666666666667,],
[0.5755444444444445,0.4244555555555556,],
[0.6329088888888889,0.367091111111111,],
[0.4253288888888889,0.5746711111111112,],
[0.3372177777777777,0.6627822222222221,],
[0.4258044444444444,0.5741955555555556,],
[0.5649333333333333,0.4350666666666666,],
[0.6168355555555556,0.3831644444444444,],
[0.5012644444444444,0.4987355555555555,],
[0.4401999999999999,0.5598,],
[0.4349111111111111,0.565088888888889,],
[0.4735288888888889,0.5264711111111111,],
[0.6502866666666667,0.3497133333333333,],
[0.586891111111111,0.4131088888888889,],
[0.5052266666666666,0.4947733333333333,],
[0.3901666666666666,0.6098333333333333,],
[0.3664733333333333,0.6335266666666666,],
[0.4348644444444444,0.5651355555555556,],
[0.30912,0.69088,],
[0.5313822222222223,0.4686177777777778,],
[0.5266555555555555,0.4733444444444445,],
[0.4080866666666666,0.5919133333333334,],
[0.4463866666666667,0.5536133333333333,],
[0.5867955555555556,0.4132044444444444,],
[0.4779044444444445,0.5220955555555555,],
[0.2961355555555555,0.7038644444444445,],
[0.4410355555555555,0.5589644444444445,],
[0.6761,0.3239,],
[0.4225444444444444,0.5774555555555556,],
[0.5552266666666666,0.4447733333333333,],
[0.4771466666666667,0.5228533333333333,],
[0.5968933333333333,0.4031066666666666,],
[0.5526933333333333,0.4473066666666667,],
[0.4909266666666667,0.5090733333333334,],
[0.4063488888888889,0.593651111111111,],
[0.5381711111111112,0.4618288888888889,],
[0.5585355555555556,0.4414644444444444,],
[0.3796755555555555,0.6203244444444446,],
[0.49214,0.50786,],
[0.5853044444444445,0.4146955555555555,],
[0.3914488888888889,0.608551111111111,],
[0.6583133333333333,0.3416866666666666,],
[0.5371511111111111,0.4628488888888889,],
[0.4995266666666667,0.5004733333333333,],
[0.6247666666666667,0.3752333333333333,],
[0.5420155555555556,0.4579844444444445,],
[0.5582644444444446,0.4417355555555556,],
[0.4241311111111111,0.575868888888889,],
[0.4004377777777778,0.5995622222222222,],
[0.6576288888888888,0.3423711111111111,],
[0.5534066666666667,0.4465933333333333,],
[0.5098688888888889,0.4901311111111111,],
[0.4634511111111111,0.5365488888888889,],
[0.5069999999999999,0.493,],
[0.6166955555555556,0.3833044444444444,],
[0.5767222222222222,0.4232777777777778,],
[0.4746488888888889,0.5253511111111111,],
[0.5513044444444444,0.4486955555555556,],
[0.4091155555555555,0.5908844444444444,],
[0.4894044444444444,0.5105955555555555,],
[0.4368911111111111,0.5631088888888889,],
[0.5586311111111112,0.4413688888888889,],
[0.6480711111111112,0.3519288888888889,],
[0.4156777777777778,0.5843222222222222,],
[0.5316888888888889,0.4683111111111112,],
[0.5591888888888891,0.4408111111111111,],
[0.6093888888888889,0.3906111111111111,],
[0.5824511111111111,0.4175488888888889,],
[0.6023444444444445,0.3976555555555556,],
[0.56018,0.43982,],
[0.4927644444444445,0.5072355555555554,],
[0.6137377777777778,0.3862622222222222,],
[0.3535755555555555,0.6464244444444446,],
[0.4947044444444444,0.5052955555555555,],
[0.5391911111111111,0.4608088888888889,],
[0.3139533333333333,0.6860466666666667,],
[0.5695644444444444,0.4304355555555555,],
[0.4712577777777778,0.5287422222222222,],
[0.4281066666666666,0.5718933333333334,],
[0.31538,0.68462,],
[0.4869177777777778,0.5130822222222222,],
[0.3772555555555556,0.6227444444444445,],
[0.5988088888888888,0.4011911111111111,],
[0.4456155555555555,0.5543844444444445,],
[0.3327733333333333,0.6672266666666666,],
[0.5510355555555555,0.4489644444444444,],
[0.4749466666666666,0.5250533333333334,],
[0.6324733333333333,0.3675266666666666,],
[0.58648,0.4135199999999999,],
[0.3031844444444444,0.6968155555555555,],
[0.65882,0.34118,],
[0.4076066666666666,0.5923933333333333,],
[0.3385022222222222,0.6614977777777777,],
[0.56586,0.43414,],
[0.5145577777777778,0.4854422222222222,],
[0.6630866666666665,0.3369133333333333,],
[0.4242666666666666,0.5757333333333334,],
[0.3851311111111111,0.6148688888888889,],
[0.4449688888888889,0.555031111111111,],
[0.3492466666666666,0.6507533333333334,],
[0.517191111111111,0.4828088888888889,],
[0.6441755555555556,0.3558244444444445,],
[0.3959222222222222,0.6040777777777778,],
[0.4448888888888889,0.5551111111111111,],
[0.35796,0.6420399999999999,],
[0.5896888888888888,0.4103111111111111,],
[0.48744,0.51256,],
[0.3624533333333333,0.6375466666666667,],
[0.5650822222222223,0.4349177777777777,],
[0.5166955555555556,0.4833044444444444,],
[0.3431933333333334,0.6568066666666666,],
[0.5619911111111111,0.4380088888888889,],
[0.4197399999999999,0.58026,],
[0.5031111111111112,0.4968888888888889,],
[0.6601622222222222,0.3398377777777777,],
[0.48542,0.5145799999999999,],
[0.673591111111111,0.3264088888888889,],
[0.5549400000000001,0.44506,],
[0.5124244444444445,0.4875755555555556,],
[0.5465555555555556,0.4534444444444444,],
[0.3614666666666667,0.6385333333333334,],
[0.5120377777777778,0.4879622222222222,],
[0.3913244444444444,0.6086755555555555,],
[0.3276711111111111,0.6723288888888888,],
[0.3716377777777777,0.6283622222222223,],
[0.5155533333333333,0.4844466666666667,],
[0.5773422222222223,0.4226577777777777,],
[0.6607888888888888,0.3392111111111111,],
[0.4508133333333333,0.5491866666666667,],
[0.4214977777777777,0.5785022222222223,],
[0.3466888888888889,0.6533111111111112,],
[0.5842088888888889,0.4157911111111111,],
[0.6027577777777777,0.3972422222222222,],
[0.5147133333333332,0.4852866666666666,],
[0.3728,0.6272,],
[0.5834399999999998,0.41656,],
[0.40276,0.5972399999999999,],
[0.3259,0.6741,],
[0.6208955555555556,0.3791044444444445,],
[0.5664777777777779,0.4335222222222223,],
[0.501291111111111,0.4987088888888889,],
[0.6136,0.3864,],
[0.4516577777777778,0.5483422222222223,],
[0.3708111111111111,0.6291888888888889,],
[0.3631355555555555,0.6368644444444445,],
[0.3945866666666666,0.6054133333333332,],
[0.4891444444444444,0.5108555555555555,],
[0.5773244444444445,0.4226755555555555,],
[0.2911,0.7089,],
[0.5161533333333332,0.4838466666666666,],
[0.50014,0.49986,],
[0.3009244444444444,0.6990755555555556,],
[0.3764555555555555,0.6235444444444445,],
[0.4471555555555556,0.5528444444444444,],
[0.6338422222222222,0.3661577777777777,],
[0.4266911111111111,0.5733088888888889,],
[0.4378933333333334,0.5621066666666666,],
[0.3599133333333334,0.6400866666666667,],
[0.3739066666666666,0.6260933333333333,],
[0.5856088888888888,0.4143911111111111,],
[0.5820511111111112,0.4179488888888889,],
[0.6324022222222222,0.3675977777777777,],
[0.4028577777777777,0.5971422222222221,],
[0.66132,0.33868,],
[0.6230888888888889,0.376911111111111,],
[0.5842244444444444,0.4157755555555555,],
[0.4970377777777778,0.5029622222222222,],
[0.6085577777777778,0.3914422222222222,],
[0.5823044444444444,0.4176955555555555,],
[0.51542,0.48458,],
[0.6006222222222222,0.3993777777777778,],
[0.5118355555555555,0.4881644444444445,],
[0.5172311111111111,0.4827688888888889,],
[0.3166022222222222,0.6833977777777778,],
[0.4104422222222222,0.5895577777777777,],
[0.46268,0.53732,],
[0.4434444444444445,0.5565555555555557,],
[0.3641133333333333,0.6358866666666666,],
[0.3604,0.6396000000000001,],
[0.4045177777777778,0.5954822222222222,],
[0.511751111111111,0.4882488888888889,],
[0.3999711111111111,0.6000288888888888,],
[0.4721022222222222,0.5278977777777778,],
[0.48132,0.5186799999999999,],
[0.6421333333333333,0.3578666666666667,],
[0.5202488888888889,0.4797511111111111,],
[0.6889799999999999,0.31102,],
[0.6919666666666667,0.3080333333333333,],
[0.3630466666666667,0.6369533333333333,],
[0.5616977777777777,0.4383022222222223,],
[0.6065755555555555,0.3934244444444445,],
[0.3927755555555556,0.6072244444444445,],
[0.3750866666666667,0.6249133333333334,],
[0.4999422222222222,0.5000577777777778,],
[0.6448688888888888,0.3551311111111111,],
[0.3742844444444444,0.6257155555555555,],
[0.4370888888888889,0.5629111111111111,],
[0.5031777777777778,0.4968222222222222,],
[0.3352955555555555,0.6647044444444444,],
[0.5021266666666666,0.4978733333333334,],
[0.3459488888888889,0.6540511111111111,],
[0.4178688888888888,0.5821311111111112,],
[0.5546044444444445,0.4453955555555555,],
[0.3675688888888888,0.6324311111111112,],
[0.4422311111111111,0.557768888888889,],
[0.59248,0.4075199999999999,],
[0.6346288888888888,0.3653711111111111,],
[0.4877466666666667,0.5122533333333334,],
[0.6277577777777779,0.3722422222222222,],
[0.5373377777777778,0.4626622222222222,],
[0.3124177777777778,0.6875822222222221,],
[0.4752222222222222,0.5247777777777778,],
[0.3708,0.6292,],
[0.5715888888888889,0.4284111111111111,],
[0.3832022222222222,0.6167977777777778,],
[0.6343355555555555,0.3656644444444444,],
[0.3689844444444444,0.6310155555555556,],
[0.4891511111111111,0.5108488888888889,],
[0.5971666666666665,0.4028333333333333,],
[0.3595733333333334,0.6404266666666667,],
[0.4295444444444445,0.5704555555555556,],
[0.3688555555555555,0.6311444444444445,],
[0.52014,0.47986,],
[0.5935111111111111,0.4064888888888888,],
[0.4812577777777777,0.5187422222222222,],
[0.44518,0.55482,],
[0.5463533333333335,0.4536466666666667,],
[0.3748844444444444,0.6251155555555555,],
[0.5206822222222223,0.4793177777777778,],
[0.6240355555555556,0.3759644444444444,],
[0.4693022222222222,0.5306977777777778,],
[0.4875311111111111,0.512468888888889,],
[0.653588888888889,0.3464111111111111,],
[0.4860977777777778,0.5139022222222223,],
[0.4146066666666666,0.5853933333333333,],
[0.5061977777777776,0.4938022222222222,],
[0.5743488888888889,0.4256511111111111,],
[0.5026,0.4974,],
[0.5979933333333333,0.4020066666666666,],
[0.3427422222222222,0.6572577777777777,],
[0.46974,0.5302600000000001,],
[0.4071355555555555,0.5928644444444444,],
[0.3975533333333333,0.6024466666666667,],
[0.6405000000000001,0.3595,],
[0.5182977777777777,0.4817022222222222,],
[0.6514288888888888,0.3485711111111111,],
[0.4244111111111111,0.5755888888888889,],
[0.49496,0.5050399999999999,],
[0.3558666666666667,0.6441333333333333,],
[0.4875066666666666,0.5124933333333334,],
[0.4284088888888889,0.5715911111111112,],
[0.3969022222222222,0.6030977777777778,],
[0.4534977777777778,0.5465022222222222,],
[0.3764444444444444,0.6235555555555555,],
[0.6408133333333335,0.3591866666666667,],
[0.5510022222222222,0.4489977777777778,],
[0.4023022222222222,0.5976977777777777,],
[0.4345133333333333,0.5654866666666667,],
[0.5157644444444444,0.4842355555555556,],
[0.5677133333333334,0.4322866666666667,],
[0.5589911111111112,0.4410088888888889,],
[0.6522244444444445,0.3477755555555556,],
[0.3968377777777778,0.6031622222222223,],
[0.4142866666666667,0.5857133333333333,],
[0.3271422222222222,0.6728577777777778,],
[0.4569555555555556,0.5430444444444444,],
[0.5510955555555556,0.4489044444444444,],
[0.6288355555555556,0.3711644444444444,],
[0.4710622222222222,0.5289377777777777,],
[0.4045022222222222,0.5954977777777778,],
[0.6273555555555556,0.3726444444444444,],
[0.5615155555555555,0.4384844444444444,],
[0.5689022222222222,0.4310977777777777,],
[0.576468888888889,0.4235311111111111,],
[0.5528133333333333,0.4471866666666667,],
[0.4040955555555555,0.5959044444444445,],
[0.5033666666666667,0.4966333333333334,],
[0.6049088888888889,0.3950911111111111,],
[0.5888044444444444,0.4111955555555555,],
[0.4534577777777778,0.5465422222222223,],
[0.5470822222222222,0.4529177777777778,],
[0.4517600000000001,0.5482399999999999,],
[0.5624866666666667,0.4375133333333334,],
[0.6647733333333332,0.3352266666666666,],
[0.4985577777777778,0.5014422222222222,],
[0.6411933333333334,0.3588066666666667,],
[0.5884288888888889,0.4115711111111111,],
[0.4415577777777778,0.5584422222222223,],
[0.631508888888889,0.3684911111111111,],
[0.5683444444444445,0.4316555555555555,],
[0.6506822222222223,0.3493177777777778,],
[0.3931822222222223,0.6068177777777777,],
[0.69056,0.30944,],
[0.5499355555555556,0.4500644444444445,],
[0.5131733333333334,0.4868266666666666,],
[0.4370044444444445,0.5629955555555555,],
[0.3603422222222222,0.6396577777777779,],
[0.5873111111111111,0.4126888888888888,],
[0.6424333333333333,0.3575666666666666,],
[0.47876,0.52124,],
[0.5809288888888889,0.4190711111111111,],
[0.3696933333333333,0.6303066666666667,],
[0.4671555555555556,0.5328444444444443,],
[0.5249444444444444,0.4750555555555556,],
[0.3651622222222222,0.6348377777777777,],
[0.39154,0.6084599999999999,],
[0.5740955555555556,0.4259044444444444,],
[0.4477177777777778,0.5522822222222222,],
[0.403171111111111,0.5968288888888887,],
[0.4496688888888889,0.5503311111111112,],
[0.4017533333333334,0.5982466666666666,],
[0.4594777777777778,0.5405222222222223,],
[0.4599,0.5401,],
[0.6878466666666666,0.3121533333333333,],
[0.4915955555555556,0.5084044444444443,],
[0.3585177777777778,0.6414822222222223,],
[0.5933400000000001,0.40666,],
[0.4921333333333334,0.5078666666666666,],
[0.5605466666666666,0.4394533333333333,],
[0.4998666666666667,0.5001333333333333,],
[0.630808888888889,0.3691911111111111,],
[0.5346377777777778,0.4653622222222223,],
[0.4255977777777777,0.5744022222222223,],
[0.37068,0.6293200000000001,],
[0.58466,0.41534,],
[0.4594844444444445,0.5405155555555556,],
[0.6384777777777779,0.3615222222222223,],
[0.5201688888888889,0.4798311111111112,],
[0.5078622222222222,0.4921377777777778,],
[0.545528888888889,0.4544711111111111,],
[0.5065222222222222,0.4934777777777778,],
[0.5778822222222223,0.4221177777777778,],
[0.6591377777777777,0.3408622222222222,],
[0.5006155555555556,0.4993844444444444,],
[0.5419533333333333,0.4580466666666667,],
[0.3086666666666666,0.6913333333333332,],
[0.4102533333333333,0.5897466666666666,],
[0.3699355555555555,0.6300644444444444,],
[0.5329666666666667,0.4670333333333334,],
[0.5070266666666666,0.4929733333333333,],
[0.4410044444444445,0.5589955555555556,],
[0.4759244444444444,0.5240755555555555,],
[0.4637155555555556,0.5362844444444445,],
[0.5127422222222222,0.4872577777777777,],
[0.4393,0.5607,],
[0.52678,0.47322,],
[0.4017422222222222,0.5982577777777777,],
[0.65694,0.34306,],
[0.4907422222222222,0.5092577777777777,],
[0.4632244444444444,0.5367755555555555,],
[0.5152355555555554,0.4847644444444444,],
[0.6225200000000001,0.3774799999999999,],
[0.6354044444444444,0.3645955555555555,],
[0.4249622222222222,0.5750377777777779,],
[0.5034733333333333,0.4965266666666667,],
[0.5608377777777778,0.4391622222222222,],
[0.4532377777777778,0.5467622222222223,],
[0.4929555555555555,0.5070444444444444,],
[0.6277311111111111,0.3722688888888889,],
[0.5167044444444444,0.4832955555555555,],
[0.5048444444444444,0.4951555555555556,],
[0.57402,0.4259799999999999,],
[0.5873222222222222,0.4126777777777778,],
[0.3565355555555556,0.6434644444444444,],
[0.5888933333333333,0.4111066666666666,],
[0.4915844444444445,0.5084155555555555,],
[0.5049733333333333,0.4950266666666667,],
[0.5528377777777778,0.4471622222222222,],
[0.3757777777777777,0.6242222222222221,],
[0.5183066666666666,0.4816933333333333,],
[0.5136288888888889,0.4863711111111111,],
[0.5381822222222222,0.4618177777777778,],
[0.31286,0.68714,],
[0.4684888888888889,0.5315111111111112,],
[0.45862,0.54138,],
[0.4935888888888889,0.506411111111111,],
[0.3649044444444444,0.6350955555555556,],
[0.4840955555555556,0.5159044444444444,],
[0.4019222222222222,0.5980777777777777,],
[0.5326555555555555,0.4673444444444445,],
[0.4783111111111111,0.5216888888888889,],
[0.3872822222222222,0.6127177777777778,],
[0.4431288888888889,0.5568711111111112,],
[0.5093511111111111,0.4906488888888889,],
[0.5557311111111112,0.4442688888888889,],
[0.3492177777777777,0.6507822222222223,],
[0.4800022222222222,0.5199977777777778,],
[0.6554444444444444,0.3445555555555555,],
[0.6296377777777779,0.3703622222222222,],
[0.6463444444444445,0.3536555555555556,],
[0.5191555555555555,0.4808444444444445,],
[0.6660177777777777,0.3339822222222222,],
[0.5022644444444445,0.4977355555555556,],
[0.4088644444444444,0.5911355555555555,],
[0.5175066666666666,0.4824933333333333,],
[0.3799355555555555,0.6200644444444444,],
[0.4227244444444444,0.5772755555555557,],
[0.6182422222222222,0.3817577777777778,],
[0.5863822222222222,0.4136177777777778,],
[0.3395466666666666,0.6604533333333332,],
[0.5083111111111109,0.4916888888888889,],
[0.532951111111111,0.4670488888888889,],
[0.4913,0.5087,],
[0.4040888888888888,0.5959111111111111,],
[0.4911511111111111,0.5088488888888889,],
[0.41682,0.5831799999999999,],
[0.4616822222222223,0.5383177777777779,],
[0.5212800000000001,0.47872,],
[0.6311355555555557,0.3688644444444444,],
[0.3751755555555556,0.6248244444444445,],
[0.4946555555555555,0.5053444444444444,],
[0.4079377777777777,0.5920622222222222,],
[0.5824177777777778,0.4175822222222222,],
[0.6567444444444445,0.3432555555555556,],
[0.4463733333333333,0.5536266666666666,],
[0.4864088888888889,0.5135911111111111,],
[0.5214666666666666,0.4785333333333334,],
[0.6897888888888888,0.3102111111111111,],
[0.6653,0.3346999999999999,],
[0.4613533333333334,0.5386466666666667,],
[0.3306066666666667,0.6693933333333333,],
[0.49892,0.50108,],
[0.3638777777777778,0.6361222222222223,],
[0.4945311111111111,0.5054688888888887,],
[0.4687288888888889,0.5312711111111111,],
[0.4194555555555555,0.5805444444444445,],
[0.4637311111111111,0.5362688888888889,],
[0.6787777777777777,0.3212222222222222,],
[0.3726955555555556,0.6273044444444444,],
[0.4246577777777778,0.5753422222222223,],
[0.4446866666666667,0.5553133333333334,],
[0.4072511111111111,0.5927488888888889,],
[0.5011644444444444,0.4988355555555555,],
[0.6006422222222222,0.3993577777777778,],
[0.3502711111111111,0.649728888888889,],
[0.4089999999999999,0.591,],
[0.5039177777777778,0.4960822222222223,],
[0.5346288888888888,0.4653711111111112,],
[0.5016133333333332,0.4983866666666666,],
[0.4607377777777778,0.5392622222222222,],
[0.3650733333333333,0.6349266666666666,],
[0.5534111111111112,0.4465888888888889,],
[0.6032000000000001,0.3968,],
[0.4583,0.5417,],
[0.5125400000000001,0.48746,],
[0.3865955555555555,0.6134044444444445,],
[0.5126044444444444,0.4873955555555555,],
[0.3793466666666666,0.6206533333333334,],
[0.5520244444444445,0.4479755555555556,],
[0.6715266666666667,0.3284733333333333,],
[0.3699688888888888,0.6300311111111112,],
[0.4984022222222222,0.5015977777777777,],
[0.42384,0.5761600000000001,],
[0.6125822222222223,0.3874177777777777,],
[0.6640911111111111,0.3359088888888889,],
[0.5218022222222223,0.4781977777777778,],
[0.5259444444444444,0.4740555555555556,],
[0.6669177777777778,0.3330822222222222,],
[0.403211111111111,0.5967888888888888,],
[0.4440066666666667,0.5559933333333333,],
[0.5814266666666668,0.4185733333333332,],
[0.5122844444444444,0.4877155555555556,],
[0.5231644444444444,0.4768355555555556,],
[0.4116688888888889,0.588331111111111,],
[0.5461911111111112,0.4538088888888889,],
[0.5945555555555555,0.4054444444444444,],
[0.3585977777777778,0.6414022222222223,],
[0.5249733333333333,0.4750266666666667,],
[0.4508911111111111,0.549108888888889,],
[0.6262311111111111,0.3737688888888889,],
[0.57914,0.42086,],
[0.374,0.626,],
[0.5619977777777778,0.4380022222222222,],
[0.4942,0.5057999999999999,],
[0.4872311111111111,0.5127688888888889,],
[0.7336399999999998,0.26636,],
[0.5702755555555556,0.4297244444444445,],
[0.5491177777777778,0.4508822222222222,],
[0.5472,0.4528,],
[0.3736733333333333,0.6263266666666667,],
[0.574288888888889,0.425711111111111,],
[0.4872933333333333,0.5127066666666666,],
[0.4515755555555556,0.5484244444444445,],
[0.5811888888888889,0.4188111111111111,],
[0.3250377777777778,0.6749622222222222,],
[0.5380466666666667,0.4619533333333333,],
[0.5345244444444444,0.4654755555555556,],
[0.4080355555555555,0.5919644444444444,],
[0.4695400000000001,0.5304600000000002,],
[0.6043933333333334,0.3956066666666667,],
[0.4318955555555556,0.5681044444444445,],
[0.3871688888888888,0.6128311111111111,],
[0.61946,0.3805399999999999,],
[0.4581755555555556,0.5418244444444444,],
[0.3853044444444444,0.6146955555555554,],
[0.5588555555555557,0.4411444444444445,],
[0.4911155555555555,0.5088844444444444,],
[0.4694177777777778,0.5305822222222223,],
[0.5122244444444445,0.4877755555555556,],
[0.4334066666666667,0.5665933333333334,],
[0.5592622222222222,0.4407377777777778,],
[0.6491533333333334,0.3508466666666667,],
[0.6230022222222222,0.3769977777777778,],
[0.5900422222222221,0.4099577777777778,],
[0.5098066666666666,0.4901933333333333,],
[0.3771599999999999,0.6228400000000001,],
[0.3368177777777778,0.6631822222222221,],
[0.4629822222222222,0.5370177777777778,],
[0.5876133333333333,0.4123866666666666,],
[0.6470177777777778,0.3529822222222222,],
[0.5311022222222221,0.4688977777777779,],
[0.5172622222222222,0.4827377777777778,],
[0.4047244444444444,0.5952755555555557,],
[0.5027666666666666,0.4972333333333334,],
[0.3680155555555555,0.6319844444444446,],
[0.5167844444444445,0.4832155555555556,],
[0.3519755555555556,0.6480244444444445,],
[0.39006,0.60994,],
[0.4714666666666666,0.5285333333333333,],
[0.6081977777777777,0.3918022222222222,],
[0.5150933333333333,0.4849066666666667,],
[0.3491511111111111,0.6508488888888889,],
[0.4204977777777778,0.5795022222222223,],
[0.3514644444444444,0.6485355555555556,],
[0.6383266666666667,0.3616733333333333,],
[0.5435044444444445,0.4564955555555556,],
[0.6591222222222222,0.3408777777777778,],
[0.5606355555555556,0.4393644444444444,],
[0.6399600000000001,0.36004,],
[0.5868111111111111,0.4131888888888888,],
[0.4498266666666667,0.5501733333333334,],
[0.6974933333333333,0.3025066666666666,],
[0.2702311111111111,0.7297688888888888,],
[0.4640777777777778,0.5359222222222222,],
[0.4289822222222222,0.5710177777777777,],
[0.5490577777777778,0.4509422222222222,],
[0.5807755555555556,0.4192244444444444,],
[0.3478511111111112,0.652148888888889,],
[0.6174044444444444,0.3825955555555555,],
[0.5178733333333334,0.4821266666666667,],
[0.5641422222222222,0.4358577777777778,],
[0.6745955555555555,0.3254044444444444,],
[0.3179622222222222,0.6820377777777777,],
[0.5912844444444444,0.4087155555555555,],
[0.3876711111111111,0.6123288888888889,],
[0.4937822222222222,0.5062177777777777,],
[0.650328888888889,0.3496711111111111,],
[0.5121066666666667,0.4878933333333333,],
[0.3483777777777777,0.6516222222222222,],
[0.4109933333333333,0.5890066666666666,],
[0.5369022222222222,0.4630977777777778,],
[0.6332511111111111,0.3667488888888888,],
[0.5758577777777779,0.4241422222222222,],
[0.5150688888888888,0.4849311111111111,],
[0.5867688888888889,0.413231111111111,],
[0.5031111111111112,0.4968888888888889,],
[0.567628888888889,0.4323711111111111,],
[0.62956,0.37044,],
[0.39798,0.60202,],
[0.3742266666666666,0.6257733333333333,],
[0.5597422222222223,0.4402577777777777,],
[0.5811711111111111,0.4188288888888889,],
[0.5499777777777779,0.4500222222222222,],
[0.3766822222222222,0.6233177777777777,],
[0.40532,0.59468,],
[0.4586066666666667,0.5413933333333334,],
[0.4470444444444444,0.5529555555555555,],
[0.3794822222222222,0.6205177777777778,],
[0.3397288888888889,0.660271111111111,],
[0.4167911111111111,0.5832088888888888,],
[0.5641422222222222,0.4358577777777778,],
[0.47034,0.52966,],
[0.648908888888889,0.3510911111111111,],
[0.5274666666666666,0.4725333333333334,],
[0.3817444444444444,0.6182555555555556,],
[0.3399955555555555,0.6600044444444444,],
[0.6341755555555556,0.3658244444444445,],
[0.5507644444444444,0.4492355555555556,],
[0.5458933333333332,0.4541066666666667,],
[0.65296,0.34704,],
[0.3773044444444444,0.6226955555555556,],
[0.5449666666666667,0.4550333333333333,],
[0.4506088888888889,0.5493911111111112,],
[0.4989133333333333,0.5010866666666667,],
[0.5506444444444445,0.4493555555555555,],
[0.4765555555555555,0.5234444444444444,],
[0.4138555555555555,0.5861444444444445,],
[0.5216355555555556,0.4783644444444444,],
[0.4056244444444444,0.5943755555555555,],
[0.4712888888888889,0.5287111111111111,],
[0.4523066666666667,0.5476933333333334,],
[0.3801977777777777,0.6198022222222223,],
[0.3989333333333333,0.6010666666666666,],
[0.5435222222222222,0.4564777777777778,],
[0.4138377777777777,0.5861622222222223,],
[0.3493244444444444,0.6506755555555556,],
[0.6390866666666667,0.3609133333333334,],
[0.5142155555555555,0.4857844444444444,],
[0.5594755555555556,0.4405244444444444,],
[0.3584511111111111,0.6415488888888889,],
[0.4849355555555556,0.5150644444444444,],
[0.6939733333333333,0.3060266666666667,],
[0.5891555555555554,0.4108444444444445,],
[0.6009422222222223,0.3990577777777778,],
[0.4879977777777778,0.5120022222222222,],
[0.3852088888888889,0.6147911111111111,],
[0.6043666666666667,0.3956333333333333,],
[0.5517177777777778,0.4482822222222222,],
[0.3635733333333334,0.6364266666666667,],
[0.5838333333333333,0.4161666666666666,],
[0.3865822222222222,0.6134177777777778,],
[0.5892511111111111,0.4107488888888889,],
[0.5202822222222222,0.4797177777777778,],
[0.6271088888888889,0.3728911111111111,],
[0.6145066666666666,0.3854933333333333,],
[0.5648088888888889,0.4351911111111111,],
[0.40282,0.5971799999999999,],
[0.5230844444444445,0.4769155555555555,],
[0.4416311111111111,0.5583688888888889,],
[0.4294133333333333,0.5705866666666667,],
[0.567408888888889,0.4325911111111111,],
[0.5797533333333333,0.4202466666666667,],
[0.4853266666666667,0.5146733333333333,],
[0.4040377777777778,0.5959622222222222,],
[0.3815688888888888,0.618431111111111,],
[0.5138466666666667,0.4861533333333333,],
[0.3552444444444445,0.6447555555555555,],
[0.5291266666666667,0.4708733333333334,],
[0.6416377777777779,0.3583622222222222,],
[0.4784355555555556,0.5215644444444445,],
[0.4833733333333333,0.5166266666666667,],
[0.4691955555555555,0.5308044444444444,],
[0.4251377777777778,0.5748622222222223,],
[0.6267777777777778,0.3732222222222222,],
[0.6846955555555555,0.3153044444444445,],
[0.4636111111111111,0.5363888888888889,],
[0.4118222222222222,0.5881777777777777,],
[0.3763888888888888,0.6236111111111111,],
[0.3420622222222222,0.6579377777777777,],
[0.6170644444444444,0.3829355555555556,],
[0.6459333333333334,0.3540666666666666,],
[0.5020688888888889,0.4979311111111112,],
[0.4961577777777778,0.5038422222222222,],
[0.4302533333333333,0.5697466666666666,],
[0.4279355555555556,0.5720644444444444,],
[0.671611111111111,0.3283888888888889,],
[0.6079133333333333,0.3920866666666667,],
[0.5717977777777777,0.4282022222222222,],
[0.558348888888889,0.4416511111111111,],
[0.3800066666666667,0.6199933333333333,],
[0.4599622222222222,0.5400377777777778,],
[0.3118688888888889,0.688131111111111,],
[0.53672,0.46328,],
[0.4608333333333334,0.5391666666666667,],
[0.4817244444444444,0.5182755555555555,],
[0.4147955555555555,0.5852044444444444,],
[0.4834933333333333,0.5165066666666666,],
[0.4746933333333334,0.5253066666666666,],
[0.3608000000000001,0.6392,],
[0.5487333333333334,0.4512666666666667,],
[0.3557844444444445,0.6442155555555557,],
[0.4543422222222222,0.5456577777777778,],
[0.3685733333333333,0.6314266666666667,],
[0.5617111111111112,0.4382888888888889,],
[0.3781755555555555,0.6218244444444444,],
[0.5288955555555556,0.4711044444444445,],
[0.4613733333333334,0.5386266666666667,],
[0.5049111111111111,0.4950888888888889,],
[0.6665288888888888,0.3334711111111111,],
[0.5923266666666667,0.4076733333333333,],
[0.6090444444444444,0.3909555555555556,],
[0.5016488888888888,0.4983511111111111,],
[0.5762533333333335,0.4237466666666666,],
[0.3797977777777778,0.6202022222222223,],
[0.3456955555555555,0.6543044444444445,],
[0.6126466666666668,0.3873533333333333,],
[0.5443600000000001,0.45564,],
[0.4988977777777778,0.5011022222222222,],
[0.4270977777777777,0.5729022222222222,],
[0.4935066666666667,0.5064933333333334,],
[0.4259622222222221,0.5740377777777778,],
[0.5364111111111112,0.4635888888888889,],
[0.6408177777777779,0.3591822222222222,],
[0.5345577777777777,0.4654422222222223,],
[0.5527088888888888,0.4472911111111111,],
[0.6159311111111111,0.3840688888888889,],
[0.5113377777777778,0.4886622222222222,],
[0.2926088888888889,0.7073911111111111,],
[0.4469155555555556,0.5530844444444445,],
[0.4740133333333333,0.5259866666666666,],
[0.6164155555555555,0.3835844444444445,],
[0.4058311111111111,0.594168888888889,],
[0.6456222222222223,0.3543777777777777,],
[0.4193911111111111,0.580608888888889,],
[0.3210088888888888,0.678991111111111,],
[0.6011266666666667,0.3988733333333334,],
[0.30344,0.69656,],
[0.5077222222222223,0.4922777777777778,],
[0.4765688888888889,0.5234311111111111,],
[0.639948888888889,0.3600511111111111,],
[0.5239466666666666,0.4760533333333333,],
[0.5044644444444445,0.4955355555555556,],
[0.4116622222222222,0.5883377777777777,],
[0.6386666666666667,0.3613333333333334,],
[0.5153488888888889,0.4846511111111111,],
[0.3769577777777777,0.6230422222222223,],
[0.4610444444444445,0.5389555555555556,],
[0.3954422222222223,0.6045577777777779,],
[0.5400088888888889,0.4599911111111111,],
[0.3125666666666667,0.6874333333333333,],
[0.6500733333333334,0.3499266666666667,],
[0.4707000000000001,0.5293000000000001,],
[0.3595155555555555,0.6404844444444445,],
[0.5768711111111112,0.4231288888888888,],
[0.3476266666666667,0.6523733333333334,],
[0.4884288888888889,0.5115711111111111,],
[0.5675422222222223,0.4324577777777778,],
[0.3744933333333333,0.6255066666666665,],
[0.6438466666666667,0.3561533333333334,],
[0.4843644444444445,0.5156355555555555,],
[0.3575822222222222,0.6424177777777778,],
[0.3973844444444444,0.6026155555555556,],
[0.4842088888888889,0.5157911111111111,],
[0.5640711111111111,0.4359288888888889,],
[0.4476155555555555,0.5523844444444445,],
[0.3213199999999999,0.6786799999999999,],
[0.661431111111111,0.3385688888888889,],
[0.4385355555555556,0.5614644444444445,],
[0.5081222222222221,0.4918777777777778,],
[0.5969844444444444,0.4030155555555555,],
[0.3971066666666667,0.6028933333333333,],
[0.3101866666666667,0.6898133333333333,],
[0.4295377777777778,0.5704622222222222,],
[0.43378,0.5662200000000001,],
[0.5933533333333333,0.4066466666666666,],
[0.4650577777777778,0.5349422222222222,],
[0.5137222222222222,0.4862777777777778,],
[0.4525777777777778,0.5474222222222223,],
[0.5472600000000001,0.45274,],
[0.3453955555555556,0.6546044444444444,],
[0.5069422222222221,0.4930577777777778,],
[0.4486755555555555,0.5513244444444444,],
[0.5053933333333334,0.4946066666666667,],
[0.3934533333333333,0.6065466666666667,],
[0.3985711111111111,0.6014288888888889,],
[0.6318955555555557,0.3681044444444444,],
[0.6230888888888889,0.376911111111111,],
[0.5510488888888888,0.4489511111111111,],
[0.4332111111111111,0.566788888888889,],
[0.5251422222222222,0.4748577777777778,],
[0.5398400000000001,0.46016,],
[0.5843644444444444,0.4156355555555555,],
[0.4266955555555556,0.5733044444444445,],
[0.527008888888889,0.4729911111111111,],
[0.4943377777777778,0.5056622222222221,],
[0.5831933333333332,0.4168066666666666,],
[0.6005555555555555,0.3994444444444444,],
[0.33646,0.66354,],
[0.4678466666666667,0.5321533333333334,],
[0.6865422222222223,0.3134577777777778,],
[0.3449333333333333,0.6550666666666667,],
[0.60256,0.39744,],
[0.4608777777777778,0.5391222222222222,],
[0.4911866666666667,0.5088133333333333,],
[0.5931577777777778,0.4068422222222222,],
[0.6703,0.3297,],
[0.4102488888888889,0.589751111111111,],
[0.4373466666666666,0.5626533333333333,],
[0.4295466666666667,0.5704533333333334,],
[0.6248266666666666,0.3751733333333334,],
[0.3535755555555555,0.6464244444444446,],
[0.4108044444444444,0.5891955555555555,],
[0.4048888888888889,0.5951111111111111,],
[0.4789222222222222,0.5210777777777778,],
[0.45452,0.5454800000000001,],
[0.3849822222222222,0.6150177777777777,],
[0.6677955555555555,0.3322044444444444,],
[0.5654577777777778,0.4345422222222222,],
[0.4669044444444445,0.5330955555555554,],
[0.3517666666666667,0.6482333333333334,],
[0.5501488888888889,0.4498511111111111,],
[0.4209244444444444,0.5790755555555556,],
[0.3935644444444444,0.6064355555555555,],
[0.61388,0.38612,],
[0.6192444444444444,0.3807555555555555,],
[0.521588888888889,0.4784111111111111,],
[0.5801555555555555,0.4198444444444444,],
[0.4466555555555556,0.5533444444444444,],
[0.4853711111111111,0.5146288888888888,],
[0.3134111111111111,0.6865888888888889,],
[0.5951977777777778,0.4048022222222222,],
[0.5421733333333333,0.4578266666666666,],
[0.54788,0.45212,],
[0.58104,0.41896,],
[0.4339755555555556,0.5660244444444446,],
[0.6230666666666667,0.3769333333333333,],
[0.4129822222222221,0.5870177777777777,],
[0.5585133333333334,0.4414866666666667,],
[0.3739422222222222,0.6260577777777778,],
[0.5885533333333333,0.4114466666666667,],
[0.6327488888888889,0.367251111111111,],
[0.4727644444444445,0.5272355555555556,],
[0.5342755555555555,0.4657244444444445,],
[0.6934044444444445,0.3065955555555556,],
[0.6360888888888889,0.3639111111111111,],
[0.5208799999999999,0.47912,],
[0.5716933333333334,0.4283066666666666,],
[0.3730022222222222,0.6269977777777778,],
[0.4019688888888888,0.5980311111111111,],
[0.4465577777777778,0.5534422222222223,],
[0.3462688888888889,0.6537311111111112,],
[0.3984933333333333,0.6015066666666666,],
[0.4432644444444445,0.5567355555555557,],
[0.4938666666666667,0.5061333333333332,],
[0.4895822222222222,0.5104177777777777,],
[0.4222622222222221,0.5777377777777778,],
[0.6362155555555556,0.3637844444444445,],
[0.4253155555555556,0.5746844444444446,],
[0.4841955555555556,0.5158044444444444,],
[0.4553577777777778,0.5446422222222222,],
[0.55594,0.44406,],
[0.4122133333333333,0.5877866666666666,],
[0.5597577777777779,0.4402422222222222,],
[0.6339,0.3661,],
[0.5115555555555555,0.4884444444444445,],
[0.4158822222222222,0.5841177777777777,],
[0.56776,0.43224,],
[0.4759555555555555,0.5240444444444443,],
[0.5454111111111112,0.4545888888888889,],
[0.4253044444444444,0.5746955555555556,],
[0.5951333333333334,0.4048666666666666,],
[0.4501911111111111,0.549808888888889,],
[0.6080577777777778,0.3919422222222222,],
[0.4177311111111111,0.5822688888888888,],
[0.5061177777777777,0.4938822222222222,],
[0.3469177777777778,0.6530822222222222,],
[0.5189133333333333,0.4810866666666667,],
[0.4327422222222222,0.5672577777777779,],
[0.4126288888888888,0.5873711111111111,],
[0.4626422222222223,0.5373577777777778,],
[0.5496577777777779,0.4503422222222222,],
[0.6555488888888888,0.3444511111111111,],
[0.5127844444444445,0.4872155555555556,],
[0.5188111111111111,0.4811888888888888,],
[0.5984999999999999,0.4014999999999999,],
[0.4947711111111111,0.5052288888888888,],
[0.4670088888888889,0.5329911111111111,],
[0.59238,0.4076199999999999,],
[0.3819111111111111,0.6180888888888889,],
[0.5765955555555555,0.4234044444444444,],
[0.6214022222222223,0.3785977777777778,],
[0.45248,0.5475200000000001,],
[0.3849733333333333,0.6150266666666666,],
[0.5593688888888889,0.4406311111111111,],
[0.5014622222222223,0.4985377777777777,],
[0.4102711111111111,0.5897288888888889,],
[0.5168844444444444,0.4831155555555556,],
[0.3741688888888889,0.6258311111111111,],
[0.5100044444444445,0.4899955555555555,],
[0.4720622222222222,0.5279377777777777,],
[0.5367288888888889,0.4632711111111111,],
[0.6051288888888888,0.3948711111111111,],
[0.5061155555555554,0.4938844444444445,],
[0.5516933333333333,0.4483066666666666,],
[0.4958177777777777,0.5041822222222223,],
[0.3485288888888888,0.6514711111111111,],
[0.5998955555555555,0.4001044444444444,],
[0.3632422222222222,0.6367577777777778,],
[0.4448644444444445,0.5551355555555556,],
[0.33298,0.6670200000000001,],
[0.5823755555555555,0.4176244444444444,],
[0.5526466666666667,0.4473533333333334,],
[0.4869666666666667,0.5130333333333333,],
[0.3602866666666667,0.6397133333333335,],
[0.5394866666666668,0.4605133333333334,],
[0.3055866666666667,0.6944133333333333,],
[0.4183133333333333,0.5816866666666668,],
[0.5272555555555556,0.4727444444444445,],
[0.585431111111111,0.4145688888888889,],
[0.5099355555555556,0.4900644444444445,],
[0.628608888888889,0.371391111111111,],
[0.526231111111111,0.4737688888888889,],
[0.3979200000000001,0.6020800000000001,],
[0.68738,0.31262,],
[0.5761044444444445,0.4238955555555556,],
[0.5056177777777777,0.4943822222222222,],
[0.52062,0.47938,],
[0.5375377777777778,0.4624622222222222,],
[0.5950933333333334,0.4049066666666666,],
[0.6463866666666668,0.3536133333333333,],
[0.3702777777777778,0.6297222222222223,],
[0.5682511111111113,0.4317488888888888,],
[0.3945066666666667,0.6054933333333333,],
[0.4940444444444445,0.5059555555555555,],
[0.4513866666666667,0.5486133333333334,],
[0.35156,0.64844,],
[0.5762044444444445,0.4237955555555555,],
[0.3182622222222222,0.6817377777777778,],
[0.4755977777777777,0.5244022222222221,],
[0.4177822222222222,0.5822177777777778,],
[0.45954,0.5404600000000001,],
[0.5005066666666667,0.4994933333333333,],
[0.4285933333333333,0.5714066666666667,],
[0.3889311111111111,0.6110688888888889,],
[0.4218266666666666,0.5781733333333334,],
[0.5304200000000001,0.4695800000000001,],
[0.6370844444444445,0.3629155555555555,],
[0.48674,0.51326,],
[0.5266577777777777,0.4733422222222222,],
[0.4958311111111111,0.5041688888888889,],
[0.5763933333333334,0.4236066666666666,],
[0.4441555555555555,0.5558444444444445,],
[0.5242222222222221,0.4757777777777777,],
[0.3054777777777778,0.6945222222222223,],
[0.4336,0.5664,],
[0.5333466666666665,0.4666533333333333,],
[0.5412511111111112,0.4587488888888889,],
[0.4372,0.5628,],
[0.6470644444444446,0.3529355555555556,],
[0.4260399999999999,0.5739600000000001,],
[0.6088444444444444,0.3911555555555555,],
[0.5308866666666667,0.4691133333333334,],
[0.6418577777777777,0.3581422222222222,],
[0.4237266666666666,0.5762733333333335,],
[0.4550844444444445,0.5449155555555555,],
[0.4508466666666667,0.5491533333333334,],
[0.5442088888888889,0.4557911111111111,],
[0.3719688888888888,0.6280311111111111,],
[0.5551022222222222,0.4448977777777778,],
[0.4011577777777778,0.5988422222222222,],
[0.59212,0.4078799999999999,],
[0.4513466666666667,0.5486533333333334,],
[0.4072022222222222,0.5927977777777778,],
[0.51158,0.48842,],
[0.3993377777777777,0.6006622222222222,],
[0.3471444444444445,0.6528555555555555,],
[0.5072444444444443,0.4927555555555556,],
[0.3943,0.6056999999999999,],
[0.4618266666666667,0.5381733333333334,],
[0.3328111111111111,0.6671888888888889,],
[0.3690533333333333,0.6309466666666667,],
[0.4646488888888889,0.535351111111111,],
[0.6393577777777778,0.3606422222222223,],
[0.4830844444444445,0.5169155555555555,],
[0.4806377777777777,0.5193622222222223,],
[0.4618088888888889,0.5381911111111112,],
[0.3921288888888889,0.607871111111111,],
[0.4627622222222222,0.5372377777777778,],
[0.6110266666666667,0.3889733333333333,],
[0.5369711111111111,0.4630288888888889,],
[0.5418377777777779,0.4581622222222222,],
[0.5845377777777777,0.4154622222222222,],
[0.5555822222222222,0.4444177777777778,],
[0.3392644444444444,0.6607355555555555,],
[0.5983199999999999,0.40168,],
[0.3532288888888889,0.6467711111111112,],
[0.4749355555555556,0.5250644444444444,],
[0.4949488888888889,0.5050511111111111,],
[0.3691866666666666,0.6308133333333334,],
[0.4441933333333333,0.5558066666666667,],
[0.4813222222222222,0.5186777777777777,],
[0.3669088888888888,0.6330911111111112,],
[0.4574755555555556,0.5425244444444444,],
[0.6793044444444444,0.3206955555555556,],
[0.6194755555555556,0.3805244444444444,],
[0.4972777777777778,0.5027222222222222,],
[0.4043399999999999,0.59566,],
[0.6434000000000001,0.3566,],
[0.4128088888888888,0.587191111111111,],
[0.4167311111111111,0.5832688888888888,],
[0.3393955555555555,0.6606044444444443,],
[0.3952622222222222,0.6047377777777777,],
[0.6698444444444444,0.3301555555555555,],
[0.6192044444444446,0.3807955555555555,],
[0.3951866666666666,0.6048133333333333,],
[0.4884444444444445,0.5115555555555555,],
[0.3377777777777777,0.6622222222222222,],
[0.5021444444444444,0.4978555555555556,],
[0.4115977777777777,0.5884022222222222,],
[0.5462911111111112,0.4537088888888889,],
[0.5799044444444444,0.4200955555555556,],
[0.6149266666666666,0.3850733333333333,],
[0.6476822222222223,0.3523177777777778,],
[0.5111444444444445,0.4888555555555556,],
[0.4484644444444444,0.5515355555555556,],
[0.5286688888888889,0.4713311111111111,],
[0.3190866666666667,0.6809133333333334,],
[0.4820377777777778,0.5179622222222223,],
[0.4838844444444445,0.5161155555555554,],
[0.3798288888888889,0.6201711111111111,],
[0.4584955555555555,0.5415044444444445,],
[0.5774977777777779,0.4225022222222222,],
[0.4908977777777778,0.5091022222222222,],
[0.6110133333333333,0.3889866666666666,],
[0.5173644444444444,0.4826355555555555,],
[0.3382533333333333,0.6617466666666666,],
[0.4446555555555555,0.5553444444444445,],
[0.4970577777777778,0.5029422222222222,],
[0.4213,0.5787,],
[0.3665333333333333,0.6334666666666665,],
[0.3945822222222222,0.6054177777777777,],
[0.5237844444444444,0.4762155555555556,],
[0.5430155555555555,0.4569844444444445,],
[0.4785155555555556,0.5214844444444444,],
[0.4344444444444445,0.5655555555555556,],
[0.2968733333333333,0.7031266666666667,],
[0.4910244444444445,0.5089755555555555,],
[0.46194,0.53806,],
[0.6226933333333333,0.3773066666666667,],
[0.4305377777777777,0.5694622222222222,],
[0.4825177777777778,0.5174822222222222,],
[0.4052488888888888,0.5947511111111111,],
[0.33854,0.6614599999999999,],
[0.5492644444444444,0.4507355555555556,],
[0.4822688888888889,0.5177311111111111,],
[0.4137933333333333,0.5862066666666668,],
[0.6236466666666667,0.3763533333333333,],
[0.5799266666666667,0.4200733333333334,],
[0.5320266666666666,0.4679733333333334,],
[0.38844,0.61156,],
[0.3845466666666666,0.6154533333333333,],
[0.6541711111111111,0.3458288888888889,],
[0.5391155555555556,0.4608844444444445,],
[0.3896177777777777,0.6103822222222223,],
[0.3402688888888889,0.659731111111111,],
[0.4202533333333333,0.5797466666666666,],
[0.6269777777777777,0.3730222222222222,],
[0.5143133333333333,0.4856866666666667,],
[0.4910044444444445,0.5089955555555555,],
[0.4705333333333334,0.5294666666666666,],
[0.5889311111111111,0.4110688888888889,],
[0.4833155555555556,0.5166844444444444,],
[0.6674333333333333,0.3325666666666666,],
[0.5545577777777778,0.4454422222222222,],
[0.3405044444444444,0.6594955555555555,],
[0.4081044444444444,0.5918955555555556,],
[0.4142688888888889,0.5857311111111111,],
[0.3778577777777778,0.6221422222222222,],
[0.6251577777777778,0.3748422222222222,],
[0.4496777777777778,0.5503222222222223,],
[0.31404,0.68596,],
[0.5362622222222222,0.4637377777777778,],
[0.4007577777777778,0.5992422222222222,],
[0.4429711111111111,0.5570288888888889,],
[0.53054,0.4694600000000001,],
[0.596491111111111,0.4035088888888888,],
[0.4803266666666666,0.5196733333333333,],
[0.5642288888888889,0.4357711111111111,],
[0.3387333333333333,0.6612666666666667,],
[0.5627777777777778,0.4372222222222222,],
[0.6537644444444445,0.3462355555555555,],
[0.5772622222222223,0.4227377777777778,],
[0.4445133333333333,0.5554866666666668,],
[0.5290844444444445,0.4709155555555556,],
[0.3379466666666667,0.6620533333333332,],
[0.4471888888888889,0.552811111111111,],
[0.4525133333333334,0.5474866666666668,],
[0.4232355555555555,0.5767644444444445,],
[0.7128755555555556,0.2871244444444445,],
[0.4876577777777778,0.5123422222222223,],
[0.6315600000000001,0.3684399999999999,],
[0.4421222222222222,0.5578777777777778,],
[0.5027755555555555,0.4972244444444445,],
[0.46062,0.5393800000000001,],
[0.5380111111111111,0.4619888888888889,],
[0.4447266666666667,0.5552733333333334,],
[0.6653933333333333,0.3346066666666667,],
[0.4046533333333333,0.5953466666666667,],
[0.63526,0.36474,],
[0.5510822222222223,0.4489177777777778,],
[0.6281644444444445,0.3718355555555555,],
[0.5509311111111111,0.4490688888888889,],
[0.6111311111111112,0.3888688888888889,],
[0.4997733333333333,0.5002266666666667,],
[0.4932622222222223,0.5067377777777777,],
[0.58546,0.41454,],
[0.49286,0.5071399999999999,],
[0.4000333333333334,0.5999666666666666,],
[0.6196533333333333,0.3803466666666666,],
[0.5672266666666667,0.4327733333333333,],
[0.4363644444444444,0.5636355555555556,],
[0.3265288888888889,0.673471111111111,],
[0.5127644444444445,0.4872355555555556,],
[0.3489244444444444,0.6510755555555556,],
[0.5130088888888888,0.4869911111111111,],
[0.6342155555555555,0.3657844444444444,],
[0.5969488888888889,0.4030511111111111,],
[0.5553800000000001,0.44462,],
[0.4737222222222222,0.5262777777777777,],
[0.4368888888888889,0.5631111111111111,],
[0.4202111111111111,0.5797888888888889,],
[0.42898,0.57102,],
[0.4425866666666667,0.5574133333333333,],
[0.5017444444444444,0.4982555555555556,],
[0.5893022222222222,0.4106977777777777,],
[0.5061333333333332,0.4938666666666667,],
[0.5281533333333334,0.4718466666666667,],
[0.3185711111111111,0.6814288888888889,],
[0.5799955555555555,0.4200044444444444,],
[0.3711066666666666,0.6288933333333334,],
[0.5502955555555556,0.4497044444444445,],
[0.410671111111111,0.5893288888888888,],
[0.5483466666666666,0.4516533333333334,],
[0.5535355555555556,0.4464644444444444,],
[0.546308888888889,0.4536911111111111,],
[0.4234866666666667,0.5765133333333334,],
[0.5782022222222223,0.4217977777777778,],
[0.5305355555555555,0.4694644444444445,],
[0.5526288888888889,0.4473711111111112,],
[0.6560733333333333,0.3439266666666666,],
[0.4907488888888889,0.5092511111111111,],
[0.6041644444444445,0.3958355555555555,],
[0.3397066666666667,0.6602933333333332,],
[0.4951888888888889,0.5048111111111111,],
[0.4594066666666667,0.5405933333333335,],
[0.4253266666666667,0.5746733333333335,],
[0.4449888888888889,0.5550111111111111,],
[0.5247844444444445,0.4752155555555556,],
[0.4132644444444444,0.5867355555555556,],
[0.4460377777777778,0.5539622222222222,],
[0.4813177777777778,0.5186822222222222,],
[0.4189377777777777,0.5810622222222223,],
[0.3431644444444445,0.6568355555555555,],
[0.4900577777777778,0.5099422222222223,],
[0.5819133333333334,0.4180866666666666,],
[0.4500244444444444,0.5499755555555557,],
[0.49202,0.50798,],
[0.6342111111111112,0.3657888888888889,],
[0.4905288888888888,0.509471111111111,],
[0.4571044444444445,0.5428955555555556,],
[0.4928,0.5071999999999999,],
[0.56354,0.43646,],
[0.3734955555555555,0.6265044444444444,],
[0.4764266666666667,0.5235733333333333,],
[0.4587755555555556,0.5412244444444445,],
[0.5910111111111112,0.4089888888888888,],
[0.3865955555555555,0.6134044444444445,],
[0.5215822222222223,0.4784177777777778,],
[0.4131155555555555,0.5868844444444444,],
[0.3872777777777777,0.6127222222222222,],
[0.6157622222222222,0.3842377777777778,],
[0.4775155555555555,0.5224844444444445,],
[0.4941711111111111,0.5058288888888888,],
[0.5004088888888889,0.4995911111111112,],
[0.3156044444444444,0.6843955555555555,],
[0.49972,0.5002800000000001,],
[0.4347799999999999,0.5652199999999999,],
[0.3381155555555556,0.6618844444444444,],
[0.4864733333333334,0.5135266666666667,],
[0.5093711111111111,0.4906288888888889,],
[0.4670133333333333,0.5329866666666666,],
[0.4192155555555555,0.5807844444444445,],
[0.4723555555555556,0.5276444444444444,],
[0.5413244444444444,0.4586755555555556,],
[0.5813155555555556,0.4186844444444444,],
[0.3710422222222222,0.6289577777777777,],
[0.4496822222222223,0.5503177777777779,],
[0.4690466666666667,0.5309533333333334,],
];;
