gibbs_marginals := [
[0.5036444444444445,0.4963555555555555,],
[0.5481555555555555,0.4518444444444444,],
[0.6454977777777778,0.3545022222222222,],
[0.4126955555555555,0.5873044444444444,],
[0.5362533333333334,0.4637466666666667,],
[0.39546,0.6045400000000001,],
[0.4726088888888889,0.527391111111111,],
[0.5930444444444445,0.4069555555555555,],
[0.5608155555555555,0.4391844444444444,],
[0.5443977777777779,0.4556022222222222,],
[0.5263599999999999,0.4736399999999999,],
[0.4151555555555555,0.5848444444444444,],
[0.4374,0.5626000000000001,],
[0.4325222222222222,0.5674777777777777,],
[0.6320244444444446,0.3679755555555555,],
[0.4360955555555555,0.5639044444444444,],
[0.4484355555555555,0.5515644444444443,],
[0.6191022222222222,0.3808977777777777,],
[0.4451022222222222,0.5548977777777778,],
[0.5955111111111111,0.4044888888888888,],
[0.4528311111111111,0.5471688888888889,],
[0.47782,0.52218,],
[0.5882711111111111,0.4117288888888889,],
[0.65584,0.34416,],
[0.3719222222222222,0.6280777777777778,],
[0.5627044444444445,0.4372955555555555,],
[0.4481666666666667,0.5518333333333333,],
[0.4571666666666667,0.5428333333333334,],
[0.59044,0.4095599999999999,],
[0.5367266666666667,0.4632733333333334,],
[0.5325311111111111,0.4674688888888889,],
[0.3374155555555556,0.6625844444444444,],
[0.4938733333333333,0.5061266666666665,],
[0.4967644444444445,0.5032355555555555,],
[0.4704711111111112,0.5295288888888889,],
[0.3105866666666667,0.6894133333333332,],
[0.6624733333333332,0.3375266666666666,],
[0.4731844444444445,0.5268155555555556,],
[0.4730466666666667,0.5269533333333334,],
[0.3546177777777778,0.6453822222222223,],
[0.3577977777777778,0.6422022222222222,],
[0.4950422222222223,0.5049577777777777,],
[0.4445155555555556,0.5554844444444446,],
[0.59898,0.4010199999999999,],
[0.6332022222222221,0.3667977777777777,],
[0.3692844444444444,0.6307155555555556,],
[0.40882,0.5911799999999999,],
[0.4791777777777778,0.5208222222222222,],
[0.5770000000000002,0.4229999999999999,],
[0.60154,0.39846,],
[0.5223977777777778,0.4776022222222222,],
[0.4698466666666667,0.5301533333333334,],
[0.4745288888888889,0.525471111111111,],
[0.4841044444444444,0.5158955555555556,],
[0.6835999999999999,0.3164,],
[0.6144999999999999,0.3855,],
[0.5245488888888888,0.4754511111111111,],
[0.4102511111111111,0.5897488888888889,],
[0.3805466666666666,0.6194533333333334,],
[0.3933022222222222,0.6066977777777778,],
[0.3105,0.6895,],
[0.5799066666666667,0.4200933333333333,],
[0.5161333333333332,0.4838666666666667,],
[0.41042,0.58958,],
[0.45664,0.54336,],
[0.5576111111111112,0.4423888888888889,],
[0.5089399999999999,0.4910600000000001,],
[0.3632377777777778,0.6367622222222222,],
[0.4249866666666667,0.5750133333333334,],
[0.6339622222222223,0.3660377777777778,],
[0.3976733333333334,0.6023266666666667,],
[0.5122244444444445,0.4877755555555556,],
[0.4191422222222221,0.5808577777777778,],
[0.5961466666666667,0.4038533333333332,],
[0.562848888888889,0.4371511111111111,],
[0.5097933333333333,0.4902066666666667,],
[0.4151088888888889,0.5848911111111111,],
[0.5014511111111111,0.4985488888888889,],
[0.4606711111111111,0.539328888888889,],
[0.3462622222222222,0.6537377777777778,],
[0.4947622222222222,0.5052377777777777,],
[0.6202666666666667,0.3797333333333333,],
[0.348,0.652,],
[0.66574,0.33426,],
[0.51964,0.48036,],
[0.5314666666666668,0.4685333333333334,],
[0.6857222222222222,0.3142777777777778,],
[0.5401177777777778,0.4598822222222222,],
[0.6396244444444446,0.3603755555555556,],
[0.4063866666666666,0.5936133333333333,],
[0.4675955555555555,0.5324044444444445,],
[0.6111355555555557,0.3888644444444445,],
[0.5943288888888889,0.4056711111111111,],
[0.5194733333333333,0.4805266666666667,],
[0.4273066666666667,0.5726933333333334,],
[0.5070466666666666,0.4929533333333334,],
[0.6331155555555555,0.3668844444444443,],
[0.6449311111111111,0.3550688888888889,],
[0.4688022222222223,0.5311977777777778,],
[0.5291444444444445,0.4708555555555556,],
[0.4208622222222222,0.5791377777777778,],
[0.5050822222222222,0.4949177777777778,],
[0.4097777777777777,0.5902222222222221,],
[0.5972422222222221,0.4027577777777778,],
[0.7052488888888889,0.2947511111111111,],
[0.4653422222222223,0.5346577777777777,],
[0.5261577777777778,0.4738422222222222,],
[0.6015088888888889,0.3984911111111111,],
[0.6506133333333334,0.3493866666666667,],
[0.5242355555555555,0.4757644444444444,],
[0.5718822222222223,0.4281177777777778,],
[0.6428777777777778,0.3571222222222222,],
[0.4987666666666667,0.5012333333333333,],
[0.5980244444444444,0.4019755555555555,],
[0.3527533333333333,0.6472466666666666,],
[0.4194155555555555,0.5805844444444445,],
[0.5953888888888889,0.4046111111111111,],
[0.3102688888888889,0.6897311111111112,],
[0.5689466666666667,0.4310533333333333,],
[0.5148577777777776,0.4851422222222221,],
[0.4152244444444444,0.5847755555555555,],
[0.3069266666666667,0.6930733333333334,],
[0.4932955555555556,0.5067044444444444,],
[0.3995422222222222,0.6004577777777778,],
[0.6039666666666667,0.3960333333333333,],
[0.48536,0.5146399999999999,],
[0.3587066666666666,0.6412933333333334,],
[0.4831533333333333,0.5168466666666666,],
[0.4759644444444444,0.5240355555555555,],
[0.6514955555555555,0.3485044444444444,],
[0.5788,0.4212,],
[0.3225111111111111,0.6774888888888889,],
[0.6546155555555556,0.3453844444444444,],
[0.4710466666666667,0.5289533333333333,],
[0.3362866666666667,0.6637133333333333,],
[0.5464977777777777,0.4535022222222223,],
[0.4875244444444444,0.5124755555555556,],
[0.605591111111111,0.3944088888888889,],
[0.4531977777777778,0.5468022222222222,],
[0.3345288888888888,0.665471111111111,],
[0.5268266666666667,0.4731733333333333,],
[0.2977466666666667,0.7022533333333334,],
[0.5298200000000001,0.4701800000000001,],
[0.655931111111111,0.3440688888888888,],
[0.4101644444444444,0.5898355555555556,],
[0.4500711111111111,0.5499288888888889,],
[0.43218,0.5678200000000001,],
[0.5855355555555556,0.4144644444444444,],
[0.4870755555555556,0.5129244444444444,],
[0.3589,0.6411000000000001,],
[0.5811377777777778,0.4188622222222222,],
[0.5318688888888889,0.4681311111111111,],
[0.2955311111111111,0.704468888888889,],
[0.5858266666666666,0.4141733333333333,],
[0.4697711111111111,0.530228888888889,],
[0.4459111111111111,0.5540888888888889,],
[0.7302799999999999,0.26972,],
[0.4698688888888889,0.5301311111111111,],
[0.7114022222222223,0.2885977777777778,],
[0.5514222222222221,0.4485777777777777,],
[0.5452177777777778,0.4547822222222223,],
[0.5394533333333335,0.4605466666666667,],
[0.3611466666666667,0.6388533333333334,],
[0.5551222222222222,0.4448777777777778,],
[0.40568,0.59432,],
[0.3407444444444444,0.6592555555555556,],
[0.3650555555555555,0.6349444444444444,],
[0.5114422222222221,0.4885577777777778,],
[0.5431666666666667,0.4568333333333334,],
[0.6377177777777778,0.3622822222222222,],
[0.4587333333333333,0.5412666666666668,],
[0.4207533333333333,0.5792466666666667,],
[0.3746866666666667,0.6253133333333333,],
[0.5328488888888888,0.4671511111111111,],
[0.649708888888889,0.3502911111111111,],
[0.4956511111111111,0.5043488888888888,],
[0.3871311111111111,0.6128688888888889,],
[0.5892066666666665,0.4107933333333333,],
[0.3971733333333334,0.6028266666666666,],
[0.2883666666666667,0.7116333333333335,],
[0.6112666666666667,0.3887333333333333,],
[0.5395800000000002,0.4604200000000001,],
[0.4504311111111111,0.549568888888889,],
[0.58538,0.4146199999999999,],
[0.44094,0.5590600000000001,],
[0.3364711111111111,0.6635288888888888,],
[0.3703688888888889,0.6296311111111111,],
[0.5197555555555555,0.4802444444444444,],
[0.4671955555555556,0.5328044444444444,],
[0.4876911111111111,0.5123088888888889,],
[0.3662911111111111,0.6337088888888889,],
[0.4873333333333333,0.5126666666666666,],
[0.47538,0.52462,],
[0.3294133333333333,0.6705866666666666,],
[0.4279355555555556,0.5720644444444444,],
[0.4925177777777778,0.5074822222222222,],
[0.6298711111111112,0.3701288888888888,],
[0.3990844444444444,0.6009155555555555,],
[0.3840244444444444,0.6159755555555555,],
[0.33862,0.6613799999999999,],
[0.3939533333333333,0.6060466666666666,],
[0.575308888888889,0.4246911111111111,],
[0.5786111111111111,0.4213888888888889,],
[0.6069822222222222,0.3930177777777777,],
[0.4452688888888889,0.5547311111111111,],
[0.6582977777777778,0.3417022222222222,],
[0.6065844444444445,0.3934155555555556,],
[0.5483977777777779,0.4516022222222222,],
[0.4766888888888888,0.5233111111111112,],
[0.5802133333333334,0.4197866666666666,],
[0.5741622222222222,0.4258377777777777,],
[0.496908888888889,0.5030911111111112,],
[0.5815377777777778,0.4184622222222222,],
[0.5445977777777777,0.4554022222222222,],
[0.5427977777777778,0.4572022222222223,],
[0.3250066666666667,0.6749933333333333,],
[0.4544844444444444,0.5455155555555556,],
[0.470028888888889,0.5299711111111111,],
[0.4343688888888889,0.5656311111111112,],
[0.3760599999999999,0.6239399999999999,],
[0.3235111111111111,0.6764888888888888,],
[0.4480533333333334,0.5519466666666667,],
[0.49312,0.5068799999999999,],
[0.4333066666666667,0.5666933333333334,],
[0.4324644444444445,0.5675355555555556,],
[0.4531888888888889,0.5468111111111111,],
[0.61064,0.38936,],
[0.5995266666666667,0.4004733333333333,],
[0.5846222222222222,0.4153777777777778,],
[0.7004977777777778,0.2995022222222222,],
[0.3084644444444445,0.6915355555555555,],
[0.576848888888889,0.423151111111111,],
[0.63978,0.36022,],
[0.4500777777777778,0.5499222222222223,],
[0.4192533333333333,0.5807466666666667,],
[0.5098088888888889,0.4901911111111111,],
[0.5727911111111111,0.4272088888888889,],
[0.4380022222222222,0.5619977777777778,],
[0.5205866666666666,0.4794133333333334,],
[0.5456355555555555,0.4543644444444445,],
[0.3646177777777777,0.6353822222222223,],
[0.4647733333333334,0.5352266666666666,],
[0.2944911111111111,0.7055088888888889,],
[0.3733666666666666,0.6266333333333333,],
[0.5906755555555555,0.4093244444444444,],
[0.3489622222222222,0.6510377777777778,],
[0.421151111111111,0.5788488888888889,],
[0.5894022222222222,0.4105977777777777,],
[0.6454022222222223,0.3545977777777778,],
[0.5640355555555556,0.4359644444444444,],
[0.6169422222222223,0.3830577777777778,],
[0.5446266666666667,0.4553733333333334,],
[0.2944422222222222,0.7055577777777777,],
[0.4523866666666667,0.5476133333333334,],
[0.3701711111111111,0.6298288888888889,],
[0.5292177777777778,0.4707822222222223,],
[0.4962777777777778,0.5037222222222223,],
[0.6229955555555555,0.3770044444444444,],
[0.3776866666666666,0.6223133333333334,],
[0.5809733333333333,0.4190266666666666,],
[0.6626333333333333,0.3373666666666666,],
[0.37514,0.6248600000000001,],
[0.4227333333333333,0.5772666666666668,],
[0.3620333333333333,0.6379666666666667,],
[0.4977644444444445,0.5022355555555555,],
[0.5467911111111111,0.4532088888888889,],
[0.4095577777777777,0.5904422222222222,],
[0.55738,0.44262,],
[0.5005333333333334,0.4994666666666667,],
[0.4079377777777777,0.5920622222222222,],
[0.5196466666666667,0.4803533333333333,],
[0.7047422222222223,0.2952577777777777,],
[0.4336711111111111,0.5663288888888889,],
[0.4861533333333333,0.5138466666666667,],
[0.6472266666666666,0.3527733333333333,],
[0.4749377777777777,0.5250622222222222,],
[0.40528,0.59472,],
[0.52826,0.47174,],
[0.5750911111111112,0.4249088888888889,],
[0.5514666666666667,0.4485333333333333,],
[0.5492733333333333,0.4507266666666667,],
[0.3548177777777778,0.6451822222222222,],
[0.4502155555555556,0.5497844444444446,],
[0.4188133333333333,0.5811866666666666,],
[0.3719799999999999,0.62802,],
[0.6407044444444445,0.3592955555555555,],
[0.5038444444444444,0.4961555555555556,],
[0.6869555555555555,0.3130444444444444,],
[0.4319333333333333,0.5680666666666667,],
[0.5367155555555556,0.4632844444444444,],
[0.3238733333333333,0.6761266666666667,],
[0.39522,0.60478,],
[0.2967933333333334,0.7032066666666668,],
[0.4494844444444445,0.5505155555555555,],
[0.4319244444444444,0.5680755555555557,],
[0.4291733333333334,0.5708266666666667,],
[0.640468888888889,0.3595311111111111,],
[0.5694755555555555,0.4305244444444444,],
[0.3956511111111111,0.6043488888888889,],
[0.4320733333333333,0.5679266666666668,],
[0.4442666666666666,0.5557333333333334,],
[0.5834177777777777,0.4165822222222221,],
[0.50896,0.49104,],
[0.6614422222222222,0.3385577777777778,],
[0.3705955555555556,0.6294044444444445,],
[0.4259466666666666,0.5740533333333333,],
[0.3188577777777778,0.6811422222222222,],
[0.4328399999999999,0.5671600000000001,],
[0.6212533333333333,0.3787466666666666,],
[0.6770355555555556,0.3229644444444444,],
[0.4391066666666666,0.5608933333333334,],
[0.3652755555555555,0.6347244444444444,],
[0.6273288888888889,0.3726711111111111,],
[0.5145288888888889,0.4854711111111111,],
[0.605771111111111,0.3942288888888889,],
[0.4766977777777777,0.5233022222222222,],
[0.5194755555555555,0.4805244444444444,],
[0.4378288888888889,0.5621711111111112,],
[0.5410955555555556,0.4589044444444444,],
[0.6507044444444445,0.3492955555555555,],
[0.6360733333333334,0.3639266666666667,],
[0.4414444444444444,0.5585555555555556,],
[0.4813266666666667,0.5186733333333333,],
[0.521548888888889,0.4784511111111111,],
[0.5476933333333334,0.4523066666666667,],
[0.6173822222222222,0.3826177777777777,],
[0.3688111111111111,0.6311888888888889,],
[0.6904088888888887,0.3095911111111112,],
[0.6210511111111111,0.3789488888888889,],
[0.4069111111111111,0.5930888888888889,],
[0.62398,0.37602,],
[0.6262688888888889,0.3737311111111111,],
[0.6202977777777778,0.3797022222222222,],
[0.4357644444444444,0.5642355555555556,],
[0.6911111111111111,0.3088888888888889,],
[0.5464866666666667,0.4535133333333334,],
[0.4922755555555556,0.5077244444444444,],
[0.4384755555555555,0.5615244444444444,],
[0.3434577777777778,0.6565422222222221,],
[0.6004022222222222,0.3995977777777778,],
[0.686208888888889,0.3137911111111111,],
[0.4894511111111111,0.5105488888888889,],
[0.6085799999999999,0.39142,],
[0.3692422222222222,0.6307577777777779,],
[0.4410555555555555,0.5589444444444445,],
[0.4807577777777778,0.5192422222222223,],
[0.2917644444444444,0.7082355555555556,],
[0.3950977777777777,0.6049022222222222,],
[0.6517755555555556,0.3482244444444444,],
[0.4438311111111111,0.5561688888888888,],
[0.3764288888888889,0.6235711111111111,],
[0.4084866666666666,0.5915133333333332,],
[0.5173333333333333,0.4826666666666667,],
[0.4284777777777778,0.5715222222222223,],
[0.4231755555555555,0.5768244444444446,],
[0.6641288888888889,0.3358711111111111,],
[0.5019688888888889,0.4980311111111111,],
[0.25894,0.7410599999999999,],
[0.5522888888888889,0.4477111111111111,],
[0.4708955555555556,0.5291044444444445,],
[0.5675488888888889,0.4324511111111111,],
[0.497848888888889,0.5021511111111111,],
[0.6266888888888889,0.3733111111111111,],
[0.5194711111111111,0.4805288888888888,],
[0.4072266666666666,0.5927733333333333,],
[0.3819755555555556,0.6180244444444445,],
[0.5761666666666668,0.4238333333333333,],
[0.5120688888888889,0.4879311111111111,],
[0.6896666666666667,0.3103333333333333,],
[0.5163933333333333,0.4836066666666667,],
[0.4769333333333333,0.5230666666666667,],
[0.5600822222222221,0.4399177777777777,],
[0.5030622222222223,0.4969377777777778,],
[0.6364911111111111,0.3635088888888889,],
[0.6754577777777777,0.3245422222222223,],
[0.4937711111111112,0.5062288888888888,],
[0.5497022222222223,0.4502977777777777,],
[0.3269666666666667,0.6730333333333333,],
[0.5048266666666666,0.4951733333333334,],
[0.4931333333333333,0.5068666666666667,],
[0.6006466666666667,0.3993533333333333,],
[0.5469044444444445,0.4530955555555556,],
[0.4093511111111111,0.5906488888888889,],
[0.4748577777777778,0.5251422222222222,],
[0.4263355555555555,0.5736644444444445,],
[0.5165866666666666,0.4834133333333333,],
[0.4458955555555555,0.5541044444444445,],
[0.5234666666666666,0.4765333333333333,],
[0.3937488888888889,0.606251111111111,],
[0.7019377777777778,0.2980622222222222,],
[0.5541577777777779,0.4458422222222223,],
[0.4262377777777778,0.5737622222222223,],
[0.4694777777777778,0.5305222222222222,],
[0.659711111111111,0.3402888888888889,],
[0.5721044444444444,0.4278955555555556,],
[0.4450244444444444,0.5549755555555556,],
[0.5617866666666665,0.4382133333333333,],
[0.5249422222222222,0.4750577777777778,],
[0.4508044444444445,0.5491955555555557,],
[0.5277799999999999,0.47222,],
[0.6582088888888888,0.341791111111111,],
[0.4471288888888889,0.5528711111111111,],
[0.46364,0.5363600000000001,],
[0.6143911111111111,0.3856088888888888,],
[0.5976066666666667,0.4023933333333333,],
[0.3456333333333333,0.6543666666666668,],
[0.6347444444444444,0.3652555555555556,],
[0.4865977777777778,0.5134022222222223,],
[0.4787844444444445,0.5212155555555557,],
[0.4873733333333333,0.5126266666666667,],
[0.4131888888888888,0.5868111111111111,],
[0.49792,0.50208,],
[0.5205555555555555,0.4794444444444444,],
[0.5857777777777777,0.4142222222222222,],
[0.3452422222222222,0.6547577777777779,],
[0.4567777777777778,0.5432222222222223,],
[0.4705866666666668,0.5294133333333333,],
[0.5024333333333333,0.4975666666666667,],
[0.3244022222222223,0.6755977777777777,],
[0.5284444444444445,0.4715555555555556,],
[0.46696,0.53304,],
[0.5354555555555556,0.4645444444444445,],
[0.3669933333333333,0.6330066666666666,],
[0.362,0.638,],
[0.4738888888888889,0.5261111111111111,],
[0.4968244444444445,0.5031755555555556,],
[0.5932555555555555,0.4067444444444444,],
[0.3379622222222222,0.6620377777777776,],
[0.4823644444444444,0.5176355555555555,],
[0.5880399999999999,0.4119599999999999,],
[0.5346955555555555,0.4653044444444445,],
[0.6441955555555556,0.3558044444444445,],
[0.47552,0.5244799999999999,],
[0.6617222222222221,0.3382777777777778,],
[0.5354044444444443,0.4645955555555556,],
[0.4602533333333333,0.5397466666666667,],
[0.4558155555555556,0.5441844444444445,],
[0.3866955555555556,0.6133044444444445,],
[0.3824066666666667,0.6175933333333332,],
[0.6582199999999999,0.34178,],
[0.6115688888888888,0.3884311111111111,],
[0.3020133333333333,0.6979866666666666,],
[0.44964,0.5503600000000001,],
[0.5924733333333333,0.4075266666666666,],
[0.5454,0.4546,],
[0.3624155555555555,0.6375844444444445,],
[0.4267488888888889,0.5732511111111112,],
[0.4255133333333334,0.5744866666666667,],
[0.5065688888888888,0.4934311111111112,],
[0.4892511111111111,0.5107488888888888,],
[0.6005533333333333,0.3994466666666667,],
[0.3349644444444443,0.6650355555555555,],
[0.5042066666666667,0.4957933333333333,],
[0.3724533333333333,0.6275466666666666,],
[0.558748888888889,0.4412511111111111,],
[0.5930222222222222,0.4069777777777778,],
[0.4612688888888889,0.5387311111111112,],
[0.5109955555555555,0.4890044444444445,],
[0.5672822222222222,0.4327177777777778,],
[0.7207777777777779,0.2792222222222222,],
[0.5635822222222222,0.4364177777777778,],
[0.5362022222222222,0.4637977777777778,],
[0.3962622222222222,0.6037377777777778,],
[0.4881044444444445,0.5118955555555555,],
[0.38018,0.6198199999999999,],
[0.5348066666666667,0.4651933333333334,],
[0.5333888888888888,0.4666111111111111,],
[0.4020666666666666,0.5979333333333332,],
[0.46206,0.53794,],
[0.7601266666666666,0.2398733333333333,],
[0.35866,0.6413400000000001,],
[0.4190577777777778,0.5809422222222222,],
[0.4252977777777778,0.5747022222222223,],
[0.3703133333333333,0.6296866666666667,],
[0.5772533333333334,0.4227466666666667,],
[0.6641822222222221,0.3358177777777777,],
[0.39788,0.6021200000000001,],
[0.4052888888888889,0.5947111111111111,],
[0.5078488888888888,0.4921511111111112,],
[0.5434755555555555,0.4565244444444445,],
[0.4979000000000001,0.5021,],
[0.4765133333333333,0.5234866666666667,],
[0.4415266666666667,0.5584733333333334,],
[0.5217977777777778,0.4782022222222222,],
[0.5527266666666666,0.4472733333333334,],
[0.4784888888888889,0.5215111111111111,],
[0.5658955555555556,0.4341044444444445,],
[0.3917844444444444,0.6082155555555555,],
[0.5262488888888888,0.4737511111111111,],
[0.3838977777777777,0.6161022222222222,],
[0.5572555555555555,0.4427444444444444,],
[0.6282733333333335,0.3717266666666666,],
[0.3323911111111111,0.6676088888888888,],
[0.4690866666666667,0.5309133333333333,],
[0.4273444444444445,0.5726555555555556,],
[0.6733844444444443,0.3266155555555556,],
[0.7227022222222224,0.2772977777777778,],
[0.6334688888888887,0.366531111111111,],
[0.5501733333333334,0.4498266666666667,],
[0.5895,0.4105,],
[0.3807422222222221,0.6192577777777778,],
[0.4518066666666667,0.5481933333333333,],
[0.6060777777777777,0.3939222222222222,],
[0.5070688888888888,0.4929311111111112,],
[0.5456688888888889,0.4543311111111111,],
[0.4533177777777778,0.5466822222222223,],
[0.49474,0.5052599999999999,],
[0.6175355555555555,0.3824644444444444,],
[0.3676844444444444,0.6323155555555556,],
[0.5504955555555556,0.4495044444444445,],
[0.5191288888888889,0.4808711111111111,],
[0.5631644444444445,0.4368355555555555,],
[0.5605422222222222,0.4394577777777778,],
[0.39842,0.60158,],
[0.5506844444444444,0.4493155555555555,],
[0.5537133333333334,0.4462866666666667,],
[0.500588888888889,0.4994111111111111,],
[0.669051111111111,0.3309488888888888,],
[0.6453200000000001,0.35468,],
[0.5708711111111111,0.4291288888888889,],
[0.5727755555555556,0.4272244444444444,],
[0.3099977777777778,0.6900022222222222,],
[0.5692022222222222,0.4307977777777777,],
[0.4924955555555556,0.5075044444444444,],
[0.4979488888888889,0.5020511111111111,],
[0.5984244444444444,0.4015755555555555,],
[0.3133644444444444,0.6866355555555557,],
[0.570308888888889,0.4296911111111111,],
[0.583948888888889,0.4160511111111111,],
[0.3588244444444444,0.6411755555555556,],
[0.4235244444444444,0.5764755555555556,],
[0.60344,0.39656,],
[0.4614400000000001,0.53856,],
[0.4027377777777778,0.5972622222222221,],
[0.6854244444444445,0.3145755555555556,],
[0.5108355555555555,0.4891644444444445,],
[0.4155488888888889,0.5844511111111111,],
[0.5530955555555556,0.4469044444444444,],
[0.5191866666666667,0.4808133333333333,],
[0.4563711111111112,0.5436288888888888,],
[0.5060733333333332,0.4939266666666667,],
[0.4851666666666666,0.5148333333333334,],
[0.5676711111111111,0.4323288888888889,],
[0.6298444444444444,0.3701555555555555,],
[0.63444,0.3655599999999999,],
[0.5703911111111111,0.4296088888888889,],
[0.5168733333333333,0.4831266666666667,],
[0.3326177777777777,0.6673822222222222,],
[0.4314466666666666,0.5685533333333335,],
[0.48048,0.51952,],
[0.5918600000000001,0.4081399999999999,],
[0.6218777777777778,0.3781222222222222,],
[0.5379888888888888,0.4620111111111112,],
[0.5219888888888888,0.4780111111111111,],
[0.37874,0.62126,],
[0.4607244444444444,0.5392755555555556,],
[0.3968533333333333,0.6031466666666667,],
[0.4758666666666667,0.5241333333333332,],
[0.2859533333333333,0.7140466666666667,],
[0.3795377777777778,0.6204622222222222,],
[0.5100022222222222,0.4899977777777778,],
[0.6708755555555554,0.3291244444444444,],
[0.4933533333333334,0.5066466666666666,],
[0.3738711111111111,0.6261288888888888,],
[0.4054111111111111,0.5945888888888888,],
[0.2904466666666667,0.7095533333333334,],
[0.6719888888888889,0.3280111111111111,],
[0.538448888888889,0.4615511111111111,],
[0.66926,0.33074,],
[0.5755666666666667,0.4244333333333333,],
[0.6274711111111112,0.3725288888888888,],
[0.6501044444444446,0.3498955555555556,],
[0.4665,0.5335,],
[0.6615266666666666,0.3384733333333333,],
[0.3269488888888889,0.673051111111111,],
[0.4851822222222222,0.5148177777777777,],
[0.4689044444444445,0.5310955555555555,],
[0.50914,0.49086,],
[0.5816066666666668,0.4183933333333333,],
[0.3725199999999999,0.62748,],
[0.5855066666666666,0.4144933333333333,],
[0.5527555555555554,0.4472444444444445,],
[0.6230133333333333,0.3769866666666666,],
[0.6867311111111111,0.3132688888888889,],
[0.3539177777777778,0.6460822222222222,],
[0.5977177777777777,0.4022822222222222,],
[0.4176488888888888,0.5823511111111112,],
[0.4790822222222222,0.5209177777777777,],
[0.6275866666666666,0.3724133333333333,],
[0.4989688888888889,0.5010311111111111,],
[0.4101399999999999,0.5898599999999999,],
[0.5206555555555555,0.4793444444444445,],
[0.5618022222222222,0.4381977777777778,],
[0.7039911111111111,0.2960088888888889,],
[0.5038644444444444,0.4961355555555556,],
[0.5746244444444445,0.4253755555555556,],
[0.613508888888889,0.3864911111111111,],
[0.4819222222222223,0.5180777777777777,],
[0.5743066666666666,0.4256933333333333,],
[0.6339244444444445,0.3660755555555555,],
[0.4038466666666666,0.5961533333333333,],
[0.3447488888888889,0.6552511111111111,],
[0.5011355555555556,0.4988644444444444,],
[0.5777933333333334,0.4222066666666667,],
[0.6016866666666666,0.3983133333333334,],
[0.3592066666666667,0.6407933333333334,],
[0.4058777777777778,0.5941222222222223,],
[0.43828,0.56172,],
[0.5055088888888888,0.4944911111111112,],
[0.3788044444444444,0.6211955555555556,],
[0.32128,0.6787199999999999,],
[0.4437355555555555,0.5562644444444445,],
[0.5521955555555556,0.4478044444444445,],
[0.5101822222222222,0.4898177777777777,],
[0.6441955555555556,0.3558044444444445,],
[0.5139422222222223,0.4860577777777778,],
[0.4016088888888888,0.598391111111111,],
[0.349231111111111,0.650768888888889,],
[0.6161533333333332,0.3838466666666667,],
[0.5747400000000001,0.42526,],
[0.5965577777777777,0.4034422222222222,],
[0.6483022222222222,0.3516977777777778,],
[0.3757755555555555,0.6242244444444444,],
[0.5545022222222222,0.4454977777777778,],
[0.3959777777777778,0.6040222222222222,],
[0.5275711111111111,0.472428888888889,],
[0.5595644444444444,0.4404355555555556,],
[0.4787555555555555,0.5212444444444445,],
[0.4013244444444444,0.5986755555555555,],
[0.5263622222222222,0.4736377777777778,],
[0.4511355555555556,0.5488644444444445,],
[0.4261111111111111,0.573888888888889,],
[0.55084,0.4491599999999999,],
[0.3813466666666666,0.6186533333333334,],
[0.4588644444444445,0.5411355555555556,],
[0.5329644444444445,0.4670355555555555,],
[0.4648955555555556,0.5351044444444444,],
[0.3639644444444444,0.6360355555555556,],
[0.6417711111111111,0.3582288888888889,],
[0.559168888888889,0.4408311111111111,],
[0.5847311111111111,0.4152688888888889,],
[0.3562666666666667,0.6437333333333333,],
[0.5740311111111112,0.4259688888888888,],
[0.6078044444444445,0.3921955555555556,],
[0.5960311111111111,0.4039688888888888,],
[0.6125422222222222,0.3874577777777778,],
[0.5549000000000001,0.4451,],
[0.4006311111111111,0.5993688888888887,],
[0.5989377777777778,0.4010622222222222,],
[0.5652377777777777,0.4347622222222222,],
[0.4108088888888889,0.589191111111111,],
[0.6026244444444444,0.3973755555555555,],
[0.3824,0.6175999999999999,],
[0.5908955555555555,0.4091044444444444,],
[0.5269866666666667,0.4730133333333334,],
[0.6547644444444445,0.3452355555555555,],
[0.6135622222222222,0.3864377777777778,],
[0.6015133333333333,0.3984866666666667,],
[0.3825333333333333,0.6174666666666666,],
[0.5041222222222222,0.4958777777777778,],
[0.4488355555555555,0.5511644444444445,],
[0.4197399999999999,0.58026,],
[0.5290866666666667,0.4709133333333334,],
[0.58014,0.41986,],
[0.4565222222222223,0.5434777777777777,],
[0.4162466666666667,0.5837533333333333,],
[0.3515044444444445,0.6484955555555556,],
[0.4596022222222222,0.5403977777777779,],
[0.2840755555555556,0.7159244444444445,],
[0.5611755555555556,0.4388244444444445,],
[0.6607755555555553,0.3392244444444444,],
[0.5453488888888889,0.4546511111111112,],
[0.4859444444444445,0.5140555555555555,],
[0.4181688888888889,0.5818311111111112,],
[0.4633266666666667,0.5366733333333333,],
[0.5298333333333334,0.4701666666666667,],
[0.6644088888888888,0.3355911111111111,],
[0.4416911111111111,0.558308888888889,],
[0.4286844444444444,0.5713155555555556,],
[0.3933822222222222,0.6066177777777778,],
[0.3498222222222222,0.6501777777777779,],
[0.6235533333333333,0.3764466666666667,],
[0.6131755555555556,0.3868244444444444,],
[0.4958444444444444,0.5041555555555556,],
[0.5254977777777777,0.4745022222222222,],
[0.3750777777777778,0.6249222222222223,],
[0.522708888888889,0.4772911111111111,],
[0.5823288888888889,0.4176711111111111,],
[0.57308,0.42692,],
[0.5207844444444445,0.4792155555555556,],
[0.5833222222222222,0.4166777777777778,],
[0.3261466666666666,0.6738533333333333,],
[0.5275777777777778,0.4724222222222222,],
[0.3562733333333333,0.6437266666666666,],
[0.5428711111111111,0.4571288888888889,],
[0.4950111111111111,0.5049888888888888,],
[0.4338355555555555,0.5661644444444445,],
[0.4131333333333333,0.5868666666666666,],
[0.4073577777777777,0.5926422222222222,],
[0.4313577777777778,0.5686422222222223,],
[0.3732355555555555,0.6267644444444443,],
[0.54532,0.45468,],
[0.3240866666666667,0.6759133333333334,],
[0.4479933333333334,0.5520066666666668,],
[0.3546111111111111,0.645388888888889,],
[0.6443444444444445,0.3556555555555556,],
[0.3470933333333334,0.6529066666666666,],
[0.5854733333333333,0.4145266666666667,],
[0.4599333333333334,0.5400666666666667,],
[0.4746,0.5253999999999999,],
[0.6688911111111111,0.3311088888888888,],
[0.5663533333333334,0.4336466666666667,],
[0.6113977777777778,0.3886022222222222,],
[0.5208644444444444,0.4791355555555556,],
[0.5851688888888888,0.4148311111111111,],
[0.4221666666666666,0.5778333333333334,],
[0.31182,0.6881799999999999,],
[0.5799222222222222,0.4200777777777778,],
[0.54016,0.45984,],
[0.5026533333333333,0.4973466666666667,],
[0.4813488888888889,0.5186511111111111,],
[0.4802222222222222,0.5197777777777777,],
[0.4318777777777778,0.5681222222222223,],
[0.4931288888888889,0.5068711111111111,],
[0.6430666666666667,0.3569333333333334,],
[0.5363422222222223,0.4636577777777778,],
[0.4935911111111111,0.5064088888888888,],
[0.5524222222222221,0.4475777777777777,],
[0.5432844444444445,0.4567155555555555,],
[0.3827644444444444,0.6172355555555555,],
[0.6007355555555556,0.3992644444444444,],
[0.6033711111111111,0.3966288888888889,],
[0.594551111111111,0.4054488888888889,],
[0.4297644444444444,0.5702355555555556,],
[0.5856066666666667,0.4143933333333333,],
[0.3965222222222222,0.6034777777777778,],
[0.3392666666666666,0.6607333333333333,],
[0.5551444444444444,0.4448555555555556,],
[0.3348333333333333,0.6651666666666666,],
[0.5814333333333334,0.4185666666666666,],
[0.5109977777777778,0.4890022222222222,],
[0.65142,0.34858,],
[0.4787888888888889,0.5212111111111112,],
[0.5436799999999999,0.4563200000000001,],
[0.4269,0.5731000000000001,],
[0.6784333333333332,0.3215666666666667,],
[0.5685244444444445,0.4314755555555556,],
[0.4021088888888888,0.5978911111111112,],
[0.4047533333333333,0.5952466666666667,],
[0.4428644444444445,0.5571355555555556,],
[0.5376911111111111,0.4623088888888889,],
[0.4063755555555555,0.5936244444444445,],
[0.7188533333333332,0.2811466666666667,],
[0.4201911111111111,0.5798088888888889,],
[0.3169844444444445,0.6830155555555555,],
[0.5608688888888889,0.4391311111111111,],
[0.4088644444444444,0.5911355555555555,],
[0.4505822222222222,0.5494177777777778,],
[0.5460955555555556,0.4539044444444444,],
[0.3058044444444444,0.6941955555555556,],
[0.6375777777777778,0.3624222222222222,],
[0.4589288888888889,0.5410711111111112,],
[0.3620466666666667,0.6379533333333334,],
[0.4408977777777778,0.5591022222222223,],
[0.4588222222222222,0.5411777777777779,],
[0.5876333333333333,0.4123666666666666,],
[0.4216511111111111,0.5783488888888889,],
[0.4156244444444444,0.5843755555555555,],
[0.6321755555555556,0.3678244444444444,],
[0.4417888888888889,0.5582111111111112,],
[0.4596088888888889,0.5403911111111112,],
[0.5633844444444446,0.4366155555555556,],
[0.3832511111111111,0.6167488888888889,],
[0.3186244444444445,0.6813755555555555,],
[0.4944133333333333,0.5055866666666666,],
[0.4260911111111111,0.573908888888889,],
[0.5240133333333332,0.4759866666666666,],
[0.5559155555555556,0.4440844444444444,],
[0.4860822222222222,0.5139177777777778,],
[0.4111488888888889,0.588851111111111,],
[0.5466155555555556,0.4533844444444444,],
[0.4002933333333333,0.5997066666666666,],
[0.4570333333333334,0.5429666666666667,],
[0.4136422222222222,0.5863577777777778,],
[0.5603555555555555,0.4396444444444444,],
[0.3875155555555556,0.6124844444444445,],
[0.4037888888888888,0.596211111111111,],
[0.5373644444444444,0.4626355555555556,],
[0.6723155555555554,0.3276844444444444,],
[0.6186422222222222,0.3813577777777777,],
[0.4924066666666667,0.5075933333333333,],
[0.5559133333333334,0.4440866666666666,],
[0.6473800000000001,0.35262,],
[0.6307377777777778,0.3692622222222222,],
[0.4948288888888889,0.5051711111111111,],
[0.4762422222222222,0.5237577777777778,],
[0.5276844444444444,0.4723155555555556,],
[0.6301977777777777,0.3698022222222222,],
[0.6406488888888889,0.3593511111111111,],
[0.3091088888888889,0.6908911111111111,],
[0.4653444444444445,0.5346555555555556,],
[0.6971711111111111,0.3028288888888889,],
[0.40688,0.59312,],
[0.6378111111111111,0.3621888888888889,],
[0.4432222222222222,0.5567777777777778,],
[0.4591333333333333,0.5408666666666667,],
[0.5543733333333334,0.4456266666666667,],
[0.6124711111111111,0.3875288888888889,],
[0.4070533333333333,0.5929466666666667,],
[0.4468377777777778,0.5531622222222223,],
[0.4694533333333334,0.5305466666666667,],
[0.6009866666666667,0.3990133333333333,],
[0.3846466666666666,0.6153533333333332,],
[0.4225644444444444,0.5774355555555556,],
[0.3546066666666667,0.6453933333333335,],
[0.3999,0.6001,],
[0.43732,0.56268,],
[0.4017955555555555,0.5982044444444443,],
[0.6127177777777778,0.3872822222222222,],
[0.48838,0.51162,],
[0.4940066666666666,0.5059933333333333,],
[0.3863066666666666,0.6136933333333334,],
[0.5105422222222222,0.4894577777777778,],
[0.5005222222222223,0.4994777777777778,],
[0.4005822222222222,0.5994177777777777,],
[0.6536000000000001,0.3464,],
[0.6132911111111111,0.3867088888888888,],
[0.4859711111111111,0.5140288888888889,],
[0.6247533333333334,0.3752466666666667,],
[0.4830844444444445,0.5169155555555555,],
[0.5410044444444445,0.4589955555555555,],
[0.2870666666666667,0.7129333333333333,],
[0.6252244444444444,0.3747755555555555,],
[0.5120666666666667,0.4879333333333333,],
[0.5272622222222222,0.4727377777777778,],
[0.6117622222222222,0.3882377777777778,],
[0.3916622222222222,0.6083377777777778,],
[0.6066155555555556,0.3933844444444445,],
[0.4591533333333334,0.5408466666666667,],
[0.4813,0.5186999999999999,],
[0.3527955555555555,0.6472044444444445,],
[0.6137533333333334,0.3862466666666666,],
[0.6622288888888889,0.3377711111111111,],
[0.4391133333333334,0.5608866666666666,],
[0.5107822222222221,0.4892177777777778,],
[0.6279644444444444,0.3720355555555555,],
[0.6729555555555555,0.3270444444444444,],
[0.5144888888888889,0.4855111111111111,],
[0.6051866666666667,0.3948133333333333,],
[0.4579577777777778,0.5420422222222222,],
[0.4169599999999999,0.58304,],
[0.4766199999999999,0.52338,],
[0.3642666666666666,0.6357333333333333,],
[0.3896133333333333,0.6103866666666667,],
[0.4775622222222222,0.5224377777777779,],
[0.4454133333333333,0.5545866666666667,],
[0.5731155555555556,0.4268844444444444,],
[0.3880644444444445,0.6119355555555556,],
[0.6598133333333333,0.3401866666666666,],
[0.3965755555555556,0.6034244444444444,],
[0.5488377777777779,0.4511622222222222,],
[0.5246355555555555,0.4753644444444444,],
[0.5446822222222223,0.4553177777777778,],
[0.3729622222222222,0.6270377777777778,],
[0.5413577777777778,0.4586422222222223,],
[0.6201800000000001,0.37982,],
[0.5192600000000001,0.48074,],
[0.42332,0.5766800000000001,],
[0.569751111111111,0.4302488888888888,],
[0.5019111111111111,0.4980888888888889,],
[0.575168888888889,0.424831111111111,],
[0.4196888888888889,0.5803111111111111,],
[0.5596422222222223,0.4403577777777778,],
[0.4169755555555555,0.5830244444444445,],
[0.5759666666666668,0.4240333333333333,],
[0.4311044444444444,0.5688955555555556,],
[0.4792644444444445,0.5207355555555556,],
[0.4084111111111111,0.5915888888888888,],
[0.4733511111111111,0.5266488888888888,],
[0.38362,0.61638,],
[0.4018155555555555,0.5981844444444444,],
[0.5181533333333334,0.4818466666666666,],
[0.547348888888889,0.4526511111111112,],
[0.7140288888888889,0.2859711111111111,],
[0.5217422222222222,0.4782577777777778,],
[0.4901444444444444,0.5098555555555556,],
[0.5461711111111112,0.4538288888888889,],
[0.5034133333333334,0.4965866666666667,],
[0.4600044444444444,0.5399955555555556,],
[0.5910466666666667,0.4089533333333333,],
[0.3629111111111111,0.6370888888888889,],
[0.5835266666666666,0.4164733333333333,],
[0.6268311111111111,0.3731688888888888,],
[0.50852,0.49148,],
[0.386191111111111,0.613808888888889,],
[0.6346333333333333,0.3653666666666667,],
[0.4915133333333334,0.5084866666666666,],
[0.3358155555555555,0.6641844444444444,],
[0.5039644444444444,0.4960355555555556,],
[0.3997333333333333,0.6002666666666666,],
[0.5201422222222223,0.4798577777777778,],
[0.4108911111111111,0.5891088888888888,],
[0.4240755555555555,0.5759244444444446,],
[0.6298222222222222,0.3701777777777778,],
[0.4825244444444445,0.5174755555555555,],
[0.5529822222222223,0.4470177777777777,],
[0.5225422222222222,0.4774577777777778,],
[0.3897755555555555,0.6102244444444445,],
[0.5724333333333335,0.4275666666666667,],
[0.4029733333333332,0.5970266666666666,],
[0.4310311111111111,0.5689688888888889,],
[0.2781022222222222,0.7218977777777779,],
[0.6448244444444445,0.3551755555555556,],
[0.5504288888888889,0.4495711111111111,],
[0.5787577777777778,0.4212422222222222,],
[0.3872288888888889,0.6127711111111112,],
[0.4970933333333333,0.5029066666666666,],
[0.3389888888888889,0.661011111111111,],
[0.3339066666666666,0.6660933333333333,],
[0.5551133333333333,0.4448866666666667,],
[0.4958177777777777,0.5041822222222223,],
[0.427151111111111,0.572848888888889,],
[0.6334511111111111,0.3665488888888888,],
[0.589771111111111,0.4102288888888889,],
[0.44468,0.55532,],
[0.6633466666666666,0.3366533333333332,],
[0.583671111111111,0.4163288888888889,],
[0.5157777777777777,0.4842222222222223,],
[0.4644022222222223,0.5355977777777778,],
[0.4915444444444445,0.5084555555555554,],
[0.5829711111111111,0.4170288888888888,],
[0.5634444444444445,0.4365555555555555,],
[0.3790733333333333,0.6209266666666667,],
[0.6042311111111112,0.3957688888888889,],
[0.3871822222222222,0.6128177777777778,],
[0.5097044444444444,0.4902955555555555,],
[0.4727555555555556,0.5272444444444444,],
[0.3806311111111111,0.6193688888888889,],
[0.5907577777777778,0.4092422222222222,],
[0.3539555555555556,0.6460444444444444,],
[0.4608111111111112,0.5391888888888889,],
[0.4646755555555556,0.5353244444444444,],
[0.4582488888888889,0.5417511111111111,],
[0.4211133333333333,0.5788866666666667,],
[0.3861555555555555,0.6138444444444444,],
[0.3161177777777778,0.6838822222222223,],
[0.3431977777777778,0.6568022222222222,],
[0.4284555555555556,0.5715444444444445,],
[0.5700244444444444,0.4299755555555556,],
[0.4422644444444445,0.5577355555555557,],
[0.5243866666666666,0.4756133333333333,],
[0.5220511111111111,0.4779488888888889,],
[0.6126600000000001,0.38734,],
[0.5208155555555556,0.4791844444444445,],
[0.5614733333333334,0.4385266666666667,],
[0.3079244444444444,0.6920755555555556,],
[0.4991088888888889,0.5008911111111112,],
[0.46756,0.53244,],
[0.5593511111111111,0.4406488888888889,],
[0.4425377777777778,0.5574622222222223,],
[0.6632022222222221,0.3367977777777778,],
[0.3850911111111111,0.6149088888888888,],
[0.5735777777777779,0.4264222222222221,],
[0.5045777777777778,0.4954222222222222,],
[0.6635733333333333,0.3364266666666667,],
[0.3605133333333334,0.6394866666666668,],
[0.32236,0.67764,],
[0.4280977777777777,0.5719022222222222,],
[0.5388622222222222,0.4611377777777778,],
[0.3535977777777777,0.6464022222222223,],
[0.55944,0.44056,],
[0.3668688888888888,0.6331311111111111,],
[0.6006222222222222,0.3993777777777778,],
[0.4053533333333333,0.5946466666666667,],
[0.4251244444444444,0.5748755555555556,],
[0.4918466666666667,0.5081533333333332,],
[0.4946577777777778,0.5053422222222221,],
[0.3092644444444445,0.6907355555555555,],
[0.5039977777777778,0.4960022222222222,],
[0.3798822222222222,0.6201177777777778,],
[0.4404866666666666,0.5595133333333333,],
[0.3406577777777777,0.6593422222222222,],
[0.32938,0.67062,],
[0.5318822222222224,0.4681177777777778,],
[0.5981755555555556,0.4018244444444444,],
[0.5284022222222222,0.4715977777777778,],
[0.4871755555555556,0.5128244444444445,],
[0.5218222222222222,0.4781777777777778,],
[0.3562377777777778,0.6437622222222221,],
[0.518411111111111,0.4815888888888888,],
[0.6300044444444445,0.3699955555555555,],
[0.5445533333333333,0.4554466666666667,],
[0.6880933333333332,0.3119066666666666,],
[0.5897399999999999,0.41026,],
[0.5398488888888889,0.4601511111111111,],
[0.3893577777777777,0.6106422222222222,],
[0.5813577777777779,0.4186422222222222,],
[0.3467733333333333,0.6532266666666667,],
[0.4206044444444444,0.5793955555555557,],
[0.4542688888888889,0.5457311111111112,],
[0.3267244444444444,0.6732755555555555,],
[0.45896,0.54104,],
[0.5077422222222221,0.4922577777777778,],
[0.3859644444444444,0.6140355555555556,],
[0.43998,0.5600200000000001,],
[0.6876555555555555,0.3123444444444444,],
[0.6176377777777777,0.3823622222222222,],
[0.5358666666666666,0.4641333333333333,],
[0.3910955555555556,0.6089044444444445,],
[0.66404,0.3359599999999999,],
[0.3479577777777778,0.6520422222222223,],
[0.45822,0.54178,],
[0.3787555555555555,0.6212444444444445,],
[0.3886155555555556,0.6113844444444445,],
[0.6522533333333334,0.3477466666666666,],
[0.5688066666666668,0.4311933333333333,],
[0.4157466666666666,0.5842533333333333,],
[0.4736066666666666,0.5263933333333333,],
[0.3464377777777778,0.6535622222222223,],
[0.4705222222222223,0.5294777777777778,],
[0.4127088888888888,0.5872911111111111,],
[0.5219888888888888,0.4780111111111111,],
[0.6291977777777779,0.3708022222222222,],
[0.6586955555555555,0.3413044444444444,],
[0.6372422222222223,0.3627577777777778,],
[0.5267066666666667,0.4732933333333333,],
[0.4684666666666667,0.5315333333333334,],
[0.4879311111111111,0.5120688888888889,],
[0.4409711111111111,0.559028888888889,],
[0.4882311111111112,0.5117688888888888,],
[0.5341999999999999,0.4658,],
[0.316751111111111,0.6832488888888888,],
[0.5032222222222222,0.4967777777777778,],
[0.5109622222222222,0.4890377777777778,],
[0.4467111111111112,0.5532888888888888,],
[0.7206555555555556,0.2793444444444445,],
[0.4160044444444444,0.5839955555555555,],
[0.3040555555555556,0.6959444444444445,],
[0.4694422222222223,0.5305577777777778,],
[0.4808066666666667,0.5191933333333333,],
[0.3941022222222221,0.6058977777777776,],
[0.3932444444444445,0.6067555555555555,],
[0.3464244444444444,0.6535755555555556,],
[0.6004733333333332,0.3995266666666666,],
[0.5484577777777778,0.4515422222222222,],
[0.5089244444444444,0.4910755555555556,],
[0.4371222222222222,0.5628777777777778,],
[0.2605711111111111,0.7394288888888888,],
[0.512,0.488,],
[0.4215488888888889,0.5784511111111111,],
[0.6151133333333333,0.3848866666666666,],
[0.39558,0.6044200000000001,],
[0.4749288888888888,0.5250711111111112,],
[0.4005066666666666,0.5994933333333332,],
[0.3509044444444444,0.6490955555555556,],
[0.5404155555555556,0.4595844444444445,],
[0.5232288888888889,0.4767711111111111,],
[0.3956977777777778,0.6043022222222223,],
[0.61832,0.38168,],
[0.5984866666666666,0.4015133333333333,],
[0.5872733333333333,0.4127266666666666,],
[0.4158933333333333,0.5841066666666667,],
[0.3877377777777777,0.6122622222222223,],
[0.6799733333333332,0.3200266666666667,],
[0.5903666666666666,0.4096333333333333,],
[0.4428622222222223,0.5571377777777778,],
[0.3468244444444444,0.6531755555555556,],
[0.3869177777777778,0.6130822222222222,],
[0.6258688888888889,0.3741311111111111,],
[0.5206488888888888,0.4793511111111111,],
[0.4838688888888889,0.5161311111111111,],
[0.4426444444444445,0.5573555555555556,],
[0.5695955555555555,0.4304044444444444,],
[0.5349266666666667,0.4650733333333333,],
[0.6622199999999999,0.33778,],
[0.5692044444444444,0.4307955555555555,],
[0.3536955555555555,0.6463044444444445,],
[0.4812688888888889,0.518731111111111,],
[0.4124488888888888,0.587551111111111,],
[0.3279622222222222,0.6720377777777777,],
[0.5912688888888888,0.4087311111111111,],
[0.3913355555555555,0.6086644444444445,],
[0.3211955555555555,0.6788044444444443,],
[0.5793844444444446,0.4206155555555556,],
[0.4057244444444444,0.5942755555555556,],
[0.3751133333333334,0.6248866666666667,],
[0.5478022222222223,0.4521977777777778,],
[0.594388888888889,0.4056111111111111,],
[0.5147088888888889,0.4852911111111111,],
[0.5675133333333333,0.4324866666666667,],
[0.3792622222222222,0.6207377777777777,],
[0.5082577777777777,0.4917422222222222,],
[0.6818399999999999,0.31816,],
[0.6000711111111111,0.3999288888888889,],
[0.5200600000000001,0.47994,],
[0.4364155555555556,0.5635844444444444,],
[0.3442666666666667,0.6557333333333333,],
[0.4876355555555556,0.5123644444444444,],
[0.4225044444444444,0.5774955555555557,],
[0.4154488888888889,0.584551111111111,],
[0.6728066666666667,0.3271933333333334,],
[0.49034,0.50966,],
[0.5787733333333334,0.4212266666666666,],
[0.4138088888888888,0.5861911111111112,],
[0.4546155555555556,0.5453844444444444,],
[0.4532422222222222,0.5467577777777778,],
[0.5164822222222222,0.4835177777777778,],
[0.4656733333333334,0.5343266666666666,],
[0.6037,0.3963,],
[0.3255044444444445,0.6744955555555555,],
[0.6581644444444444,0.3418355555555555,],
[0.5874288888888888,0.4125711111111111,],
[0.6481577777777778,0.3518422222222223,],
[0.4837355555555556,0.5162644444444444,],
[0.6356688888888889,0.3643311111111111,],
[0.5098377777777778,0.4901622222222222,],
[0.5254044444444443,0.4745955555555555,],
[0.5831555555555554,0.4168444444444444,],
[0.4762355555555555,0.5237644444444444,],
[0.4083111111111111,0.5916888888888888,],
[0.6330422222222222,0.3669577777777777,],
[0.5805155555555557,0.4194844444444444,],
[0.4209622222222222,0.5790377777777778,],
[0.3749244444444444,0.6250755555555555,],
[0.532,0.468,],
[0.4338177777777777,0.5661822222222223,],
[0.5586355555555557,0.4413644444444444,],
[0.60334,0.39666,],
[0.6263688888888889,0.373631111111111,],
[0.5448999999999999,0.4551,],
[0.4091844444444444,0.5908155555555555,],
[0.3392755555555555,0.6607244444444443,],
[0.4151244444444444,0.5848755555555556,],
[0.3662111111111111,0.6337888888888888,],
[0.4289488888888889,0.5710511111111111,],
[0.4942955555555555,0.5057044444444444,],
[0.51208,0.48792,],
[0.5652288888888889,0.4347711111111111,],
[0.5074022222222222,0.4925977777777778,],
[0.2518799999999999,0.7481199999999999,],
[0.5482399999999999,0.4517600000000001,],
[0.3528911111111111,0.647108888888889,],
[0.5259044444444445,0.4740955555555555,],
[0.3914266666666666,0.6085733333333333,],
[0.54562,0.45438,],
[0.5639866666666667,0.4360133333333333,],
[0.5446777777777778,0.4553222222222222,],
[0.4026866666666666,0.5973133333333333,],
[0.67802,0.32198,],
[0.4190133333333333,0.5809866666666667,],
[0.5694222222222223,0.4305777777777777,],
[0.7180444444444445,0.2819555555555556,],
[0.4942955555555555,0.5057044444444444,],
[0.6225155555555556,0.3774844444444444,],
[0.3089266666666667,0.6910733333333333,],
[0.5813911111111112,0.4186088888888888,],
[0.4348844444444444,0.5651155555555556,],
[0.4180444444444444,0.5819555555555557,],
[0.4414911111111111,0.5585088888888889,],
[0.5351755555555555,0.4648244444444445,],
[0.4571844444444445,0.5428155555555556,],
[0.47256,0.5274399999999999,],
[0.4556666666666667,0.5443333333333333,],
[0.4333711111111111,0.566628888888889,],
[0.3076933333333333,0.6923066666666667,],
[0.4194555555555555,0.5805444444444445,],
[0.6358333333333333,0.3641666666666666,],
[0.4474422222222222,0.5525577777777778,],
[0.5290533333333334,0.4709466666666667,],
[0.6665666666666666,0.3334333333333334,],
[0.4684955555555556,0.5315044444444446,],
[0.4700133333333334,0.5299866666666666,],
[0.5929022222222222,0.4070977777777777,],
[0.5864044444444445,0.4135955555555555,],
[0.3984311111111111,0.6015688888888889,],
[0.4640822222222222,0.5359177777777778,],
[0.4566111111111111,0.5433888888888888,],
[0.6083888888888889,0.3916111111111111,],
[0.3901999999999999,0.6098,],
[0.5419222222222222,0.4580777777777778,],
[0.4506333333333334,0.5493666666666667,],
[0.3263222222222222,0.6736777777777778,],
[0.5829266666666666,0.4170733333333333,],
[0.4479244444444445,0.5520755555555557,],
[0.5608955555555556,0.4391044444444445,],
[0.5337444444444445,0.4662555555555556,],
[0.3551377777777778,0.6448622222222221,],
[0.4998577777777778,0.5001422222222223,],
[0.4777933333333333,0.5222066666666667,],
[0.3352888888888889,0.6647111111111111,],
[0.3558711111111111,0.644128888888889,],
[0.58702,0.41298,],
[0.4356177777777778,0.5643822222222222,],
[0.4753244444444444,0.5246755555555556,],
[0.5133911111111112,0.4866088888888889,],
[0.5435577777777778,0.4564422222222222,],
[0.6301644444444444,0.3698355555555555,],
[0.3337577777777778,0.6662422222222222,],
[0.4614533333333334,0.5385466666666667,],
[0.5440844444444445,0.4559155555555556,],
];;
