nc_marginals := [
[0.5126155555555555,0.4873844444444445,],
[0.5820666666666667,0.4179333333333333,],
[0.6431888888888889,0.3568111111111112,],
[0.4472844444444445,0.5527155555555555,],
[0.5135666666666667,0.4864333333333333,],
[0.4173088888888888,0.5826911111111112,],
[0.48458,0.51542,],
[0.5684844444444446,0.4315155555555555,],
[0.5608155555555555,0.4391844444444444,],
[0.5443977777777779,0.4556022222222222,],
[0.5048600000000001,0.49514,],
[0.3229933333333333,0.6770066666666666,],
[0.4610911111111111,0.5389088888888889,],
[0.5120333333333333,0.4879666666666667,],
[0.6070733333333332,0.3929266666666667,],
[0.4363377777777778,0.5636622222222223,],
[0.42218,0.5778200000000001,],
[0.5983266666666666,0.4016733333333333,],
[0.4451022222222222,0.5548977777777778,],
[0.5955111111111111,0.4044888888888888,],
[0.4375555555555556,0.5624444444444444,],
[0.5482155555555556,0.4517844444444445,],
[0.5882711111111111,0.4117288888888889,],
[0.65584,0.34416,],
[0.3889866666666666,0.6110133333333333,],
[0.5943866666666667,0.4056133333333333,],
[0.4481666666666667,0.5518333333333333,],
[0.4571666666666667,0.5428333333333334,],
[0.5624888888888889,0.4375111111111111,],
[0.5484088888888889,0.4515911111111111,],
[0.5325311111111111,0.4674688888888889,],
[0.3374155555555556,0.6625844444444444,],
[0.5425688888888888,0.4574311111111111,],
[0.5017199999999999,0.49828,],
[0.4704711111111112,0.5295288888888889,],
[0.3105866666666667,0.6894133333333332,],
[0.6640777777777778,0.3359222222222222,],
[0.4376244444444444,0.5623755555555555,],
[0.4159755555555556,0.5840244444444445,],
[0.3374422222222223,0.6625577777777777,],
[0.3388644444444445,0.6611355555555555,],
[0.5716511111111112,0.4283488888888889,],
[0.5142977777777777,0.4857022222222221,],
[0.5822533333333334,0.4177466666666666,],
[0.6135133333333335,0.3864866666666666,],
[0.4089244444444444,0.5910755555555555,],
[0.3293111111111111,0.6706888888888889,],
[0.4377733333333333,0.5622266666666668,],
[0.5659822222222223,0.4340177777777778,],
[0.6123333333333334,0.3876666666666667,],
[0.5114133333333334,0.4885866666666667,],
[0.44128,0.5587200000000001,],
[0.4308311111111111,0.5691688888888889,],
[0.4850977777777777,0.5149022222222222,],
[0.6576799999999999,0.34232,],
[0.5999777777777777,0.4000222222222222,],
[0.4915288888888889,0.508471111111111,],
[0.3830844444444444,0.6169155555555556,],
[0.3856155555555555,0.6143844444444445,],
[0.4089555555555555,0.5910444444444445,],
[0.3072711111111111,0.6927288888888888,],
[0.5558977777777778,0.4441022222222222,],
[0.5443022222222222,0.4556977777777778,],
[0.3940822222222222,0.6059177777777777,],
[0.4341111111111111,0.565888888888889,],
[0.6066777777777778,0.3933222222222222,],
[0.4652266666666667,0.5347733333333333,],
[0.3092777777777778,0.6907222222222222,],
[0.4249866666666667,0.5750133333333334,],
[0.6339622222222223,0.3660377777777778,],
[0.3976733333333334,0.6023266666666667,],
[0.5122244444444445,0.4877755555555556,],
[0.4565311111111112,0.5434688888888889,],
[0.6060599999999999,0.39394,],
[0.5296377777777778,0.4703622222222222,],
[0.4971955555555556,0.5028044444444444,],
[0.39498,0.60502,],
[0.5445555555555556,0.4554444444444444,],
[0.5341844444444445,0.4658155555555556,],
[0.3791711111111111,0.6208288888888889,],
[0.48856,0.5114399999999999,],
[0.6157888888888889,0.3842111111111111,],
[0.4021288888888888,0.5978711111111111,],
[0.6564177777777777,0.3435822222222222,],
[0.5679155555555557,0.4320844444444444,],
[0.5180311111111111,0.4819688888888889,],
[0.6426288888888888,0.3573711111111111,],
[0.551591111111111,0.4484088888888889,],
[0.6396244444444446,0.3603755555555556,],
[0.4063866666666666,0.5936133333333333,],
[0.4274088888888888,0.5725911111111112,],
[0.6615644444444444,0.3384355555555555,],
[0.5943288888888889,0.4056711111111111,],
[0.5194733333333333,0.4805266666666667,],
[0.4323933333333334,0.5676066666666667,],
[0.5176422222222222,0.4823577777777778,],
[0.6154755555555554,0.3845244444444444,],
[0.5721577777777778,0.4278422222222222,],
[0.5000466666666666,0.4999533333333333,],
[0.5420666666666667,0.4579333333333333,],
[0.39136,0.60864,],
[0.4873422222222222,0.5126577777777778,],
[0.4097777777777777,0.5902222222222221,],
[0.5972422222222221,0.4027577777777778,],
[0.6611288888888888,0.3388711111111111,],
[0.4295555555555556,0.5704444444444444,],
[0.5261577777777778,0.4738422222222222,],
[0.6015088888888889,0.3984911111111111,],
[0.6506133333333334,0.3493866666666667,],
[0.5242355555555555,0.4757644444444444,],
[0.5718822222222223,0.4281177777777778,],
[0.6428777777777778,0.3571222222222222,],
[0.5078377777777777,0.4921622222222223,],
[0.6173999999999999,0.3825999999999999,],
[0.3408844444444444,0.6591155555555556,],
[0.4829155555555555,0.5170844444444445,],
[0.5557444444444445,0.4442555555555555,],
[0.3066066666666667,0.6933933333333334,],
[0.5680755555555557,0.4319244444444444,],
[0.4860022222222222,0.5139977777777778,],
[0.4152244444444444,0.5847755555555555,],
[0.3069266666666667,0.6930733333333334,],
[0.4996488888888889,0.5003511111111111,],
[0.3688066666666666,0.6311933333333333,],
[0.6252488888888889,0.3747511111111111,],
[0.5131222222222223,0.4868777777777777,],
[0.3345866666666666,0.6654133333333332,],
[0.5637355555555557,0.4362644444444444,],
[0.4902288888888889,0.5097711111111111,],
[0.6422266666666667,0.3577733333333333,],
[0.5788,0.4212,],
[0.3225111111111111,0.6774888888888889,],
[0.6546155555555556,0.3453844444444444,],
[0.4710466666666667,0.5289533333333333,],
[0.3381933333333333,0.6618066666666665,],
[0.5711777777777778,0.4288222222222222,],
[0.49554,0.50446,],
[0.6764488888888889,0.3235511111111111,],
[0.4344866666666667,0.5655133333333334,],
[0.3879911111111111,0.6120088888888888,],
[0.5268266666666667,0.4731733333333333,],
[0.2977466666666667,0.7022533333333334,],
[0.5085999999999999,0.4913999999999999,],
[0.6426644444444444,0.3573355555555556,],
[0.4008666666666666,0.5991333333333333,],
[0.4225377777777777,0.5774622222222223,],
[0.3902088888888888,0.6097911111111111,],
[0.5942155555555555,0.4057844444444444,],
[0.4684711111111112,0.5315288888888889,],
[0.3441488888888888,0.6558511111111111,],
[0.5822711111111111,0.4177288888888888,],
[0.4864555555555556,0.5135444444444445,],
[0.2955311111111111,0.704468888888889,],
[0.5858266666666666,0.4141733333333333,],
[0.4413711111111111,0.558628888888889,],
[0.4889311111111111,0.5110688888888889,],
[0.6768355555555555,0.3231644444444445,],
[0.5056799999999999,0.49432,],
[0.6657644444444445,0.3342355555555555,],
[0.5618311111111111,0.4381688888888889,],
[0.4826933333333334,0.5173066666666666,],
[0.5665511111111111,0.4334488888888889,],
[0.34398,0.6560199999999999,],
[0.5306422222222222,0.4693577777777778,],
[0.4170688888888889,0.5829311111111111,],
[0.3376088888888889,0.662391111111111,],
[0.3686555555555555,0.6313444444444445,],
[0.5008555555555556,0.4991444444444444,],
[0.5431666666666667,0.4568333333333334,],
[0.6377177777777778,0.3622822222222222,],
[0.4608822222222223,0.5391177777777778,],
[0.4237199999999999,0.5762800000000001,],
[0.3393222222222222,0.6606777777777777,],
[0.5708799999999999,0.42912,],
[0.649708888888889,0.3502911111111111,],
[0.4956511111111111,0.5043488888888888,],
[0.3871311111111111,0.6128688888888889,],
[0.5892066666666665,0.4107933333333333,],
[0.4157466666666666,0.5842533333333333,],
[0.3376444444444444,0.6623555555555555,],
[0.6435022222222222,0.3564977777777778,],
[0.5526111111111112,0.4473888888888889,],
[0.4925777777777778,0.5074222222222221,],
[0.6157977777777778,0.3842022222222222,],
[0.4483555555555556,0.5516444444444444,],
[0.3552955555555555,0.6447044444444444,],
[0.3703688888888889,0.6296311111111111,],
[0.5197555555555555,0.4802444444444444,],
[0.4699688888888889,0.5300311111111111,],
[0.5937088888888888,0.4062911111111111,],
[0.3662911111111111,0.6337088888888889,],
[0.4873333333333333,0.5126666666666666,],
[0.47538,0.52462,],
[0.3294133333333333,0.6705866666666666,],
[0.3797155555555556,0.6202844444444445,],
[0.4661755555555556,0.5338244444444444,],
[0.6151355555555555,0.3848644444444444,],
[0.4076333333333332,0.5923666666666666,],
[0.4489022222222222,0.5510977777777778,],
[0.3706555555555555,0.6293444444444445,],
[0.3852511111111111,0.6147488888888888,],
[0.5908399999999999,0.40916,],
[0.5913444444444445,0.4086555555555555,],
[0.6141777777777777,0.3858222222222222,],
[0.4452688888888889,0.5547311111111111,],
[0.6582977777777778,0.3417022222222222,],
[0.6193177777777777,0.3806822222222222,],
[0.5904555555555555,0.4095444444444444,],
[0.4554377777777778,0.5445622222222222,],
[0.6180755555555556,0.3819244444444444,],
[0.5672333333333334,0.4327666666666667,],
[0.5140955555555555,0.4859044444444445,],
[0.6088266666666666,0.3911733333333333,],
[0.4861133333333333,0.5138866666666667,],
[0.5360022222222223,0.4639977777777778,],
[0.3096866666666667,0.6903133333333333,],
[0.4243488888888889,0.5756511111111112,],
[0.4610400000000001,0.53896,],
[0.4478111111111112,0.5521888888888888,],
[0.3586644444444445,0.6413355555555557,],
[0.3431777777777778,0.6568222222222222,],
[0.4004577777777777,0.5995422222222222,],
[0.5394177777777779,0.4605822222222222,],
[0.3915466666666667,0.6084533333333332,],
[0.4578911111111111,0.5421088888888889,],
[0.4984244444444444,0.5015755555555554,],
[0.6438555555555555,0.3561444444444445,],
[0.5098955555555555,0.4901044444444444,],
[0.5846222222222222,0.4153777777777778,],
[0.7004977777777778,0.2995022222222222,],
[0.3362888888888889,0.663711111111111,],
[0.5618799999999999,0.43812,],
[0.63978,0.36022,],
[0.4500777777777778,0.5499222222222223,],
[0.3840311111111111,0.6159688888888889,],
[0.4946733333333333,0.5053266666666666,],
[0.5727911111111111,0.4272088888888889,],
[0.4380022222222222,0.5619977777777778,],
[0.4710733333333333,0.5289266666666667,],
[0.5022088888888889,0.4977911111111111,],
[0.3225555555555555,0.6774444444444445,],
[0.4941,0.5058999999999999,],
[0.3387244444444444,0.6612755555555555,],
[0.4302933333333333,0.5697066666666667,],
[0.5526422222222223,0.4473577777777778,],
[0.35816,0.64184,],
[0.421151111111111,0.5788488888888889,],
[0.5894022222222222,0.4105977777777777,],
[0.6454022222222223,0.3545977777777778,],
[0.5640355555555556,0.4359644444444444,],
[0.6201977777777778,0.3798022222222222,],
[0.5340088888888889,0.4659911111111112,],
[0.2944422222222222,0.7055577777777777,],
[0.4523866666666667,0.5476133333333334,],
[0.3847066666666666,0.6152933333333332,],
[0.5909777777777777,0.4090222222222222,],
[0.4962777777777778,0.5037222222222223,],
[0.6229955555555555,0.3770044444444444,],
[0.3418777777777778,0.6581222222222223,],
[0.4830844444444445,0.5169155555555555,],
[0.6626333333333333,0.3373666666666666,],
[0.37514,0.6248600000000001,],
[0.4078844444444444,0.5921155555555555,],
[0.3868377777777778,0.6131622222222223,],
[0.4977644444444445,0.5022355555555555,],
[0.5467911111111111,0.4532088888888889,],
[0.4095577777777777,0.5904422222222222,],
[0.55738,0.44262,],
[0.5331488888888888,0.4668511111111111,],
[0.3795377777777778,0.6204622222222222,],
[0.5320666666666667,0.4679333333333333,],
[0.65502,0.34498,],
[0.4361355555555556,0.5638644444444445,],
[0.4675466666666667,0.5324533333333333,],
[0.6353866666666667,0.3646133333333333,],
[0.49524,0.50476,],
[0.3913377777777777,0.6086622222222222,],
[0.5125444444444445,0.4874555555555555,],
[0.558708888888889,0.4412911111111111,],
[0.5114733333333333,0.4885266666666667,],
[0.5982533333333332,0.4017466666666666,],
[0.3440733333333333,0.6559266666666667,],
[0.4565511111111111,0.5434488888888889,],
[0.3956755555555555,0.6043244444444446,],
[0.4023222222222222,0.5976777777777778,],
[0.6571844444444443,0.3428155555555555,],
[0.5036266666666667,0.4963733333333333,],
[0.6371111111111111,0.3628888888888889,],
[0.3929,0.6071,],
[0.5140533333333333,0.4859466666666667,],
[0.3609488888888889,0.6390511111111111,],
[0.49466,0.50534,],
[0.2967933333333334,0.7032066666666668,],
[0.4494844444444445,0.5505155555555555,],
[0.4474444444444444,0.5525555555555556,],
[0.3564066666666667,0.6435933333333334,],
[0.6654666666666665,0.3345333333333333,],
[0.5624177777777778,0.4375822222222223,],
[0.39354,0.60646,],
[0.4354755555555556,0.5645244444444445,],
[0.5144977777777777,0.4855022222222222,],
[0.5686600000000001,0.43134,],
[0.5614,0.4386,],
[0.6695066666666666,0.3304933333333333,],
[0.3705955555555556,0.6294044444444445,],
[0.4259466666666666,0.5740533333333333,],
[0.3336622222222222,0.6663377777777777,],
[0.4367,0.5633,],
[0.5518777777777778,0.4481222222222223,],
[0.6423755555555555,0.3576244444444444,],
[0.4553177777777778,0.5446822222222223,],
[0.3942888888888889,0.6057111111111111,],
[0.6200777777777778,0.3799222222222222,],
[0.5329955555555556,0.4670044444444444,],
[0.605771111111111,0.3942288888888889,],
[0.4766977777777777,0.5233022222222222,],
[0.5771400000000001,0.42286,],
[0.4007066666666666,0.5992933333333333,],
[0.4555955555555555,0.5444044444444445,],
[0.6209177777777778,0.3790822222222222,],
[0.5762711111111113,0.4237288888888888,],
[0.4612377777777778,0.5387622222222223,],
[0.4813266666666667,0.5186733333333333,],
[0.521548888888889,0.4784511111111111,],
[0.56062,0.43938,],
[0.6655333333333333,0.3344666666666666,],
[0.3688111111111111,0.6311888888888889,],
[0.6904088888888887,0.3095911111111112,],
[0.6077911111111112,0.3922088888888889,],
[0.4355933333333333,0.5644066666666667,],
[0.62398,0.37602,],
[0.6262688888888889,0.3737311111111111,],
[0.6403622222222223,0.3596377777777778,],
[0.3888377777777778,0.6111622222222223,],
[0.6918555555555556,0.3081444444444444,],
[0.5564333333333334,0.4435666666666667,],
[0.4860288888888889,0.5139711111111112,],
[0.4182111111111111,0.5817888888888889,],
[0.3905644444444444,0.6094355555555555,],
[0.5943577777777778,0.4056422222222222,],
[0.6435955555555556,0.3564044444444445,],
[0.4918311111111111,0.5081688888888888,],
[0.5907,0.4093,],
[0.3845488888888889,0.6154511111111111,],
[0.4410555555555555,0.5589444444444445,],
[0.4807577777777778,0.5192422222222223,],
[0.2917644444444444,0.7082355555555556,],
[0.3950977777777777,0.6049022222222222,],
[0.5620444444444445,0.4379555555555555,],
[0.45102,0.54898,],
[0.3928955555555556,0.6071044444444443,],
[0.4368377777777778,0.5631622222222222,],
[0.5173333333333333,0.4826666666666667,],
[0.4284777777777778,0.5715222222222223,],
[0.4430644444444444,0.5569355555555556,],
[0.6919955555555556,0.3080044444444444,],
[0.4830444444444444,0.5169555555555555,],
[0.3403644444444444,0.6596355555555554,],
[0.6061688888888888,0.3938311111111111,],
[0.4564377777777778,0.5435622222222223,],
[0.5282555555555556,0.4717444444444445,],
[0.4969377777777778,0.5030622222222223,],
[0.6517977777777777,0.3482022222222222,],
[0.54642,0.45358,],
[0.4086511111111111,0.5913488888888889,],
[0.3851622222222222,0.6148377777777777,],
[0.5763511111111111,0.4236488888888889,],
[0.4617466666666667,0.5382533333333334,],
[0.6416222222222223,0.3583777777777777,],
[0.5098933333333333,0.4901066666666666,],
[0.4986155555555556,0.5013844444444444,],
[0.5287022222222222,0.4712977777777778,],
[0.5297977777777778,0.4702022222222222,],
[0.5937155555555554,0.4062844444444444,],
[0.6759622222222222,0.3240377777777778,],
[0.4950977777777777,0.5049022222222221,],
[0.5497022222222223,0.4502977777777777,],
[0.3269666666666667,0.6730333333333333,],
[0.5048266666666666,0.4951733333333334,],
[0.4931333333333333,0.5068666666666667,],
[0.5570577777777778,0.4429422222222222,],
[0.5173977777777777,0.4826022222222222,],
[0.4181155555555555,0.5818844444444445,],
[0.5138111111111111,0.4861888888888889,],
[0.4263355555555555,0.5736644444444445,],
[0.5165866666666666,0.4834133333333333,],
[0.4458955555555555,0.5541044444444445,],
[0.5234666666666666,0.4765333333333333,],
[0.4167666666666666,0.5832333333333333,],
[0.6619466666666665,0.3380533333333334,],
[0.5541577777777779,0.4458422222222223,],
[0.4262377777777778,0.5737622222222223,],
[0.5311933333333333,0.4688066666666667,],
[0.6555533333333333,0.3444466666666667,],
[0.6122444444444445,0.3877555555555555,],
[0.4346466666666666,0.5653533333333334,],
[0.4886355555555555,0.5113644444444445,],
[0.5802133333333334,0.4197866666666666,],
[0.4711044444444445,0.5288955555555556,],
[0.5039511111111111,0.4960488888888889,],
[0.6582088888888888,0.341791111111111,],
[0.4471288888888889,0.5528711111111111,],
[0.46364,0.5363600000000001,],
[0.6143911111111111,0.3856088888888888,],
[0.5718933333333334,0.4281066666666666,],
[0.3374244444444445,0.6625755555555555,],
[0.6087444444444444,0.3912555555555555,],
[0.51374,0.48626,],
[0.5030688888888889,0.4969311111111111,],
[0.5281555555555556,0.4718444444444445,],
[0.3578866666666667,0.6421133333333333,],
[0.50984,0.49016,],
[0.5172755555555555,0.4827244444444444,],
[0.5575133333333334,0.4424866666666666,],
[0.3075155555555555,0.6924844444444445,],
[0.4446111111111111,0.5553888888888889,],
[0.4374911111111111,0.5625088888888889,],
[0.4696333333333333,0.5303666666666668,],
[0.3694777777777778,0.6305222222222223,],
[0.49956,0.50044,],
[0.4169088888888888,0.5830911111111111,],
[0.5376555555555556,0.4623444444444444,],
[0.4657555555555556,0.5342444444444444,],
[0.41636,0.5836399999999999,],
[0.4738888888888889,0.5261111111111111,],
[0.4968244444444445,0.5031755555555556,],
[0.5617955555555555,0.4382044444444445,],
[0.3284644444444444,0.6715355555555556,],
[0.4823644444444444,0.5176355555555555,],
[0.5880399999999999,0.4119599999999999,],
[0.5346955555555555,0.4653044444444445,],
[0.6441955555555556,0.3558044444444445,],
[0.47552,0.5244799999999999,],
[0.6617222222222221,0.3382777777777778,],
[0.5354044444444443,0.4645955555555556,],
[0.4602533333333333,0.5397466666666667,],
[0.53244,0.46756,],
[0.3439733333333333,0.6560266666666665,],
[0.4277333333333333,0.5722666666666667,],
[0.6168600000000001,0.38314,],
[0.5718955555555556,0.4281044444444444,],
[0.3376066666666667,0.6623933333333333,],
[0.4820355555555556,0.5179644444444444,],
[0.5667511111111112,0.4332488888888889,],
[0.5109955555555555,0.4890044444444445,],
[0.3832644444444445,0.6167355555555556,],
[0.4710244444444445,0.5289755555555555,],
[0.4054977777777777,0.5945022222222222,],
[0.4568,0.5432,],
[0.5019866666666667,0.4980133333333334,],
[0.6005533333333333,0.3994466666666667,],
[0.3349644444444443,0.6650355555555555,],
[0.5122800000000001,0.48772,],
[0.3824311111111111,0.6175688888888888,],
[0.59388,0.4061199999999999,],
[0.6105044444444444,0.3894955555555555,],
[0.4604422222222223,0.5395577777777779,],
[0.5112933333333334,0.4887066666666667,],
[0.5362622222222222,0.4637377777777778,],
[0.6901599999999999,0.30984,],
[0.6376911111111112,0.3623088888888888,],
[0.4943044444444444,0.5056955555555556,],
[0.3232622222222223,0.6767377777777777,],
[0.49508,0.5049199999999999,],
[0.3689444444444444,0.6310555555555556,],
[0.4991755555555556,0.5008244444444445,],
[0.4697133333333334,0.5302866666666667,],
[0.4044088888888888,0.5955911111111112,],
[0.46206,0.53794,],
[0.7601266666666666,0.2398733333333333,],
[0.3863266666666667,0.6136733333333334,],
[0.4094377777777777,0.5905622222222222,],
[0.4232577777777777,0.5767422222222223,],
[0.4009977777777777,0.5990022222222222,],
[0.5446866666666667,0.4553133333333333,],
[0.6183422222222222,0.3816577777777777,],
[0.3909755555555555,0.6090244444444444,],
[0.4060777777777777,0.5939222222222222,],
[0.4825333333333334,0.5174666666666665,],
[0.566648888888889,0.4333511111111111,],
[0.4821288888888889,0.5178711111111112,],
[0.4316155555555555,0.5683844444444445,],
[0.3567755555555556,0.6432244444444445,],
[0.5513555555555555,0.4486444444444444,],
[0.6078822222222222,0.3921177777777778,],
[0.4606533333333334,0.5393466666666668,],
[0.5658955555555556,0.4341044444444445,],
[0.3917844444444444,0.6082155555555555,],
[0.4936022222222223,0.5063977777777777,],
[0.3810333333333333,0.6189666666666667,],
[0.5607377777777777,0.4392622222222222,],
[0.6656844444444444,0.3343155555555555,],
[0.3323911111111111,0.6676088888888888,],
[0.4690866666666667,0.5309133333333333,],
[0.42794,0.57206,],
[0.6170244444444444,0.3829755555555556,],
[0.7227022222222224,0.2772977777777778,],
[0.6334688888888887,0.366531111111111,],
[0.5501733333333334,0.4498266666666667,],
[0.5895,0.4105,],
[0.39296,0.6070399999999999,],
[0.4345888888888889,0.5654111111111112,],
[0.5964466666666667,0.4035533333333333,],
[0.5280933333333334,0.4719066666666666,],
[0.5456688888888889,0.4543311111111111,],
[0.4533177777777778,0.5466822222222223,],
[0.5390244444444444,0.4609755555555556,],
[0.6070555555555555,0.3929444444444445,],
[0.3573422222222222,0.6426577777777777,],
[0.5103733333333332,0.4896266666666667,],
[0.4484133333333333,0.5515866666666666,],
[0.6437666666666666,0.3562333333333334,],
[0.5900799999999999,0.40992,],
[0.3846155555555555,0.6153844444444444,],
[0.5592844444444445,0.4407155555555555,],
[0.4891622222222222,0.5108377777777777,],
[0.500588888888889,0.4994111111111111,],
[0.669051111111111,0.3309488888888888,],
[0.5755,0.4245,],
[0.537611111111111,0.4623888888888888,],
[0.5345355555555554,0.4654644444444445,],
[0.3786244444444444,0.6213755555555557,],
[0.5824555555555556,0.4175444444444444,],
[0.5141955555555555,0.4858044444444444,],
[0.4621644444444444,0.5378355555555556,],
[0.57672,0.42328,],
[0.3133644444444444,0.6866355555555557,],
[0.570308888888889,0.4296911111111111,],
[0.583948888888889,0.4160511111111111,],
[0.3588244444444444,0.6411755555555556,],
[0.4639,0.5361,],
[0.5830644444444445,0.4169355555555555,],
[0.4353155555555556,0.5646844444444444,],
[0.3873511111111111,0.6126488888888889,],
[0.6854244444444445,0.3145755555555556,],
[0.5108355555555555,0.4891644444444445,],
[0.3794155555555556,0.6205844444444445,],
[0.533291111111111,0.4667088888888889,],
[0.5180177777777777,0.4819822222222223,],
[0.4344666666666667,0.5655333333333334,],
[0.48616,0.51384,],
[0.41886,0.58114,],
[0.5676711111111111,0.4323288888888889,],
[0.6298444444444444,0.3701555555555555,],
[0.6199622222222222,0.3800377777777778,],
[0.5907600000000001,0.4092399999999999,],
[0.5314533333333334,0.4685466666666667,],
[0.3463111111111111,0.6536888888888889,],
[0.4314466666666666,0.5685533333333335,],
[0.48048,0.51952,],
[0.5950355555555555,0.4049644444444443,],
[0.6104000000000001,0.3895999999999999,],
[0.5379888888888888,0.4620111111111112,],
[0.5219888888888888,0.4780111111111111,],
[0.37874,0.62126,],
[0.4607244444444444,0.5392755555555556,],
[0.3683933333333333,0.6316066666666668,],
[0.5000822222222222,0.4999177777777777,],
[0.3141155555555556,0.6858844444444444,],
[0.3429911111111111,0.6570088888888889,],
[0.4638644444444445,0.5361355555555556,],
[0.5829599999999999,0.41704,],
[0.5094844444444443,0.4905155555555556,],
[0.3558933333333333,0.6441066666666667,],
[0.4290666666666667,0.5709333333333333,],
[0.3379888888888889,0.662011111111111,],
[0.6658733333333334,0.3341266666666667,],
[0.5615444444444444,0.4384555555555556,],
[0.6726844444444444,0.3273155555555556,],
[0.5607155555555555,0.4392844444444444,],
[0.6559888888888888,0.3440111111111111,],
[0.5973133333333333,0.4026866666666666,],
[0.4438733333333333,0.5561266666666667,],
[0.6921644444444445,0.3078355555555555,],
[0.3269488888888889,0.673051111111111,],
[0.4851822222222222,0.5148177777777777,],
[0.4235599999999999,0.5764400000000001,],
[0.53904,0.46096,],
[0.5707333333333333,0.4292666666666666,],
[0.3380444444444445,0.6619555555555554,],
[0.6162577777777777,0.3837422222222222,],
[0.4931333333333333,0.5068666666666667,],
[0.5627911111111111,0.4372088888888889,],
[0.6660044444444444,0.3339955555555555,],
[0.3221244444444445,0.6778755555555555,],
[0.5984288888888888,0.401571111111111,],
[0.3835577777777778,0.6164422222222221,],
[0.5067977777777778,0.4932022222222223,],
[0.6592622222222222,0.3407377777777778,],
[0.4846955555555555,0.5153044444444443,],
[0.3381666666666667,0.6618333333333333,],
[0.4296511111111112,0.5703488888888889,],
[0.54608,0.45392,],
[0.6510377777777778,0.3489622222222222,],
[0.5951711111111112,0.4048288888888888,],
[0.5287311111111112,0.4712688888888889,],
[0.6078555555555556,0.3921444444444445,],
[0.4847866666666666,0.5152133333333332,],
[0.5507177777777778,0.4492822222222222,],
[0.6280555555555556,0.3719444444444444,],
[0.4101733333333333,0.5898266666666666,],
[0.3805066666666666,0.6194933333333333,],
[0.5386044444444444,0.4613955555555556,],
[0.5752622222222222,0.4247377777777778,],
[0.5527822222222222,0.4472177777777778,],
[0.3570688888888889,0.6429311111111111,],
[0.4058777777777778,0.5941222222222223,],
[0.43828,0.56172,],
[0.4494511111111111,0.550548888888889,],
[0.3575044444444445,0.6424955555555556,],
[0.3881755555555556,0.6118244444444445,],
[0.4064044444444444,0.5935955555555555,],
[0.5521955555555556,0.4478044444444445,],
[0.5101822222222222,0.4898177777777777,],
[0.6375022222222222,0.3624977777777778,],
[0.5040155555555555,0.4959844444444445,],
[0.3887777777777778,0.6112222222222223,],
[0.3583177777777777,0.6416822222222223,],
[0.6506533333333334,0.3493466666666666,],
[0.5452777777777779,0.4547222222222222,],
[0.5611066666666668,0.4388933333333334,],
[0.6710066666666665,0.3289933333333333,],
[0.3506688888888889,0.6493311111111112,],
[0.5438577777777778,0.4561422222222222,],
[0.4339111111111111,0.5660888888888889,],
[0.5173355555555555,0.4826644444444445,],
[0.54138,0.45862,],
[0.4988511111111111,0.5011488888888889,],
[0.4013244444444444,0.5986755555555555,],
[0.5263622222222222,0.4736377777777778,],
[0.3953888888888889,0.6046111111111112,],
[0.4566244444444445,0.5433755555555555,],
[0.4649577777777778,0.5350422222222222,],
[0.378031111111111,0.6219688888888889,],
[0.3925111111111111,0.6074888888888889,],
[0.5388955555555556,0.4611044444444445,],
[0.4288088888888889,0.5711911111111111,],
[0.3390288888888889,0.660971111111111,],
[0.64312,0.35688,],
[0.5080422222222222,0.4919577777777778,],
[0.5847311111111111,0.4152688888888889,],
[0.3562666666666667,0.6437333333333333,],
[0.5740311111111112,0.4259688888888888,],
[0.6078044444444445,0.3921955555555556,],
[0.5960311111111111,0.4039688888888888,],
[0.6125422222222222,0.3874577777777778,],
[0.4931622222222222,0.5068377777777777,],
[0.3839111111111111,0.6160888888888889,],
[0.6061933333333333,0.3938066666666667,],
[0.5402311111111111,0.4597688888888889,],
[0.3912111111111111,0.6087888888888889,],
[0.5936466666666665,0.4063533333333333,],
[0.3824,0.6175999999999999,],
[0.5908955555555555,0.4091044444444444,],
[0.5315555555555557,0.4684444444444445,],
[0.65588,0.3441199999999999,],
[0.6135044444444445,0.3864955555555555,],
[0.5657333333333334,0.4342666666666667,],
[0.3960355555555556,0.6039644444444444,],
[0.5428533333333333,0.4571466666666667,],
[0.43464,0.56536,],
[0.3934622222222222,0.6065377777777777,],
[0.563408888888889,0.4365911111111111,],
[0.6084222222222222,0.3915777777777777,],
[0.4565933333333334,0.5434066666666666,],
[0.3958644444444444,0.6041355555555555,],
[0.3836266666666667,0.6163733333333333,],
[0.4935266666666667,0.5064733333333333,],
[0.3638688888888889,0.6361311111111112,],
[0.5035222222222222,0.4964777777777778,],
[0.6433755555555556,0.3566244444444445,],
[0.49108,0.5089199999999999,],
[0.5168711111111111,0.4831288888888889,],
[0.4339177777777778,0.5660822222222223,],
[0.4633266666666667,0.5366733333333333,],
[0.5298333333333334,0.4701666666666667,],
[0.6644088888888888,0.3355911111111111,],
[0.4416911111111111,0.558308888888889,],
[0.4104,0.5896,],
[0.3805155555555555,0.6194844444444445,],
[0.3600177777777778,0.6399822222222223,],
[0.6134022222222223,0.3865977777777778,],
[0.6131755555555556,0.3868244444444444,],
[0.4958444444444444,0.5041555555555556,],
[0.4883822222222223,0.5116177777777777,],
[0.4411733333333333,0.5588266666666668,],
[0.522708888888889,0.4772911111111111,],
[0.5823288888888889,0.4176711111111111,],
[0.6131666666666666,0.3868333333333333,],
[0.5651688888888889,0.4348311111111111,],
[0.5337666666666667,0.4662333333333334,],
[0.3794333333333333,0.6205666666666667,],
[0.5275777777777778,0.4724222222222222,],
[0.3562733333333333,0.6437266666666666,],
[0.5428711111111111,0.4571288888888889,],
[0.4950111111111111,0.5049888888888888,],
[0.4567644444444445,0.5432355555555556,],
[0.3956533333333334,0.6043466666666667,],
[0.4073577777777777,0.5926422222222222,],
[0.4313577777777778,0.5686422222222223,],
[0.33534,0.66466,],
[0.5615066666666666,0.4384933333333333,],
[0.3348044444444443,0.6651955555555555,],
[0.4377911111111111,0.562208888888889,],
[0.3546111111111111,0.645388888888889,],
[0.6443444444444445,0.3556555555555556,],
[0.3470933333333334,0.6529066666666666,],
[0.5854733333333333,0.4145266666666667,],
[0.4326133333333333,0.5673866666666667,],
[0.4824555555555556,0.5175444444444444,],
[0.6632733333333333,0.3367266666666666,],
[0.5850577777777778,0.4149422222222222,],
[0.6113977777777778,0.3886022222222222,],
[0.5208644444444444,0.4791355555555556,],
[0.5723955555555557,0.4276044444444444,],
[0.3847311111111111,0.6152688888888888,],
[0.3589022222222222,0.6410977777777779,],
[0.6110555555555556,0.3889444444444445,],
[0.567868888888889,0.4321311111111111,],
[0.4846266666666667,0.5153733333333332,],
[0.4813488888888889,0.5186511111111111,],
[0.4802222222222222,0.5197777777777777,],
[0.4246177777777778,0.5753822222222224,],
[0.5374155555555555,0.4625844444444445,],
[0.6430666666666667,0.3569333333333334,],
[0.5363422222222223,0.4636577777777778,],
[0.4935911111111111,0.5064088888888888,],
[0.5524222222222221,0.4475777777777777,],
[0.5432844444444445,0.4567155555555555,],
[0.3827644444444444,0.6172355555555555,],
[0.4565111111111111,0.5434888888888889,],
[0.49966,0.50034,],
[0.6186266666666667,0.3813733333333333,],
[0.4098177777777777,0.5901822222222222,],
[0.5856066666666667,0.4143933333333333,],
[0.3965222222222222,0.6034777777777778,],
[0.3376,0.6624,],
[0.5839977777777777,0.4160022222222222,],
[0.3114400000000001,0.6885599999999999,],
[0.5357488888888888,0.4642511111111112,],
[0.500288888888889,0.4997111111111111,],
[0.6309,0.3690999999999999,],
[0.5637511111111112,0.4362488888888889,],
[0.46636,0.53364,],
[0.42922,0.5707800000000001,],
[0.6607644444444443,0.3392355555555555,],
[0.5685244444444445,0.4314755555555556,],
[0.4021088888888888,0.5978911111111112,],
[0.4603577777777779,0.5396422222222222,],
[0.3922244444444445,0.6077755555555556,],
[0.5376911111111111,0.4623088888888889,],
[0.4063755555555555,0.5936244444444445,],
[0.6376200000000001,0.36238,],
[0.4975222222222223,0.5024777777777778,],
[0.38394,0.6160600000000001,],
[0.592311111111111,0.4076888888888888,],
[0.3571466666666667,0.6428533333333333,],
[0.4919844444444444,0.5080155555555556,],
[0.5652888888888888,0.4347111111111111,],
[0.3880088888888889,0.611991111111111,],
[0.656331111111111,0.3436688888888889,],
[0.4675844444444445,0.5324155555555556,],
[0.3416888888888889,0.6583111111111111,],
[0.40112,0.59888,],
[0.5114933333333332,0.4885066666666667,],
[0.5405844444444445,0.4594155555555556,],
[0.4216511111111111,0.5783488888888889,],
[0.4156244444444444,0.5843755555555555,],
[0.6717422222222221,0.3282577777777778,],
[0.4393711111111111,0.560628888888889,],
[0.48632,0.51368,],
[0.6085288888888888,0.3914711111111111,],
[0.4024244444444444,0.5975755555555555,],
[0.3230466666666666,0.6769533333333333,],
[0.4944133333333333,0.5055866666666666,],
[0.4260911111111111,0.573908888888889,],
[0.5240133333333332,0.4759866666666666,],
[0.5559155555555556,0.4440844444444444,],
[0.4860822222222222,0.5139177777777778,],
[0.4111488888888889,0.588851111111111,],
[0.5600777777777778,0.4399222222222222,],
[0.3277555555555555,0.6722444444444443,],
[0.4685488888888889,0.5314511111111112,],
[0.43694,0.56306,],
[0.5603555555555555,0.4396444444444444,],
[0.3875155555555556,0.6124844444444445,],
[0.4037888888888888,0.596211111111111,],
[0.5373644444444444,0.4626355555555556,],
[0.652,0.348,],
[0.5458422222222222,0.4541577777777778,],
[0.4924066666666667,0.5075933333333333,],
[0.5559133333333334,0.4440866666666666,],
[0.5777688888888889,0.4222311111111111,],
[0.5995644444444443,0.4004355555555555,],
[0.4948288888888889,0.5051711111111111,],
[0.4762422222222222,0.5237577777777778,],
[0.4877022222222222,0.5122977777777777,],
[0.5584066666666667,0.4415933333333334,],
[0.6567622222222222,0.3432377777777778,],
[0.3139511111111111,0.6860488888888889,],
[0.4451333333333333,0.5548666666666667,],
[0.6936488888888889,0.3063511111111111,],
[0.3438555555555555,0.6561444444444444,],
[0.5979,0.4021,],
[0.4320755555555555,0.5679244444444446,],
[0.5181133333333333,0.4818866666666667,],
[0.5840022222222222,0.4159977777777778,],
[0.6630333333333333,0.3369666666666666,],
[0.3927733333333334,0.6072266666666666,],
[0.4350222222222222,0.5649777777777778,],
[0.43542,0.5645800000000001,],
[0.6133755555555557,0.3866244444444444,],
[0.3438466666666666,0.6561533333333333,],
[0.40266,0.59734,],
[0.3954288888888889,0.6045711111111112,],
[0.4556888888888889,0.5443111111111111,],
[0.4489422222222222,0.5510577777777778,],
[0.3559955555555555,0.6440044444444445,],
[0.6660555555555555,0.3339444444444444,],
[0.5631288888888889,0.4368711111111111,],
[0.4940066666666666,0.5059933333333333,],
[0.3863066666666666,0.6136933333333334,],
[0.5488822222222223,0.4511177777777778,],
[0.4376511111111111,0.5623488888888889,],
[0.4005822222222222,0.5994177777777777,],
[0.6536000000000001,0.3464,],
[0.6132911111111111,0.3867088888888888,],
[0.4859711111111111,0.5140288888888889,],
[0.6247533333333334,0.3752466666666667,],
[0.4830844444444445,0.5169155555555555,],
[0.5410044444444445,0.4589955555555555,],
[0.2870666666666667,0.7129333333333333,],
[0.5806822222222223,0.4193177777777778,],
[0.5353266666666666,0.4646733333333333,],
[0.5272622222222222,0.4727377777777778,],
[0.6117622222222222,0.3882377777777778,],
[0.4089066666666666,0.5910933333333332,],
[0.6140600000000001,0.38594,],
[0.4002533333333333,0.5997466666666667,],
[0.5776911111111113,0.4223088888888888,],
[0.3527955555555555,0.6472044444444445,],
[0.6137533333333334,0.3862466666666666,],
[0.6622288888888889,0.3377711111111111,],
[0.4391133333333334,0.5608866666666666,],
[0.555468888888889,0.4445311111111111,],
[0.6935555555555555,0.3064444444444445,],
[0.6422511111111111,0.3577488888888888,],
[0.5087755555555555,0.4912244444444445,],
[0.5908666666666667,0.4091333333333333,],
[0.3855533333333333,0.6144466666666666,],
[0.4001155555555556,0.5998844444444444,],
[0.4213422222222222,0.5786577777777777,],
[0.3432377777777778,0.6567622222222222,],
[0.4022088888888888,0.5977911111111111,],
[0.4702577777777778,0.5297422222222222,],
[0.5025133333333334,0.4974866666666667,],
[0.5137044444444445,0.4862955555555555,],
[0.39136,0.60864,],
[0.6598133333333333,0.3401866666666666,],
[0.3965755555555556,0.6034244444444444,],
[0.4985822222222222,0.5014177777777777,],
[0.4573755555555556,0.5426244444444444,],
[0.5641866666666666,0.4358133333333333,],
[0.39362,0.6063799999999999,],
[0.5337933333333333,0.4662066666666667,],
[0.6197488888888889,0.3802511111111111,],
[0.5292955555555556,0.4707044444444445,],
[0.4040688888888888,0.5959311111111111,],
[0.569751111111111,0.4302488888888888,],
[0.5019111111111111,0.4980888888888889,],
[0.5390666666666666,0.4609333333333334,],
[0.4251222222222222,0.5748777777777778,],
[0.6071533333333333,0.3928466666666667,],
[0.4603733333333334,0.5396266666666667,],
[0.6185666666666667,0.3814333333333333,],
[0.4105688888888889,0.589431111111111,],
[0.5174199999999999,0.48258,],
[0.3390577777777777,0.6609422222222221,],
[0.51472,0.48528,],
[0.4315888888888889,0.5684111111111112,],
[0.4360177777777778,0.5639822222222223,],
[0.4512511111111112,0.548748888888889,],
[0.5607244444444444,0.4392755555555555,],
[0.6711822222222221,0.3288177777777778,],
[0.5217422222222222,0.4782577777777778,],
[0.4901444444444444,0.5098555555555556,],
[0.6174088888888889,0.382591111111111,],
[0.4859155555555555,0.5140844444444445,],
[0.5144955555555556,0.4855044444444445,],
[0.6252422222222221,0.3747577777777777,],
[0.3828577777777777,0.6171422222222223,],
[0.5735622222222223,0.4264377777777777,],
[0.6500733333333334,0.3499266666666667,],
[0.45498,0.5450200000000001,],
[0.3875755555555556,0.6124244444444444,],
[0.5655444444444445,0.4344555555555556,],
[0.4873866666666667,0.5126133333333333,],
[0.3834355555555555,0.6165644444444444,],
[0.50038,0.4996200000000001,],
[0.3691422222222221,0.6308577777777779,],
[0.5175999999999999,0.4824,],
[0.4443133333333333,0.5556866666666668,],
[0.4240755555555555,0.5759244444444446,],
[0.6298222222222222,0.3701777777777778,],
[0.5026088888888889,0.4973911111111111,],
[0.5290688888888889,0.4709311111111111,],
[0.5225422222222222,0.4774577777777778,],
[0.3897755555555555,0.6102244444444445,],
[0.5938844444444444,0.4061155555555555,],
[0.3901622222222222,0.6098377777777778,],
[0.4390311111111111,0.5609688888888889,],
[0.3284377777777778,0.6715622222222223,],
[0.5981466666666666,0.4018533333333333,],
[0.576788888888889,0.4232111111111111,],
[0.5003066666666668,0.4996933333333333,],
[0.368931111111111,0.6310688888888889,],
[0.5553733333333334,0.4446266666666666,],
[0.3079533333333333,0.6920466666666667,],
[0.3958422222222222,0.6041577777777778,],
[0.5437155555555555,0.4562844444444445,],
[0.4958177777777777,0.5041822222222223,],
[0.427151111111111,0.572848888888889,],
[0.6555377777777778,0.3444622222222222,],
[0.5302622222222223,0.4697377777777778,],
[0.44468,0.55532,],
[0.6633466666666666,0.3366533333333332,],
[0.5583733333333333,0.4416266666666667,],
[0.4883466666666667,0.5116533333333333,],
[0.5012688888888889,0.4987311111111111,],
[0.5411533333333334,0.4588466666666667,],
[0.5975333333333334,0.4024666666666666,],
[0.6555822222222222,0.3444177777777778,],
[0.3708022222222222,0.6291977777777779,],
[0.5527533333333333,0.4472466666666667,],
[0.3904333333333333,0.6095666666666666,],
[0.514071111111111,0.4859288888888889,],
[0.4386577777777778,0.5613422222222222,],
[0.3348422222222222,0.6651577777777777,],
[0.5907577777777778,0.4092422222222222,],
[0.3539555555555556,0.6460444444444444,],
[0.4608111111111112,0.5391888888888889,],
[0.4646755555555556,0.5353244444444444,],
[0.4582488888888889,0.5417511111111111,],
[0.4211133333333333,0.5788866666666667,],
[0.4280333333333333,0.5719666666666667,],
[0.3845,0.6154999999999999,],
[0.3431977777777778,0.6568022222222222,],
[0.4284555555555556,0.5715444444444445,],
[0.64246,0.35754,],
[0.4905177777777778,0.5094822222222222,],
[0.5565955555555556,0.4434044444444445,],
[0.4832222222222222,0.5167777777777778,],
[0.6126600000000001,0.38734,],
[0.5208155555555556,0.4791844444444445,],
[0.5355911111111111,0.4644088888888889,],
[0.3091577777777778,0.6908422222222222,],
[0.4602533333333333,0.5397466666666667,],
[0.4888111111111112,0.5111888888888889,],
[0.5593511111111111,0.4406488888888889,],
[0.4425377777777778,0.5574622222222223,],
[0.61432,0.38568,],
[0.4084666666666666,0.5915333333333332,],
[0.6077888888888889,0.3922111111111111,],
[0.5400600000000001,0.4599400000000001,],
[0.6613022222222222,0.3386977777777778,],
[0.4292644444444444,0.5707355555555556,],
[0.32236,0.67764,],
[0.4280977777777777,0.5719022222222222,],
[0.5332977777777778,0.4667022222222222,],
[0.3796644444444445,0.6203355555555556,],
[0.55944,0.44056,],
[0.3668688888888888,0.6331311111111111,],
[0.6053222222222222,0.3946777777777777,],
[0.4599400000000001,0.5400600000000001,],
[0.3824777777777777,0.6175222222222222,],
[0.5130355555555556,0.4869644444444444,],
[0.41616,0.58384,],
[0.3386688888888889,0.6613311111111111,],
[0.5440288888888889,0.4559711111111111,],
[0.3809022222222221,0.6190977777777779,],
[0.43968,0.56032,],
[0.3291711111111111,0.6708288888888888,],
[0.3343933333333333,0.6656066666666667,],
[0.4377466666666667,0.5622533333333334,],
[0.5981755555555556,0.4018244444444444,],
[0.5284022222222222,0.4715977777777778,],
[0.4994177777777777,0.5005822222222223,],
[0.4581088888888889,0.5418911111111111,],
[0.3924333333333333,0.6075666666666666,],
[0.4595844444444445,0.5404155555555556,],
[0.6300044444444445,0.3699955555555555,],
[0.5445533333333333,0.4554466666666667,],
[0.6880933333333332,0.3119066666666666,],
[0.5897399999999999,0.41026,],
[0.5398488888888889,0.4601511111111111,],
[0.3893577777777777,0.6106422222222222,],
[0.5813577777777779,0.4186422222222222,],
[0.3467733333333333,0.6532266666666667,],
[0.43218,0.5678200000000001,],
[0.4829866666666667,0.5170133333333333,],
[0.3574422222222222,0.6425577777777778,],
[0.4483488888888889,0.5516511111111111,],
[0.4895622222222222,0.5104377777777778,],
[0.35716,0.64284,],
[0.4447266666666667,0.5552733333333334,],
[0.69196,0.30804,],
[0.6176444444444443,0.3823555555555556,],
[0.4927266666666667,0.5072733333333332,],
[0.401071111111111,0.5989288888888888,],
[0.656831111111111,0.3431688888888889,],
[0.3479577777777778,0.6520422222222223,],
[0.45822,0.54178,],
[0.3592844444444444,0.6407155555555557,],
[0.3867888888888888,0.6132111111111112,],
[0.6522533333333334,0.3477466666666666,],
[0.5688066666666668,0.4311933333333333,],
[0.3811022222222222,0.6188977777777778,],
[0.4567288888888889,0.5432711111111111,],
[0.32334,0.67666,],
[0.4953044444444444,0.5046955555555556,],
[0.4373133333333333,0.5626866666666667,],
[0.5490711111111112,0.4509288888888889,],
[0.572748888888889,0.4272511111111111,],
[0.6164866666666666,0.3835133333333334,],
[0.6599644444444444,0.3400355555555555,],
[0.4858244444444444,0.5141755555555556,],
[0.4420733333333334,0.5579266666666668,],
[0.5181066666666666,0.4818933333333333,],
[0.4409711111111111,0.559028888888889,],
[0.4882311111111112,0.5117688888888888,],
[0.5341999999999999,0.4658,],
[0.316751111111111,0.6832488888888888,],
[0.4507088888888889,0.5492911111111111,],
[0.5627822222222222,0.4372177777777778,],
[0.4467111111111112,0.5532888888888888,],
[0.7206555555555556,0.2793444444444445,],
[0.4160044444444444,0.5839955555555555,],
[0.3040555555555556,0.6959444444444445,],
[0.4712466666666667,0.5287533333333334,],
[0.50214,0.4978600000000001,],
[0.4083333333333332,0.5916666666666667,],
[0.3849688888888889,0.615031111111111,],
[0.3955933333333334,0.6044066666666668,],
[0.5434977777777777,0.4565022222222223,],
[0.5418488888888889,0.4581511111111111,],
[0.4994666666666667,0.5005333333333334,],
[0.4371222222222222,0.5628777777777778,],
[0.2605711111111111,0.7394288888888888,],
[0.5169577777777777,0.4830422222222223,],
[0.4325911111111111,0.567408888888889,],
[0.6149777777777776,0.3850222222222222,],
[0.4281222222222222,0.5718777777777778,],
[0.4711,0.5288999999999999,],
[0.4053111111111111,0.5946888888888889,],
[0.3338577777777778,0.6661422222222222,],
[0.5614400000000001,0.43856,],
[0.4713466666666666,0.5286533333333333,],
[0.4049488888888888,0.5950511111111111,],
[0.6131888888888889,0.3868111111111111,],
[0.5651844444444445,0.4348155555555555,],
[0.5365311111111111,0.4634688888888889,],
[0.417711111111111,0.5822888888888889,],
[0.3877377777777777,0.6122622222222223,],
[0.6799733333333332,0.3200266666666667,],
[0.5903666666666666,0.4096333333333333,],
[0.4428622222222223,0.5571377777777778,],
[0.3390266666666666,0.6609733333333332,],
[0.42794,0.57206,],
[0.6318844444444445,0.3681155555555555,],
[0.4994955555555556,0.5005044444444445,],
[0.4694866666666667,0.5305133333333334,],
[0.4373666666666666,0.5626333333333333,],
[0.5695955555555555,0.4304044444444444,],
[0.5349266666666667,0.4650733333333333,],
[0.6663933333333333,0.3336066666666667,],
[0.5608511111111111,0.4391488888888889,],
[0.3536955555555555,0.6463044444444445,],
[0.4812688888888889,0.518731111111111,],
[0.4096711111111111,0.5903288888888888,],
[0.3797022222222222,0.6202977777777778,],
[0.6435555555555555,0.3564444444444445,],
[0.44872,0.5512799999999999,],
[0.3076488888888888,0.692351111111111,],
[0.5557000000000001,0.4443,],
[0.3996444444444444,0.6003555555555555,],
[0.421871111111111,0.5781288888888889,],
[0.5436511111111111,0.456348888888889,],
[0.6053511111111111,0.3946488888888889,],
[0.510631111111111,0.4893688888888889,],
[0.5401844444444445,0.4598155555555556,],
[0.3792622222222222,0.6207377777777777,],
[0.5082577777777777,0.4917422222222222,],
[0.661811111111111,0.3381888888888889,],
[0.571031111111111,0.4289688888888889,],
[0.4576066666666667,0.5423933333333333,],
[0.5005333333333334,0.4994666666666667,],
[0.3345577777777777,0.6654422222222222,],
[0.4374911111111111,0.5625088888888889,],
[0.4514711111111111,0.548528888888889,],
[0.4368644444444444,0.5631355555555556,],
[0.6899466666666666,0.3100533333333333,],
[0.4649377777777778,0.5350622222222222,],
[0.5787733333333334,0.4212266666666666,],
[0.4138088888888888,0.5861911111111112,],
[0.4972977777777778,0.5027022222222222,],
[0.4713955555555556,0.5286044444444444,],
[0.5164822222222222,0.4835177777777778,],
[0.4656733333333334,0.5343266666666666,],
[0.662791111111111,0.3372088888888888,],
[0.41704,0.5829599999999999,],
[0.6581644444444444,0.3418355555555555,],
[0.5874288888888888,0.4125711111111111,],
[0.6439511111111111,0.3560488888888889,],
[0.5530488888888889,0.4469511111111111,],
[0.6181711111111111,0.3818288888888889,],
[0.4921844444444445,0.5078155555555555,],
[0.4888466666666667,0.5111533333333333,],
[0.6169933333333333,0.3830066666666667,],
[0.5135311111111112,0.4864688888888889,],
[0.3912777777777777,0.6087222222222222,],
[0.6116577777777777,0.3883422222222222,],
[0.5645600000000001,0.43544,],
[0.4385977777777778,0.5614022222222222,],
[0.3289644444444444,0.6710355555555554,],
[0.532,0.468,],
[0.4338177777777777,0.5661822222222223,],
[0.5586355555555557,0.4413644444444444,],
[0.60334,0.39666,],
[0.6006111111111111,0.3993888888888889,],
[0.5778200000000001,0.42218,],
[0.4614755555555556,0.5385244444444445,],
[0.4237533333333333,0.5762466666666668,],
[0.4151244444444444,0.5848755555555556,],
[0.3662111111111111,0.6337888888888888,],
[0.4187488888888889,0.5812511111111112,],
[0.4861777777777778,0.5138222222222222,],
[0.51208,0.48792,],
[0.5652288888888889,0.4347711111111111,],
[0.5354533333333333,0.4645466666666667,],
[0.3098377777777778,0.6901622222222221,],
[0.5482399999999999,0.4517600000000001,],
[0.3528911111111111,0.647108888888889,],
[0.5399555555555555,0.4600444444444445,],
[0.4242822222222222,0.5757177777777779,],
[0.54562,0.45438,],
[0.5639866666666667,0.4360133333333333,],
[0.5496200000000001,0.45038,],
[0.4363911111111111,0.5636088888888889,],
[0.67802,0.32198,],
[0.4190133333333333,0.5809866666666667,],
[0.5630444444444445,0.4369555555555555,],
[0.66588,0.33412,],
[0.5138511111111111,0.4861488888888889,],
[0.607891111111111,0.3921088888888889,],
[0.3228511111111111,0.6771488888888889,],
[0.5058444444444443,0.4941555555555555,],
[0.4526733333333334,0.5473266666666667,],
[0.4367066666666666,0.5632933333333334,],
[0.4399222222222222,0.5600777777777778,],
[0.5107733333333333,0.4892266666666667,],
[0.4372288888888889,0.5627711111111111,],
[0.4514088888888889,0.5485911111111113,],
[0.4710088888888889,0.5289911111111111,],
[0.4050333333333333,0.5949666666666666,],
[0.3241222222222223,0.6758777777777778,],
[0.4950177777777778,0.5049822222222222,],
[0.5637933333333334,0.4362066666666666,],
[0.4511177777777778,0.5488822222222223,],
[0.4970222222222223,0.5029777777777777,],
[0.6366266666666667,0.3633733333333333,],
[0.4814822222222222,0.5185177777777777,],
[0.4433222222222222,0.5566777777777778,],
[0.5123333333333333,0.4876666666666667,],
[0.5806866666666667,0.4193133333333333,],
[0.3571511111111111,0.6428488888888889,],
[0.4907533333333333,0.5092466666666666,],
[0.4609244444444445,0.5390755555555555,],
[0.6077044444444445,0.3922955555555556,],
[0.3487977777777778,0.6512022222222222,],
[0.5446111111111112,0.455388888888889,],
[0.4113666666666667,0.5886333333333332,],
[0.3805688888888888,0.6194311111111112,],
[0.5829266666666666,0.4170733333333333,],
[0.4479244444444445,0.5520755555555557,],
[0.5608955555555556,0.4391044444444445,],
[0.5337444444444445,0.4662555555555556,],
[0.3551377777777778,0.6448622222222221,],
[0.4998577777777778,0.5001422222222223,],
[0.4374177777777777,0.5625822222222223,],
[0.3344777777777778,0.6655222222222221,],
[0.4417777777777778,0.5582222222222223,],
[0.5189977777777778,0.4810022222222222,],
[0.4356177777777778,0.5643822222222222,],
[0.4753244444444444,0.5246755555555556,],
[0.4982044444444444,0.5017955555555556,],
[0.542551111111111,0.4574488888888889,],
[0.5895333333333334,0.4104666666666666,],
[0.3854244444444444,0.6145755555555555,],
[0.4614533333333334,0.5385466666666667,],
[0.5440844444444445,0.4559155555555556,],
];;
