nc_marginals := [
[0.4925488888888889,0.5074511111111111,],
[0.5581022222222223,0.4418977777777777,],
[0.6225822222222224,0.3774177777777777,],
[0.4548311111111111,0.5451688888888889,],
[0.5304044444444446,0.4695955555555556,],
[0.3833977777777778,0.6166022222222222,],
[0.4828333333333333,0.5171666666666666,],
[0.5608644444444444,0.4391355555555556,],
[0.5608155555555555,0.4391844444444444,],
[0.5443977777777779,0.4556022222222222,],
[0.5421666666666666,0.4578333333333333,],
[0.3800577777777777,0.6199422222222222,],
[0.4749555555555555,0.5250444444444444,],
[0.4688355555555556,0.5311644444444444,],
[0.6196266666666667,0.3803733333333333,],
[0.4364755555555556,0.5635244444444445,],
[0.4484355555555555,0.5515644444444443,],
[0.6191022222222222,0.3808977777777777,],
[0.4451022222222222,0.5548977777777778,],
[0.5955111111111111,0.4044888888888888,],
[0.4491266666666667,0.5508733333333333,],
[0.5421977777777777,0.4578022222222222,],
[0.5882711111111111,0.4117288888888889,],
[0.65584,0.34416,],
[0.4048777777777777,0.5951222222222222,],
[0.5799755555555556,0.4200244444444444,],
[0.4481666666666667,0.5518333333333333,],
[0.4571666666666667,0.5428333333333334,],
[0.59044,0.4095599999999999,],
[0.5367266666666667,0.4632733333333334,],
[0.5325311111111111,0.4674688888888889,],
[0.3374155555555556,0.6625844444444444,],
[0.4697355555555556,0.5302644444444445,],
[0.4770844444444444,0.5229155555555556,],
[0.4704711111111112,0.5295288888888889,],
[0.3105866666666667,0.6894133333333332,],
[0.6624733333333332,0.3375266666666666,],
[0.4731844444444445,0.5268155555555556,],
[0.4138288888888889,0.5861711111111112,],
[0.3187377777777778,0.6812622222222221,],
[0.3450777777777778,0.6549222222222223,],
[0.5566000000000001,0.4434,],
[0.4918422222222222,0.5081577777777777,],
[0.5566933333333334,0.4433066666666667,],
[0.6165888888888889,0.3834111111111111,],
[0.3961022222222222,0.6038977777777778,],
[0.3481622222222222,0.6518377777777777,],
[0.4415888888888889,0.5584111111111111,],
[0.5833311111111111,0.4166688888888889,],
[0.6089311111111112,0.3910688888888889,],
[0.4942933333333333,0.5057066666666666,],
[0.4425066666666667,0.5574933333333334,],
[0.4745288888888889,0.525471111111111,],
[0.4841044444444444,0.5158955555555556,],
[0.6263333333333334,0.3736666666666666,],
[0.64502,0.35498,],
[0.5124244444444445,0.4875755555555556,],
[0.3925822222222222,0.6074177777777777,],
[0.3606466666666667,0.6393533333333333,],
[0.4127888888888888,0.587211111111111,],
[0.3025844444444444,0.6974155555555555,],
[0.5604733333333333,0.4395266666666666,],
[0.5413422222222222,0.4586577777777778,],
[0.3704044444444444,0.6295955555555556,],
[0.4370555555555555,0.5629444444444444,],
[0.6203200000000001,0.37968,],
[0.5089399999999999,0.4910600000000001,],
[0.3632377777777778,0.6367622222222222,],
[0.4249866666666667,0.5750133333333334,],
[0.6339622222222223,0.3660377777777778,],
[0.3976733333333334,0.6023266666666667,],
[0.5122244444444445,0.4877755555555556,],
[0.4308911111111111,0.569108888888889,],
[0.5979777777777777,0.4020222222222222,],
[0.5903466666666666,0.4096533333333333,],
[0.4722844444444445,0.5277155555555555,],
[0.3707955555555555,0.6292044444444445,],
[0.5425355555555554,0.4574644444444445,],
[0.5584044444444445,0.4415955555555556,],
[0.3671355555555555,0.6328644444444445,],
[0.4872622222222222,0.5127377777777777,],
[0.5908822222222222,0.4091177777777777,],
[0.4061066666666666,0.5938933333333333,],
[0.66788,0.3321199999999999,],
[0.51964,0.48036,],
[0.5314666666666668,0.4685333333333334,],
[0.6642688888888888,0.3357311111111111,],
[0.5227533333333334,0.4772466666666667,],
[0.6396244444444446,0.3603755555555556,],
[0.4063866666666666,0.5936133333333333,],
[0.4050844444444444,0.5949155555555555,],
[0.6796088888888888,0.3203911111111112,],
[0.5943288888888889,0.4056711111111111,],
[0.5194733333333333,0.4805266666666667,],
[0.4300666666666667,0.5699333333333333,],
[0.5032066666666667,0.4967933333333334,],
[0.6598244444444444,0.3401755555555555,],
[0.623531111111111,0.3764688888888888,],
[0.4865955555555556,0.5134044444444446,],
[0.5267911111111111,0.4732088888888889,],
[0.4208622222222222,0.5791377777777778,],
[0.5050822222222222,0.4949177777777778,],
[0.4097777777777777,0.5902222222222221,],
[0.5972422222222221,0.4027577777777778,],
[0.6796022222222221,0.3203977777777778,],
[0.4055555555555555,0.5944444444444444,],
[0.5261577777777778,0.4738422222222222,],
[0.6015088888888889,0.3984911111111111,],
[0.6506133333333334,0.3493866666666667,],
[0.5242355555555555,0.4757644444444444,],
[0.5718822222222223,0.4281177777777778,],
[0.6428777777777778,0.3571222222222222,],
[0.4987666666666667,0.5012333333333333,],
[0.5980244444444444,0.4019755555555555,],
[0.3369866666666667,0.6630133333333332,],
[0.4477288888888889,0.5522711111111112,],
[0.5592733333333334,0.4407266666666667,],
[0.3029999999999999,0.697,],
[0.5619666666666666,0.4380333333333333,],
[0.4841577777777778,0.5158422222222222,],
[0.4152244444444444,0.5847755555555555,],
[0.3069266666666667,0.6930733333333334,],
[0.575888888888889,0.424111111111111,],
[0.3479822222222222,0.6520177777777778,],
[0.6381911111111112,0.3618088888888889,],
[0.5179688888888889,0.4820311111111111,],
[0.3331911111111111,0.6668088888888889,],
[0.5219355555555556,0.4780644444444445,],
[0.4873044444444444,0.5126955555555556,],
[0.6362933333333334,0.3637066666666667,],
[0.5788,0.4212,],
[0.3225111111111111,0.6774888888888889,],
[0.6546155555555556,0.3453844444444444,],
[0.4710466666666667,0.5289533333333333,],
[0.345,0.655,],
[0.5582244444444445,0.4417755555555555,],
[0.4757555555555555,0.5242444444444443,],
[0.6268755555555555,0.3731244444444444,],
[0.4416066666666666,0.5583933333333333,],
[0.3540155555555555,0.6459844444444444,],
[0.5268266666666667,0.4731733333333333,],
[0.2977466666666667,0.7022533333333334,],
[0.5448088888888888,0.4551911111111112,],
[0.6320422222222223,0.3679577777777777,],
[0.4112688888888889,0.5887311111111111,],
[0.4372333333333333,0.5627666666666666,],
[0.4045333333333333,0.5954666666666667,],
[0.5788088888888889,0.4211911111111111,],
[0.4870755555555556,0.5129244444444444,],
[0.3589,0.6411000000000001,],
[0.5676355555555556,0.4323644444444444,],
[0.5308577777777778,0.4691422222222222,],
[0.2955311111111111,0.704468888888889,],
[0.5858266666666666,0.4141733333333333,],
[0.4241,0.5759000000000002,],
[0.51844,0.48156,],
[0.7302799999999999,0.26972,],
[0.4698688888888889,0.5301311111111111,],
[0.6666933333333332,0.3333066666666666,],
[0.5606577777777777,0.4393422222222222,],
[0.4575733333333333,0.5424266666666666,],
[0.5708155555555556,0.4291844444444445,],
[0.3744955555555555,0.6255044444444443,],
[0.4700222222222223,0.5299777777777778,],
[0.4137888888888889,0.5862111111111112,],
[0.3193977777777778,0.6806022222222222,],
[0.3691711111111111,0.630828888888889,],
[0.5113466666666667,0.4886533333333333,],
[0.5431666666666667,0.4568333333333334,],
[0.6377177777777778,0.3622822222222222,],
[0.4638177777777778,0.5361822222222222,],
[0.4197577777777777,0.5802422222222222,],
[0.3460644444444445,0.6539355555555556,],
[0.5575000000000001,0.4425,],
[0.649708888888889,0.3502911111111111,],
[0.4956511111111111,0.5043488888888888,],
[0.3871311111111111,0.6128688888888889,],
[0.5892066666666665,0.4107933333333333,],
[0.4140199999999999,0.5859800000000001,],
[0.3189733333333333,0.6810266666666666,],
[0.6662399999999999,0.33376,],
[0.5236488888888889,0.4763511111111111,],
[0.5101511111111111,0.4898488888888889,],
[0.6188644444444444,0.3811355555555555,],
[0.4415155555555555,0.5584844444444445,],
[0.3455133333333333,0.6544866666666668,],
[0.3703688888888889,0.6296311111111111,],
[0.5197555555555555,0.4802444444444444,],
[0.4671955555555556,0.5328044444444444,],
[0.4876911111111111,0.5123088888888889,],
[0.3662911111111111,0.6337088888888889,],
[0.4873333333333333,0.5126666666666666,],
[0.47538,0.52462,],
[0.3294133333333333,0.6705866666666666,],
[0.4105466666666666,0.5894533333333333,],
[0.4884088888888889,0.5115911111111111,],
[0.6170177777777778,0.3829822222222222,],
[0.3968111111111111,0.603188888888889,],
[0.3840244444444444,0.6159755555555555,],
[0.33862,0.6613799999999999,],
[0.3831933333333333,0.6168066666666667,],
[0.5720133333333334,0.4279866666666666,],
[0.5786111111111111,0.4213888888888889,],
[0.6069822222222222,0.3930177777777777,],
[0.4452688888888889,0.5547311111111111,],
[0.6582977777777778,0.3417022222222222,],
[0.6397555555555556,0.3602444444444445,],
[0.5897622222222222,0.4102377777777778,],
[0.4977466666666667,0.5022533333333333,],
[0.6021888888888889,0.3978111111111111,],
[0.5495444444444445,0.4504555555555556,],
[0.4906666666666666,0.5093333333333333,],
[0.5950711111111111,0.4049288888888888,],
[0.4934288888888889,0.5065711111111111,],
[0.5304733333333335,0.4695266666666667,],
[0.3099288888888889,0.690071111111111,],
[0.4208111111111111,0.579188888888889,],
[0.4622155555555556,0.5377844444444445,],
[0.4442511111111111,0.555748888888889,],
[0.3457955555555555,0.6542044444444445,],
[0.3913866666666667,0.6086133333333332,],
[0.4026577777777777,0.5973422222222221,],
[0.5294133333333333,0.4705866666666668,],
[0.40718,0.59282,],
[0.461508888888889,0.5384911111111111,],
[0.4836844444444445,0.5163155555555554,],
[0.6323444444444445,0.3676555555555555,],
[0.5450044444444444,0.4549955555555555,],
[0.5846222222222222,0.4153777777777778,],
[0.7004977777777778,0.2995022222222222,],
[0.3385755555555556,0.6614244444444444,],
[0.5427177777777777,0.4572822222222223,],
[0.63978,0.36022,],
[0.4500777777777778,0.5499222222222223,],
[0.3908844444444444,0.6091155555555555,],
[0.5118244444444444,0.4881755555555556,],
[0.5727911111111111,0.4272088888888889,],
[0.4380022222222222,0.5619977777777778,],
[0.4608066666666667,0.5391933333333333,],
[0.49758,0.50242,],
[0.3127688888888888,0.687231111111111,],
[0.4872022222222223,0.5127977777777778,],
[0.3545222222222222,0.6454777777777778,],
[0.43512,0.56488,],
[0.5863755555555555,0.4136244444444444,],
[0.3813955555555555,0.6186044444444444,],
[0.421151111111111,0.5788488888888889,],
[0.5894022222222222,0.4105977777777777,],
[0.6454022222222223,0.3545977777777778,],
[0.5640355555555556,0.4359644444444444,],
[0.6023333333333334,0.3976666666666667,],
[0.5137933333333333,0.4862066666666667,],
[0.2944422222222222,0.7055577777777777,],
[0.4523866666666667,0.5476133333333334,],
[0.3827244444444444,0.6172755555555555,],
[0.5728222222222223,0.4271777777777777,],
[0.4962777777777778,0.5037222222222223,],
[0.6229955555555555,0.3770044444444444,],
[0.3350466666666666,0.6649533333333333,],
[0.4460666666666667,0.5539333333333333,],
[0.6626333333333333,0.3373666666666666,],
[0.37514,0.6248600000000001,],
[0.4110177777777778,0.5889822222222222,],
[0.3605866666666667,0.6394133333333334,],
[0.4977644444444445,0.5022355555555555,],
[0.5467911111111111,0.4532088888888889,],
[0.4095577777777777,0.5904422222222222,],
[0.55738,0.44262,],
[0.5578422222222222,0.4421577777777778,],
[0.366771111111111,0.6332288888888888,],
[0.5426644444444444,0.4573355555555556,],
[0.6756488888888889,0.3243511111111111,],
[0.4709777777777778,0.5290222222222222,],
[0.5218533333333334,0.4781466666666667,],
[0.6631599999999999,0.33684,],
[0.4889533333333334,0.5110466666666668,],
[0.3953688888888889,0.6046311111111111,],
[0.5332577777777777,0.4667422222222222,],
[0.5750911111111112,0.4249088888888889,],
[0.5514666666666667,0.4485333333333333,],
[0.5812222222222222,0.4187777777777777,],
[0.3540955555555556,0.6459044444444445,],
[0.4625555555555556,0.5374444444444445,],
[0.43236,0.56764,],
[0.4046888888888888,0.5953111111111112,],
[0.6671511111111111,0.3328488888888889,],
[0.5136444444444445,0.4863555555555555,],
[0.6457044444444444,0.3542955555555555,],
[0.3949288888888889,0.6050711111111111,],
[0.5326155555555555,0.4673844444444444,],
[0.3238733333333333,0.6761266666666667,],
[0.39522,0.60478,],
[0.2967933333333334,0.7032066666666668,],
[0.4494844444444445,0.5505155555555555,],
[0.4444822222222222,0.5555177777777779,],
[0.3448022222222222,0.6551977777777778,],
[0.6337888888888888,0.3662111111111111,],
[0.5567066666666667,0.4432933333333334,],
[0.3785777777777778,0.6214222222222223,],
[0.4283666666666667,0.5716333333333334,],
[0.4901755555555555,0.5098244444444444,],
[0.54898,0.45102,],
[0.5550911111111111,0.4449088888888889,],
[0.6796088888888888,0.3203911111111112,],
[0.3705955555555556,0.6294044444444445,],
[0.4259466666666666,0.5740533333333333,],
[0.3232622222222223,0.6767377777777777,],
[0.4654044444444445,0.5345955555555555,],
[0.5220222222222222,0.4779777777777778,],
[0.664391111111111,0.3356088888888888,],
[0.4629355555555555,0.5370644444444445,],
[0.4316422222222222,0.5683577777777779,],
[0.6021511111111112,0.3978488888888889,],
[0.5136488888888889,0.4863511111111111,],
[0.605771111111111,0.3942288888888889,],
[0.4766977777777777,0.5233022222222222,],
[0.5467288888888888,0.4532711111111111,],
[0.4446444444444444,0.5553555555555556,],
[0.4988644444444444,0.5011355555555556,],
[0.6010111111111112,0.3989888888888889,],
[0.6141799999999999,0.38582,],
[0.4470533333333333,0.5529466666666667,],
[0.4813266666666667,0.5186733333333333,],
[0.521548888888889,0.4784511111111111,],
[0.5612822222222222,0.4387177777777778,],
[0.6661977777777777,0.3338022222222222,],
[0.3688111111111111,0.6311888888888889,],
[0.6904088888888887,0.3095911111111112,],
[0.6212777777777778,0.3787222222222222,],
[0.4358177777777777,0.5641822222222223,],
[0.62398,0.37602,],
[0.6262688888888889,0.3737311111111111,],
[0.6202977777777778,0.3797022222222222,],
[0.4357644444444444,0.5642355555555556,],
[0.679211111111111,0.3207888888888889,],
[0.5114911111111111,0.4885088888888889,],
[0.4986177777777778,0.5013822222222222,],
[0.4622044444444445,0.5377955555555556,],
[0.4038377777777777,0.5961622222222223,],
[0.5787555555555556,0.4212444444444444,],
[0.6353577777777778,0.3646422222222222,],
[0.4850622222222222,0.5149377777777777,],
[0.5706333333333333,0.4293666666666667,],
[0.3807688888888888,0.6192311111111112,],
[0.4410555555555555,0.5589444444444445,],
[0.4807577777777778,0.5192422222222223,],
[0.2917644444444444,0.7082355555555556,],
[0.3950977777777777,0.6049022222222222,],
[0.5787644444444444,0.4212355555555555,],
[0.4283355555555555,0.5716644444444445,],
[0.3782911111111111,0.621708888888889,],
[0.4272488888888888,0.5727511111111112,],
[0.5173333333333333,0.4826666666666667,],
[0.4284777777777778,0.5715222222222223,],
[0.4587222222222223,0.5412777777777779,],
[0.6803466666666665,0.3196533333333333,],
[0.4466533333333333,0.5533466666666667,],
[0.3365222222222222,0.6634777777777777,],
[0.5985377777777777,0.4014622222222222,],
[0.43196,0.5680400000000001,],
[0.5891799999999999,0.41082,],
[0.4728311111111111,0.5271688888888889,],
[0.6095688888888888,0.3904311111111111,],
[0.5648422222222224,0.4351577777777778,],
[0.4122911111111111,0.5877088888888887,],
[0.3601177777777778,0.6398822222222224,],
[0.6153844444444444,0.3846155555555555,],
[0.4475266666666667,0.5524733333333333,],
[0.6315666666666667,0.3684333333333333,],
[0.5446511111111111,0.4553488888888889,],
[0.4723244444444444,0.5276755555555555,],
[0.5893488888888888,0.4106511111111111,],
[0.54144,0.45856,],
[0.5890755555555555,0.4109244444444444,],
[0.6271933333333334,0.3728066666666666,],
[0.4786844444444445,0.5213155555555556,],
[0.5497022222222223,0.4502977777777777,],
[0.3269666666666667,0.6730333333333333,],
[0.5048266666666666,0.4951733333333334,],
[0.4931333333333333,0.5068666666666667,],
[0.5855133333333333,0.4144866666666666,],
[0.5148777777777777,0.4851222222222222,],
[0.3837955555555556,0.6162044444444443,],
[0.5294177777777778,0.4705822222222223,],
[0.4263355555555555,0.5736644444444445,],
[0.5165866666666666,0.4834133333333333,],
[0.4458955555555555,0.5541044444444445,],
[0.5234666666666666,0.4765333333333333,],
[0.3770155555555555,0.6229844444444445,],
[0.6799066666666665,0.3200933333333333,],
[0.5541577777777779,0.4458422222222223,],
[0.4262377777777778,0.5737622222222223,],
[0.5427266666666667,0.4572733333333334,],
[0.6740977777777778,0.3259022222222222,],
[0.6049800000000001,0.39502,],
[0.4365977777777778,0.5634022222222224,],
[0.5289444444444444,0.4710555555555556,],
[0.5677844444444445,0.4322155555555555,],
[0.4627222222222223,0.5372777777777779,],
[0.4972044444444444,0.5027955555555556,],
[0.6582088888888888,0.341791111111111,],
[0.4471288888888889,0.5528711111111111,],
[0.46364,0.5363600000000001,],
[0.6143911111111111,0.3856088888888888,],
[0.5576333333333334,0.4423666666666667,],
[0.3454666666666666,0.6545333333333333,],
[0.6608066666666665,0.3391933333333333,],
[0.5069155555555555,0.4930844444444444,],
[0.47362,0.52638,],
[0.5328022222222222,0.4671977777777778,],
[0.3412111111111111,0.6587888888888889,],
[0.4932466666666667,0.5067533333333333,],
[0.5146755555555554,0.4853244444444444,],
[0.5861377777777779,0.4138622222222222,],
[0.3452422222222222,0.6547577777777779,],
[0.4567777777777778,0.5432222222222223,],
[0.4704088888888889,0.5295911111111111,],
[0.5216000000000001,0.4784,],
[0.3486288888888888,0.6513711111111111,],
[0.5754044444444445,0.4245955555555556,],
[0.4424866666666666,0.5575133333333334,],
[0.5587355555555557,0.4412644444444445,],
[0.3669933333333333,0.6330066666666666,],
[0.362,0.638,],
[0.4738888888888889,0.5261111111111111,],
[0.4968244444444445,0.5031755555555556,],
[0.5466355555555557,0.4533644444444444,],
[0.3710688888888888,0.6289311111111111,],
[0.4823644444444444,0.5176355555555555,],
[0.5880399999999999,0.4119599999999999,],
[0.5346955555555555,0.4653044444444445,],
[0.6441955555555556,0.3558044444444445,],
[0.47552,0.5244799999999999,],
[0.6617222222222221,0.3382777777777778,],
[0.5354044444444443,0.4645955555555556,],
[0.4602533333333333,0.5397466666666667,],
[0.46924,0.5307600000000001,],
[0.3725266666666666,0.6274733333333334,],
[0.4354755555555556,0.5645244444444445,],
[0.6235488888888888,0.3764511111111111,],
[0.55726,0.44274,],
[0.3454355555555556,0.6545644444444445,],
[0.4565622222222223,0.5434377777777778,],
[0.570228888888889,0.4297711111111112,],
[0.5005555555555556,0.4994444444444444,],
[0.3797088888888889,0.6202911111111112,],
[0.4321222222222222,0.5678777777777779,],
[0.41594,0.58406,],
[0.4436088888888889,0.5563911111111112,],
[0.5178977777777778,0.4821022222222222,],
[0.6005533333333333,0.3994466666666667,],
[0.3349644444444443,0.6650355555555555,],
[0.5013711111111111,0.4986288888888889,],
[0.37858,0.6214200000000001,],
[0.5780711111111111,0.4219288888888889,],
[0.6032955555555557,0.3967044444444445,],
[0.4759644444444444,0.5240355555555555,],
[0.4704044444444445,0.5295955555555556,],
[0.5672822222222222,0.4327177777777778,],
[0.7207777777777779,0.2792222222222222,],
[0.6629911111111111,0.3370088888888889,],
[0.4854533333333333,0.5145466666666667,],
[0.3126866666666667,0.6873133333333333,],
[0.4878444444444444,0.5121555555555556,],
[0.3496822222222222,0.6503177777777779,],
[0.5743,0.4257,],
[0.4345622222222222,0.5654377777777778,],
[0.4158688888888889,0.5841311111111112,],
[0.46206,0.53794,],
[0.7601266666666666,0.2398733333333333,],
[0.3601444444444445,0.6398555555555556,],
[0.4108,0.5891999999999998,],
[0.4379977777777778,0.5620022222222222,],
[0.4117866666666666,0.5882133333333333,],
[0.5772533333333334,0.4227466666666667,],
[0.6641822222222221,0.3358177777777777,],
[0.3648444444444444,0.6351555555555556,],
[0.4054555555555555,0.5945444444444444,],
[0.4575355555555555,0.5424644444444443,],
[0.5716266666666667,0.4283733333333333,],
[0.4753422222222222,0.5246577777777778,],
[0.4539533333333333,0.5460466666666667,],
[0.3790977777777778,0.6209022222222222,],
[0.5857177777777777,0.4142822222222222,],
[0.6084488888888888,0.3915511111111111,],
[0.4390666666666667,0.5609333333333333,],
[0.5658955555555556,0.4341044444444445,],
[0.3917844444444444,0.6082155555555555,],
[0.5127711111111112,0.4872288888888889,],
[0.3914311111111111,0.6085688888888888,],
[0.5608311111111111,0.4391688888888889,],
[0.6647044444444444,0.3352955555555555,],
[0.3323911111111111,0.6676088888888888,],
[0.4690866666666667,0.5309133333333333,],
[0.4356066666666666,0.5643933333333334,],
[0.6235577777777778,0.3764422222222222,],
[0.7227022222222224,0.2772977777777778,],
[0.6334688888888887,0.366531111111111,],
[0.5501733333333334,0.4498266666666667,],
[0.5895,0.4105,],
[0.3781155555555555,0.6218844444444445,],
[0.4269733333333333,0.5730266666666667,],
[0.5888955555555555,0.4111044444444444,],
[0.5406355555555556,0.4593644444444445,],
[0.5456688888888889,0.4543311111111111,],
[0.4533177777777778,0.5466822222222223,],
[0.5447955555555555,0.4552044444444445,],
[0.5951000000000001,0.4049,],
[0.3403955555555555,0.6596044444444444,],
[0.4921533333333334,0.5078466666666667,],
[0.4544311111111111,0.5455688888888889,],
[0.6224533333333334,0.3775466666666666,],
[0.5714200000000002,0.42858,],
[0.3825822222222222,0.6174177777777777,],
[0.58058,0.41942,],
[0.5126577777777778,0.4873422222222222,],
[0.500588888888889,0.4994111111111111,],
[0.669051111111111,0.3309488888888888,],
[0.5976444444444443,0.4023555555555555,],
[0.5318911111111112,0.4681088888888889,],
[0.5598088888888889,0.440191111111111,],
[0.3665377777777777,0.6334622222222221,],
[0.5583755555555555,0.4416244444444444,],
[0.49212,0.50788,],
[0.4484755555555555,0.5515244444444445,],
[0.6159711111111111,0.3840288888888889,],
[0.3133644444444444,0.6866355555555557,],
[0.570308888888889,0.4296911111111111,],
[0.583948888888889,0.4160511111111111,],
[0.3588244444444444,0.6411755555555556,],
[0.4575844444444445,0.5424155555555555,],
[0.61936,0.38064,],
[0.44138,0.5586200000000001,],
[0.3543911111111111,0.6456088888888889,],
[0.6854244444444445,0.3145755555555556,],
[0.5108355555555555,0.4891644444444445,],
[0.3662799999999999,0.63372,],
[0.5579600000000001,0.44204,],
[0.5022511111111111,0.4977488888888889,],
[0.4317666666666666,0.5682333333333335,],
[0.4988111111111111,0.5011888888888889,],
[0.46224,0.53776,],
[0.5676711111111111,0.4323288888888889,],
[0.6298444444444444,0.3701555555555555,],
[0.6383044444444445,0.3616955555555555,],
[0.5887488888888889,0.4112511111111111,],
[0.4691622222222223,0.5308377777777777,],
[0.3729377777777777,0.6270622222222223,],
[0.4314466666666666,0.5685533333333335,],
[0.48048,0.51952,],
[0.5788733333333332,0.4211266666666666,],
[0.6024955555555556,0.3975044444444445,],
[0.5379888888888888,0.4620111111111112,],
[0.5219888888888888,0.4780111111111111,],
[0.37874,0.62126,],
[0.4607244444444444,0.5392755555555556,],
[0.3709755555555555,0.6290244444444444,],
[0.5137088888888889,0.4862911111111111,],
[0.2859533333333333,0.7140466666666667,],
[0.3795377777777778,0.6204622222222222,],
[0.4579088888888889,0.5420911111111111,],
[0.6199199999999999,0.38008,],
[0.4946622222222222,0.5053377777777778,],
[0.3420844444444444,0.6579155555555556,],
[0.43342,0.5665800000000001,],
[0.3540444444444444,0.6459555555555556,],
[0.6327244444444444,0.3672755555555555,],
[0.5566466666666668,0.4433533333333334,],
[0.679691111111111,0.3203088888888889,],
[0.5568200000000001,0.44318,],
[0.6259555555555556,0.3740444444444444,],
[0.6434066666666667,0.3565933333333333,],
[0.4582333333333334,0.5417666666666667,],
[0.6794422222222222,0.3205577777777778,],
[0.3269488888888889,0.673051111111111,],
[0.4851822222222222,0.5148177777777777,],
[0.4121533333333333,0.5878466666666666,],
[0.5288488888888888,0.4711511111111111,],
[0.5576933333333335,0.4423066666666667,],
[0.3450177777777778,0.6549822222222222,],
[0.6184444444444444,0.3815555555555555,],
[0.5100577777777777,0.4899422222222222,],
[0.5601288888888889,0.4398711111111111,],
[0.6667222222222222,0.3332777777777777,],
[0.3539177777777778,0.6460822222222222,],
[0.5977177777777777,0.4022822222222222,],
[0.4176488888888888,0.5823511111111112,],
[0.4790822222222222,0.5209177777777777,],
[0.6224022222222223,0.3775977777777778,],
[0.4684977777777778,0.5315022222222223,],
[0.3537688888888889,0.6462311111111111,],
[0.4334066666666667,0.5665933333333334,],
[0.5633977777777779,0.4366022222222222,],
[0.6105955555555556,0.3894044444444444,],
[0.5900933333333332,0.4099066666666666,],
[0.5406822222222224,0.4593177777777778,],
[0.5944511111111112,0.4055488888888888,],
[0.4917755555555556,0.5082244444444444,],
[0.5743066666666666,0.4256933333333333,],
[0.6339244444444445,0.3660755555555555,],
[0.43316,0.5668400000000001,],
[0.3562688888888889,0.643731111111111,],
[0.5336422222222222,0.4663577777777778,],
[0.5975977777777778,0.4024022222222222,],
[0.5865488888888889,0.413451111111111,],
[0.3791577777777778,0.6208422222222223,],
[0.4058777777777778,0.5941222222222223,],
[0.43828,0.56172,],
[0.442,0.5580000000000001,],
[0.3454977777777777,0.6545022222222223,],
[0.3634377777777777,0.6365622222222223,],
[0.404071111111111,0.5959288888888888,],
[0.5521955555555556,0.4478044444444445,],
[0.5101822222222222,0.4898177777777777,],
[0.6465755555555556,0.3534244444444444,],
[0.5136044444444445,0.4863955555555555,],
[0.40072,0.5992799999999999,],
[0.3596822222222222,0.6403177777777778,],
[0.6105844444444445,0.3894155555555555,],
[0.56312,0.43688,],
[0.5575622222222223,0.4424377777777778,],
[0.6800222222222222,0.3199777777777778,],
[0.39456,0.60544,],
[0.5362533333333334,0.4637466666666667,],
[0.4316733333333333,0.5683266666666668,],
[0.5024777777777778,0.4975222222222223,],
[0.5241066666666666,0.4758933333333333,],
[0.4854533333333333,0.5145466666666667,],
[0.4013244444444444,0.5986755555555555,],
[0.5263622222222222,0.4736377777777778,],
[0.4331111111111111,0.566888888888889,],
[0.4625066666666667,0.5374933333333334,],
[0.4901422222222222,0.5098577777777777,],
[0.4111555555555556,0.5888444444444443,],
[0.4068666666666667,0.5931333333333333,],
[0.5272866666666667,0.4727133333333334,],
[0.4356022222222222,0.5643977777777779,],
[0.3543177777777777,0.6456822222222223,],
[0.6334866666666665,0.3665133333333332,],
[0.5440844444444445,0.4559155555555556,],
[0.5847311111111111,0.4152688888888889,],
[0.3562666666666667,0.6437333333333333,],
[0.5740311111111112,0.4259688888888888,],
[0.6078044444444445,0.3921955555555556,],
[0.5960311111111111,0.4039688888888888,],
[0.6125422222222222,0.3874577777777778,],
[0.5118222222222222,0.4881777777777778,],
[0.3919266666666666,0.6080733333333334,],
[0.5967644444444443,0.4032355555555555,],
[0.5447933333333332,0.4552066666666667,],
[0.4029333333333333,0.5970666666666665,],
[0.5787822222222222,0.4212177777777777,],
[0.3824,0.6175999999999999,],
[0.5908955555555555,0.4091044444444444,],
[0.5425199999999999,0.45748,],
[0.67392,0.32608,],
[0.6097533333333333,0.3902466666666666,],
[0.5835066666666666,0.4164933333333333,],
[0.3709733333333333,0.6290266666666666,],
[0.54108,0.45892,],
[0.42822,0.57178,],
[0.3773022222222222,0.6226977777777778,],
[0.5290866666666667,0.4709133333333334,],
[0.58014,0.41986,],
[0.46066,0.53934,],
[0.4311911111111111,0.5688088888888889,],
[0.3920955555555556,0.6079044444444444,],
[0.5107911111111111,0.4892088888888889,],
[0.2840755555555556,0.7159244444444445,],
[0.5611755555555556,0.4388244444444445,],
[0.6369444444444444,0.3630555555555556,],
[0.4876488888888889,0.5123511111111111,],
[0.5015822222222222,0.4984177777777778,],
[0.4312177777777778,0.5687822222222223,],
[0.4633266666666667,0.5366733333333333,],
[0.5298333333333334,0.4701666666666667,],
[0.6644088888888888,0.3355911111111111,],
[0.4416911111111111,0.558308888888889,],
[0.4330911111111111,0.5669088888888889,],
[0.3554933333333333,0.6445066666666667,],
[0.3308755555555555,0.6691244444444444,],
[0.6126622222222223,0.3873377777777777,],
[0.6131755555555556,0.3868244444444444,],
[0.4958444444444444,0.5041555555555556,],
[0.5192777777777778,0.4807222222222222,],
[0.4237888888888889,0.5762111111111112,],
[0.522708888888889,0.4772911111111111,],
[0.5823288888888889,0.4176711111111111,],
[0.6084933333333332,0.3915066666666667,],
[0.5843888888888888,0.4156111111111111,],
[0.55788,0.44212,],
[0.3674022222222221,0.6325977777777778,],
[0.5275777777777778,0.4724222222222222,],
[0.3562733333333333,0.6437266666666666,],
[0.5428711111111111,0.4571288888888889,],
[0.4950111111111111,0.5049888888888888,],
[0.4626244444444445,0.5373755555555556,],
[0.4308244444444444,0.5691755555555555,],
[0.4073577777777777,0.5926422222222222,],
[0.4313577777777778,0.5686422222222223,],
[0.3392333333333333,0.6607666666666665,],
[0.5423688888888889,0.4576311111111111,],
[0.3358333333333333,0.6641666666666667,],
[0.4266422222222222,0.5733577777777779,],
[0.3546111111111111,0.645388888888889,],
[0.6443444444444445,0.3556555555555556,],
[0.3470933333333334,0.6529066666666666,],
[0.5854733333333333,0.4145266666666667,],
[0.4530355555555555,0.5469644444444445,],
[0.4748088888888889,0.5251911111111111,],
[0.6876288888888888,0.3123711111111111,],
[0.62326,0.37674,],
[0.6113977777777778,0.3886022222222222,],
[0.5208644444444444,0.4791355555555556,],
[0.5759666666666668,0.4240333333333333,],
[0.366551111111111,0.6334488888888888,],
[0.3305244444444444,0.6694755555555555,],
[0.6120311111111111,0.3879688888888889,],
[0.5711577777777778,0.4288422222222222,],
[0.4566822222222222,0.5433177777777777,],
[0.4813488888888889,0.5186511111111111,],
[0.4802222222222222,0.5197777777777777,],
[0.4116377777777778,0.5883622222222222,],
[0.52922,0.47078,],
[0.6430666666666667,0.3569333333333334,],
[0.5363422222222223,0.4636577777777778,],
[0.4935911111111111,0.5064088888888888,],
[0.5524222222222221,0.4475777777777777,],
[0.5432844444444445,0.4567155555555555,],
[0.3827644444444444,0.6172355555555555,],
[0.4605000000000001,0.5395000000000001,],
[0.4842355555555556,0.5157644444444444,],
[0.5868644444444444,0.4131355555555555,],
[0.4105977777777777,0.5894022222222222,],
[0.5856066666666667,0.4143933333333333,],
[0.3965222222222222,0.6034777777777778,],
[0.3392666666666666,0.6607333333333333,],
[0.5551444444444444,0.4448555555555556,],
[0.3095111111111111,0.6904888888888888,],
[0.5303044444444445,0.4696955555555556,],
[0.5109977777777778,0.4890022222222222,],
[0.65142,0.34858,],
[0.4787888888888889,0.5212111111111112,],
[0.5436799999999999,0.4563200000000001,],
[0.4042866666666666,0.5957133333333333,],
[0.6789755555555554,0.3210244444444444,],
[0.5685244444444445,0.4314755555555556,],
[0.4021088888888888,0.5978911111111112,],
[0.4602644444444445,0.5397355555555556,],
[0.4291466666666667,0.5708533333333333,],
[0.5376911111111111,0.4623088888888889,],
[0.4063755555555555,0.5936244444444445,],
[0.6628177777777776,0.3371822222222222,],
[0.4872266666666667,0.5127733333333333,],
[0.3820333333333333,0.6179666666666667,],
[0.5717755555555556,0.4282244444444445,],
[0.3963822222222222,0.6036177777777777,],
[0.4700755555555556,0.5299244444444444,],
[0.6019288888888888,0.3980711111111112,],
[0.33628,0.66372,],
[0.6375777777777778,0.3624222222222222,],
[0.4589288888888889,0.5410711111111112,],
[0.3903844444444445,0.6096155555555555,],
[0.4018244444444444,0.5981755555555556,],
[0.4927822222222223,0.5072177777777777,],
[0.5586755555555556,0.4413244444444444,],
[0.4216511111111111,0.5783488888888889,],
[0.4156244444444444,0.5843755555555555,],
[0.6321755555555556,0.3678244444444444,],
[0.4417888888888889,0.5582111111111112,],
[0.4936888888888889,0.506311111111111,],
[0.5938755555555555,0.4061244444444444,],
[0.3832511111111111,0.6167488888888889,],
[0.3186244444444445,0.6813755555555555,],
[0.4944133333333333,0.5055866666666666,],
[0.4260911111111111,0.573908888888889,],
[0.5240133333333332,0.4759866666666666,],
[0.5559155555555556,0.4440844444444444,],
[0.4860822222222222,0.5139177777777778,],
[0.4111488888888889,0.588851111111111,],
[0.5457177777777777,0.4542822222222222,],
[0.3705088888888889,0.6294911111111111,],
[0.5222755555555556,0.4777244444444444,],
[0.4713644444444444,0.5286355555555555,],
[0.5603555555555555,0.4396444444444444,],
[0.3875155555555556,0.6124844444444445,],
[0.4037888888888888,0.596211111111111,],
[0.5373644444444444,0.4626355555555556,],
[0.6091466666666666,0.3908533333333333,],
[0.5642044444444444,0.4357955555555555,],
[0.4924066666666667,0.5075933333333333,],
[0.5559133333333334,0.4440866666666666,],
[0.5318644444444446,0.4681355555555556,],
[0.5724311111111112,0.4275688888888888,],
[0.4948288888888889,0.5051711111111111,],
[0.4762422222222222,0.5237577777777778,],
[0.5132777777777778,0.4867222222222222,],
[0.5811000000000001,0.4189,],
[0.6406488888888889,0.3593511111111111,],
[0.3091088888888889,0.6908911111111111,],
[0.4592511111111111,0.5407488888888889,],
[0.6807177777777778,0.3192822222222223,],
[0.3550066666666667,0.6449933333333333,],
[0.5804422222222223,0.4195577777777778,],
[0.4307088888888889,0.5692911111111111,],
[0.5028622222222222,0.4971377777777778,],
[0.6224466666666667,0.3775533333333333,],
[0.6876399999999999,0.31236,],
[0.3794222222222222,0.6205777777777778,],
[0.4291111111111111,0.5708888888888888,],
[0.4364577777777778,0.5635422222222223,],
[0.6041266666666667,0.3958733333333333,],
[0.3899733333333333,0.6100266666666667,],
[0.4019666666666666,0.5980333333333333,],
[0.4334555555555555,0.5665444444444445,],
[0.4643088888888889,0.535691111111111,],
[0.4433777777777778,0.5566222222222224,],
[0.3458155555555555,0.6541844444444445,],
[0.6669933333333334,0.3330066666666667,],
[0.5612488888888889,0.4387511111111111,],
[0.4940066666666666,0.5059933333333333,],
[0.3863066666666666,0.6136933333333334,],
[0.5422266666666666,0.4577733333333333,],
[0.4502222222222222,0.5497777777777779,],
[0.4005822222222222,0.5994177777777777,],
[0.6536000000000001,0.3464,],
[0.6132911111111111,0.3867088888888888,],
[0.4859711111111111,0.5140288888888889,],
[0.6247533333333334,0.3752466666666667,],
[0.4830844444444445,0.5169155555555555,],
[0.5410044444444445,0.4589955555555555,],
[0.2870666666666667,0.7129333333333333,],
[0.6252244444444444,0.3747755555555555,],
[0.5120666666666667,0.4879333333333333,],
[0.5272622222222222,0.4727377777777778,],
[0.6117622222222222,0.3882377777777778,],
[0.3969377777777778,0.6030622222222223,],
[0.6156533333333333,0.3843466666666667,],
[0.4437222222222222,0.5562777777777778,],
[0.5496244444444446,0.4503755555555556,],
[0.3527955555555555,0.6472044444444445,],
[0.6137533333333334,0.3862466666666666,],
[0.6622288888888889,0.3377711111111111,],
[0.4391133333333334,0.5608866666666666,],
[0.5131733333333334,0.4868266666666666,],
[0.6794844444444444,0.3205155555555556,],
[0.6331844444444443,0.3668155555555555,],
[0.5432888888888888,0.4567111111111111,],
[0.5706333333333333,0.4293666666666667,],
[0.3827155555555555,0.6172844444444444,],
[0.4111488888888889,0.588851111111111,],
[0.4367133333333333,0.5632866666666667,],
[0.3912577777777777,0.6087422222222222,],
[0.4012422222222222,0.5987577777777777,],
[0.4610888888888889,0.5389111111111111,],
[0.4970044444444445,0.5029955555555555,],
[0.5340044444444444,0.4659955555555556,],
[0.3949577777777777,0.6050422222222221,],
[0.6598133333333333,0.3401866666666666,],
[0.3965755555555556,0.6034244444444444,],
[0.4853977777777778,0.5146022222222222,],
[0.4599777777777778,0.5400222222222223,],
[0.5446822222222223,0.4553177777777778,],
[0.3729622222222222,0.6270377777777778,],
[0.5129533333333333,0.4870466666666667,],
[0.6022555555555555,0.3977444444444445,],
[0.5192600000000001,0.48074,],
[0.42332,0.5766800000000001,],
[0.569751111111111,0.4302488888888888,],
[0.5019111111111111,0.4980888888888889,],
[0.528811111111111,0.4711888888888889,],
[0.4111555555555556,0.5888444444444443,],
[0.6081333333333333,0.3918666666666666,],
[0.4404,0.5596,],
[0.5872488888888888,0.412751111111111,],
[0.4097088888888889,0.590291111111111,],
[0.4792644444444445,0.5207355555555556,],
[0.4084111111111111,0.5915888888888888,],
[0.4733511111111111,0.5266488888888888,],
[0.38362,0.61638,],
[0.4375555555555556,0.5624444444444444,],
[0.4689555555555556,0.5310444444444445,],
[0.5568533333333334,0.4431466666666667,],
[0.68002,0.31998,],
[0.5217422222222222,0.4782577777777778,],
[0.4901444444444444,0.5098555555555556,],
[0.59176,0.4082399999999999,],
[0.4871933333333334,0.5128066666666667,],
[0.5168288888888889,0.4831711111111111,],
[0.6384666666666667,0.3615333333333333,],
[0.3660511111111111,0.6339488888888889,],
[0.57562,0.42438,],
[0.6268311111111111,0.3731688888888888,],
[0.50852,0.49148,],
[0.3351177777777777,0.6648822222222222,],
[0.6022177777777777,0.3977822222222223,],
[0.4915133333333334,0.5084866666666666,],
[0.3358155555555555,0.6641844444444444,],
[0.5123533333333333,0.4876466666666667,],
[0.3715511111111111,0.6284488888888889,],
[0.4895222222222222,0.5104777777777778,],
[0.4298066666666667,0.5701933333333334,],
[0.4240755555555555,0.5759244444444446,],
[0.6298222222222222,0.3701777777777778,],
[0.4737266666666667,0.5262733333333333,],
[0.5332155555555556,0.4667844444444444,],
[0.5225422222222222,0.4774577777777778,],
[0.3897755555555555,0.6102244444444445,],
[0.5782022222222223,0.4217977777777778,],
[0.4049133333333332,0.5950866666666667,],
[0.4420177777777778,0.5579822222222223,],
[0.3468022222222222,0.6531977777777779,],
[0.571628888888889,0.4283711111111111,],
[0.5319777777777778,0.4680222222222222,],
[0.5755955555555556,0.4244044444444444,],
[0.3504866666666667,0.6495133333333334,],
[0.5608266666666666,0.4391733333333334,],
[0.3026,0.6973999999999999,],
[0.3702466666666666,0.6297533333333334,],
[0.54144,0.45856,],
[0.4958177777777777,0.5041822222222223,],
[0.427151111111111,0.572848888888889,],
[0.6742111111111111,0.3257888888888889,],
[0.5423555555555555,0.4576444444444445,],
[0.44468,0.55532,],
[0.6633466666666666,0.3366533333333332,],
[0.5816311111111112,0.4183688888888888,],
[0.5138288888888889,0.4861711111111111,],
[0.4760199999999999,0.5239799999999999,],
[0.4702844444444445,0.5297155555555555,],
[0.6438155555555555,0.3561844444444445,],
[0.6259711111111111,0.3740288888888889,],
[0.3790733333333333,0.6209266666666667,],
[0.6042311111111112,0.3957688888888889,],
[0.39602,0.60398,],
[0.5340622222222222,0.4659377777777778,],
[0.4265066666666666,0.5734933333333334,],
[0.3355688888888888,0.6644311111111111,],
[0.5907577777777778,0.4092422222222222,],
[0.3539555555555556,0.6460444444444444,],
[0.4608111111111112,0.5391888888888889,],
[0.4646755555555556,0.5353244444444444,],
[0.4582488888888889,0.5417511111111111,],
[0.4211133333333333,0.5788866666666667,],
[0.3861555555555555,0.6138444444444444,],
[0.3161177777777778,0.6838822222222223,],
[0.3431977777777778,0.6568022222222222,],
[0.4284555555555556,0.5715444444444445,],
[0.6371311111111111,0.3628688888888889,],
[0.4870111111111111,0.5129888888888888,],
[0.5243866666666666,0.4756133333333333,],
[0.5220511111111111,0.4779488888888889,],
[0.6126600000000001,0.38734,],
[0.5208155555555556,0.4791844444444445,],
[0.5293044444444446,0.4706955555555556,],
[0.31078,0.6892199999999998,],
[0.4991088888888889,0.5008911111111112,],
[0.46756,0.53244,],
[0.5593511111111111,0.4406488888888889,],
[0.4425377777777778,0.5574622222222223,],
[0.6175244444444444,0.3824755555555555,],
[0.397,0.603,],
[0.5961844444444445,0.4038155555555555,],
[0.5436488888888888,0.4563511111111112,],
[0.6793377777777777,0.3206622222222222,],
[0.4065333333333333,0.5934666666666666,],
[0.32236,0.67764,],
[0.4280977777777777,0.5719022222222222,],
[0.55732,0.44268,],
[0.3675377777777777,0.6324622222222223,],
[0.55944,0.44056,],
[0.3668688888888888,0.6331311111111111,],
[0.6083044444444444,0.3916955555555555,],
[0.4386288888888889,0.5613711111111112,],
[0.3786044444444444,0.6213955555555556,],
[0.5013599999999999,0.49864,],
[0.4136377777777778,0.5863622222222222,],
[0.3197111111111111,0.6802888888888888,],
[0.5039977777777778,0.4960022222222222,],
[0.3798822222222222,0.6201177777777778,],
[0.4413733333333333,0.5586266666666667,],
[0.34776,0.6522399999999999,],
[0.3354777777777778,0.6645222222222222,],
[0.4275555555555555,0.5724444444444445,],
[0.5981755555555556,0.4018244444444444,],
[0.5284022222222222,0.4715977777777778,],
[0.4857577777777777,0.5142422222222223,],
[0.4629622222222222,0.5370377777777778,],
[0.42976,0.5702400000000001,],
[0.4615400000000001,0.53846,],
[0.6300044444444445,0.3699955555555555,],
[0.5445533333333333,0.4554466666666667,],
[0.6880933333333332,0.3119066666666666,],
[0.5897399999999999,0.41026,],
[0.5398488888888889,0.4601511111111111,],
[0.3893577777777777,0.6106422222222222,],
[0.5813577777777779,0.4186422222222222,],
[0.3467733333333333,0.6532266666666667,],
[0.4521555555555555,0.5478444444444445,],
[0.4759622222222222,0.5240377777777777,],
[0.3453288888888889,0.6546711111111112,],
[0.4435177777777778,0.5564822222222223,],
[0.4710422222222223,0.5289577777777777,],
[0.3967466666666667,0.6032533333333334,],
[0.45776,0.5422399999999999,],
[0.6816466666666666,0.3183533333333333,],
[0.6195999999999999,0.3804,],
[0.5101022222222222,0.4898977777777778,],
[0.4048666666666666,0.5951333333333334,],
[0.6689444444444445,0.3310555555555555,],
[0.3479577777777778,0.6520422222222223,],
[0.45822,0.54178,],
[0.3589022222222222,0.6410977777777779,],
[0.4008755555555555,0.5991244444444443,],
[0.6522533333333334,0.3477466666666666,],
[0.5688066666666668,0.4311933333333333,],
[0.4157466666666666,0.5842533333333333,],
[0.4736066666666666,0.5263933333333333,],
[0.3121355555555556,0.6878644444444444,],
[0.4872111111111112,0.512788888888889,],
[0.4491022222222222,0.5508977777777778,],
[0.5417266666666667,0.4582733333333333,],
[0.6236444444444444,0.3763555555555555,],
[0.660691111111111,0.3393088888888889,],
[0.6224733333333334,0.3775266666666666,],
[0.4696688888888889,0.5303311111111112,],
[0.4317688888888889,0.5682311111111112,],
[0.48992,0.51008,],
[0.4409711111111111,0.559028888888889,],
[0.4882311111111112,0.5117688888888888,],
[0.5341999999999999,0.4658,],
[0.316751111111111,0.6832488888888888,],
[0.4290933333333333,0.5709066666666666,],
[0.5787777777777778,0.4212222222222222,],
[0.4467111111111112,0.5532888888888888,],
[0.7206555555555556,0.2793444444444445,],
[0.4160044444444444,0.5839955555555555,],
[0.3040555555555556,0.6959444444444445,],
[0.45948,0.5405200000000001,],
[0.4975288888888889,0.5024711111111111,],
[0.4110355555555555,0.5889644444444444,],
[0.3607955555555556,0.6392044444444445,],
[0.3695155555555555,0.6304844444444445,],
[0.542711111111111,0.4572888888888889,],
[0.5262022222222222,0.4737977777777778,],
[0.4865488888888889,0.5134511111111111,],
[0.4371222222222222,0.5628777777777778,],
[0.2605711111111111,0.7394288888888888,],
[0.5023333333333333,0.4976666666666666,],
[0.4313133333333333,0.5686866666666667,],
[0.62334,0.37666,],
[0.4364622222222223,0.5635377777777778,],
[0.4332177777777778,0.5667822222222223,],
[0.4167266666666666,0.5832733333333333,],
[0.3329888888888889,0.6670111111111112,],
[0.5218466666666667,0.4781533333333333,],
[0.4344955555555555,0.5655044444444445,],
[0.4168577777777777,0.5831422222222221,],
[0.6091088888888889,0.3908911111111111,],
[0.5837177777777778,0.4162822222222222,],
[0.5587333333333334,0.4412666666666666,],
[0.4409711111111111,0.559028888888889,],
[0.3877377777777777,0.6122622222222223,],
[0.6799733333333332,0.3200266666666667,],
[0.5903666666666666,0.4096333333333333,],
[0.4428622222222223,0.5571377777777778,],
[0.3537533333333333,0.6462466666666667,],
[0.4337222222222222,0.5662777777777779,],
[0.6258688888888889,0.3741311111111111,],
[0.5206488888888888,0.4793511111111111,],
[0.5224133333333334,0.4775866666666666,],
[0.4710244444444445,0.5289755555555555,],
[0.5695955555555555,0.4304044444444444,],
[0.5349266666666667,0.4650733333333333,],
[0.6659755555555555,0.3340244444444445,],
[0.56166,0.43834,],
[0.3536955555555555,0.6463044444444445,],
[0.4812688888888889,0.518731111111111,],
[0.4326777777777778,0.5673222222222223,],
[0.35552,0.6444800000000001,],
[0.6229711111111111,0.3770288888888889,],
[0.4540711111111111,0.5459288888888888,],
[0.3035622222222222,0.6964377777777777,],
[0.5599333333333334,0.4400666666666666,],
[0.4114977777777777,0.5885022222222223,],
[0.4373088888888889,0.5626911111111111,],
[0.5478022222222223,0.4521977777777778,],
[0.594388888888889,0.4056111111111111,],
[0.4935088888888889,0.5064911111111111,],
[0.5586266666666667,0.4413733333333333,],
[0.3792622222222222,0.6207377777777777,],
[0.5082577777777777,0.4917422222222222,],
[0.6818399999999999,0.31816,],
[0.6000711111111111,0.3999288888888889,],
[0.4456355555555556,0.5543644444444445,],
[0.5165088888888888,0.4834911111111111,],
[0.3248111111111112,0.6751888888888889,],
[0.4660111111111112,0.5339888888888888,],
[0.4687,0.5313,],
[0.4359066666666667,0.5640933333333333,],
[0.6728066666666667,0.3271933333333334,],
[0.49034,0.50966,],
[0.5787733333333334,0.4212266666666666,],
[0.4138088888888888,0.5861911111111112,],
[0.4546155555555556,0.5453844444444444,],
[0.4532422222222222,0.5467577777777778,],
[0.5164822222222222,0.4835177777777778,],
[0.4656733333333334,0.5343266666666666,],
[0.6799222222222221,0.3200777777777778,],
[0.37864,0.62136,],
[0.6581644444444444,0.3418355555555555,],
[0.5874288888888888,0.4125711111111111,],
[0.6656911111111111,0.3343088888888889,],
[0.5239777777777777,0.4760222222222221,],
[0.6188466666666667,0.3811533333333333,],
[0.5110377777777778,0.4889622222222222,],
[0.4871666666666667,0.5128333333333334,],
[0.5936111111111111,0.4063888888888889,],
[0.5333666666666665,0.4666333333333333,],
[0.3948911111111111,0.6051088888888889,],
[0.6095155555555556,0.3904844444444444,],
[0.5831199999999999,0.4168799999999999,],
[0.4418,0.5582,],
[0.3483444444444444,0.6516555555555555,],
[0.532,0.468,],
[0.4338177777777777,0.5661822222222223,],
[0.5586355555555557,0.4413644444444444,],
[0.60334,0.39666,],
[0.5749377777777779,0.4250622222222222,],
[0.5336866666666666,0.4663133333333334,],
[0.463768888888889,0.5362311111111111,],
[0.4183511111111111,0.581648888888889,],
[0.4151244444444444,0.5848755555555556,],
[0.3662111111111111,0.6337888888888888,],
[0.4628577777777778,0.5371422222222223,],
[0.497308888888889,0.5026911111111111,],
[0.51208,0.48792,],
[0.5652288888888889,0.4347711111111111,],
[0.5290088888888889,0.4709911111111111,],
[0.3094933333333333,0.6905066666666666,],
[0.5482399999999999,0.4517600000000001,],
[0.3528911111111111,0.647108888888889,],
[0.5286688888888889,0.4713311111111111,],
[0.4121866666666666,0.5878133333333332,],
[0.54562,0.45438,],
[0.5639866666666667,0.4360133333333333,],
[0.5413977777777778,0.4586022222222222,],
[0.4498755555555555,0.5501244444444444,],
[0.67802,0.32198,],
[0.4190133333333333,0.5809866666666667,],
[0.5616,0.4384,],
[0.6663933333333333,0.3336066666666667,],
[0.5086822222222223,0.4913177777777778,],
[0.6611199999999999,0.33888,],
[0.3782844444444444,0.6217155555555556,],
[0.5439533333333334,0.4560466666666667,],
[0.4693666666666667,0.5306333333333334,],
[0.4359022222222222,0.5640977777777777,],
[0.4433000000000001,0.5567000000000001,],
[0.4961177777777778,0.5038822222222222,],
[0.4392222222222222,0.5607777777777777,],
[0.4702866666666667,0.5297133333333334,],
[0.4328955555555555,0.5671044444444445,],
[0.4170244444444444,0.5829755555555556,],
[0.3133955555555555,0.6866044444444445,],
[0.4847244444444444,0.5152755555555555,],
[0.5785622222222222,0.4214377777777777,],
[0.4284577777777778,0.5715422222222223,],
[0.4849511111111111,0.5150488888888888,],
[0.6639288888888888,0.336071111111111,],
[0.4684955555555556,0.5315044444444446,],
[0.4700133333333334,0.5299866666666666,],
[0.4923444444444445,0.5076555555555555,],
[0.5575755555555556,0.4424244444444445,],
[0.3969911111111111,0.6030088888888889,],
[0.47116,0.52884,],
[0.4391088888888889,0.5608911111111111,],
[0.6096422222222222,0.3903577777777778,],
[0.3942422222222222,0.6057577777777777,],
[0.5374333333333333,0.4625666666666667,],
[0.4321733333333333,0.5678266666666668,],
[0.3559022222222222,0.6440977777777778,],
[0.5829266666666666,0.4170733333333333,],
[0.4479244444444445,0.5520755555555557,],
[0.5608955555555556,0.4391044444444445,],
[0.5337444444444445,0.4662555555555556,],
[0.3551377777777778,0.6448622222222221,],
[0.4998577777777778,0.5001422222222223,],
[0.4664200000000001,0.5335799999999999,],
[0.3239177777777778,0.6760822222222223,],
[0.4308511111111111,0.5691488888888889,],
[0.4879266666666667,0.5120733333333334,],
[0.4356177777777778,0.5643822222222222,],
[0.4753244444444444,0.5246755555555556,],
[0.4847622222222222,0.5152377777777777,],
[0.5253555555555556,0.4746444444444444,],
[0.5707777777777778,0.4292222222222222,],
[0.3816599999999999,0.61834,],
[0.4614533333333334,0.5385466666666667,],
[0.5440844444444445,0.4559155555555556,],
];;
