6399 8014 11 1 1199 1203 3599 3999 4404 4807 5197 5602 5993 
0 1199
0 1200
0 1201
0 1202
1 1203
1 1204
2 1205
2 1206
3 1207
3 1208
4 1209
4 1210
5 1211
5 1212
6 1213
6 1214
7 1215
7 1216
8 1217
8 1218
9 1219
9 1220
10 1221
10 1222
11 1223
11 1224
12 1225
12 1226
13 1227
13 1228
14 1229
14 1230
15 1231
15 1232
16 1233
16 1234
17 1235
17 1236
18 1237
18 1238
19 1239
19 1240
20 1241
20 1242
21 1243
21 1244
22 1245
22 1246
23 1247
23 1248
24 1249
24 1250
25 1251
25 1252
26 1253
26 1254
27 1255
27 1256
28 1257
28 1258
29 1259
29 1260
30 1261
30 1262
31 1263
31 1264
32 1265
32 1266
33 1267
33 1268
34 1269
34 1270
35 1271
35 1272
36 1273
36 1274
37 1275
37 1276
38 1277
38 1278
39 1279
39 1280
40 1281
40 1282
41 1283
41 1284
42 1285
42 1286
43 1287
43 1288
44 1289
44 1290
45 1291
45 1292
46 1293
46 1294
47 1295
47 1296
48 1297
48 1298
49 1299
49 1300
50 1301
50 1302
51 1303
51 1304
52 1305
52 1306
53 1307
53 1308
54 1309
54 1310
55 1311
55 1312
56 1313
56 1314
57 1315
57 1316
58 1317
58 1318
59 1319
59 1320
60 1321
60 1322
61 1323
61 1324
62 1325
62 1326
63 1327
63 1328
64 1329
64 1330
65 1331
65 1332
66 1333
66 1334
67 1335
67 1336
68 1337
68 1338
69 1339
69 1340
70 1341
70 1342
71 1343
71 1344
72 1345
72 1346
73 1347
73 1348
74 1349
74 1350
75 1351
75 1352
76 1353
76 1354
77 1355
77 1356
78 1357
78 1358
79 1359
79 1360
80 1361
80 1362
81 1363
81 1364
82 1365
82 1366
83 1367
83 1368
84 1369
84 1370
85 1371
85 1372
86 1373
86 1374
87 1375
87 1376
88 1377
88 1378
89 1379
89 1380
90 1381
90 1382
91 1383
91 1384
92 1385
92 1386
93 1387
93 1388
94 1389
94 1390
95 1391
95 1392
96 1393
96 1394
97 1395
97 1396
98 1397
98 1398
99 1399
99 1400
100 1401
100 1402
101 1403
101 1404
102 1405
102 1406
103 1407
103 1408
104 1409
104 1410
105 1411
105 1412
106 1413
106 1414
107 1415
107 1416
108 1417
108 1418
109 1419
109 1420
110 1421
110 1422
111 1423
111 1424
112 1425
112 1426
113 1427
113 1428
114 1429
114 1430
115 1431
115 1432
116 1433
116 1434
117 1435
117 1436
118 1437
118 1438
119 1439
119 1440
120 1441
120 1442
121 1443
121 1444
122 1445
122 1446
123 1447
123 1448
124 1449
124 1450
125 1451
125 1452
126 1453
126 1454
127 1455
127 1456
128 1457
128 1458
129 1459
129 1460
130 1461
130 1462
131 1463
131 1464
132 1465
132 1466
133 1467
133 1468
134 1469
134 1470
135 1471
135 1472
136 1473
136 1474
137 1475
137 1476
138 1477
138 1478
139 1479
139 1480
140 1481
140 1482
141 1483
141 1484
142 1485
142 1486
143 1487
143 1488
144 1489
144 1490
145 1491
145 1492
146 1493
146 1494
147 1495
147 1496
148 1497
148 1498
149 1499
149 1500
150 1501
150 1502
151 1503
151 1504
152 1505
152 1506
153 1507
153 1508
154 1509
154 1510
155 1511
155 1512
156 1513
156 1514
157 1515
157 1516
158 1517
158 1518
159 1519
159 1520
160 1521
160 1522
161 1523
161 1524
162 1525
162 1526
163 1527
163 1528
164 1529
164 1530
165 1531
165 1532
166 1533
166 1534
167 1535
167 1536
168 1537
168 1538
169 1539
169 1540
170 1541
170 1542
171 1543
171 1544
172 1545
172 1546
173 1547
173 1548
174 1549
174 1550
175 1551
175 1552
176 1553
176 1554
177 1555
177 1556
178 1557
178 1558
179 1559
179 1560
180 1561
180 1562
181 1563
181 1564
182 1565
182 1566
183 1567
183 1568
184 1569
184 1570
185 1571
185 1572
186 1573
186 1574
187 1575
187 1576
188 1577
188 1578
189 1579
189 1580
190 1581
190 1582
191 1583
191 1584
192 1585
192 1586
193 1587
193 1588
194 1589
194 1590
195 1591
195 1592
196 1593
196 1594
197 1595
197 1596
198 1597
198 1598
199 1599
199 1600
200 1601
200 1602
201 1603
201 1604
202 1605
202 1606
203 1607
203 1608
204 1609
204 1610
205 1611
205 1612
206 1613
206 1614
207 1615
207 1616
208 1617
208 1618
209 1619
209 1620
210 1621
210 1622
211 1623
211 1624
212 1625
212 1626
213 1627
213 1628
214 1629
214 1630
215 1631
215 1632
216 1633
216 1634
217 1635
217 1636
218 1637
218 1638
219 1639
219 1640
220 1641
220 1642
221 1643
221 1644
222 1645
222 1646
223 1647
223 1648
224 1649
224 1650
225 1651
225 1652
226 1653
226 1654
227 1655
227 1656
228 1657
228 1658
229 1659
229 1660
230 1661
230 1662
231 1663
231 1664
232 1665
232 1666
233 1667
233 1668
234 1669
234 1670
235 1671
235 1672
236 1673
236 1674
237 1675
237 1676
238 1677
238 1678
239 1679
239 1680
240 1681
240 1682
241 1683
241 1684
242 1685
242 1686
243 1687
243 1688
244 1689
244 1690
245 1691
245 1692
246 1693
246 1694
247 1695
247 1696
248 1697
248 1698
249 1699
249 1700
250 1701
250 1702
251 1703
251 1704
252 1705
252 1706
253 1707
253 1708
254 1709
254 1710
255 1711
255 1712
256 1713
256 1714
257 1715
257 1716
258 1717
258 1718
259 1719
259 1720
260 1721
260 1722
261 1723
261 1724
262 1725
262 1726
263 1727
263 1728
264 1729
264 1730
265 1731
265 1732
266 1733
266 1734
267 1735
267 1736
268 1737
268 1738
269 1739
269 1740
270 1741
270 1742
271 1743
271 1744
272 1745
272 1746
273 1747
273 1748
274 1749
274 1750
275 1751
275 1752
276 1753
276 1754
277 1755
277 1756
278 1757
278 1758
279 1759
279 1760
280 1761
280 1762
281 1763
281 1764
282 1765
282 1766
283 1767
283 1768
284 1769
284 1770
285 1771
285 1772
286 1773
286 1774
287 1775
287 1776
288 1777
288 1778
289 1779
289 1780
290 1781
290 1782
291 1783
291 1784
292 1785
292 1786
293 1787
293 1788
294 1789
294 1790
295 1791
295 1792
296 1793
296 1794
297 1795
297 1796
298 1797
298 1798
299 1799
299 1800
300 1801
300 1802
301 1803
301 1804
302 1805
302 1806
303 1807
303 1808
304 1809
304 1810
305 1811
305 1812
306 1813
306 1814
307 1815
307 1816
308 1817
308 1818
309 1819
309 1820
310 1821
310 1822
311 1823
311 1824
312 1825
312 1826
313 1827
313 1828
314 1829
314 1830
315 1831
315 1832
316 1833
316 1834
317 1835
317 1836
318 1837
318 1838
319 1839
319 1840
320 1841
320 1842
321 1843
321 1844
322 1845
322 1846
323 1847
323 1848
324 1849
324 1850
325 1851
325 1852
326 1853
326 1854
327 1855
327 1856
328 1857
328 1858
329 1859
329 1860
330 1861
330 1862
331 1863
331 1864
332 1865
332 1866
333 1867
333 1868
334 1869
334 1870
335 1871
335 1872
336 1873
336 1874
337 1875
337 1876
338 1877
338 1878
339 1879
339 1880
340 1881
340 1882
341 1883
341 1884
342 1885
342 1886
343 1887
343 1888
344 1889
344 1890
345 1891
345 1892
346 1893
346 1894
347 1895
347 1896
348 1897
348 1898
349 1899
349 1900
350 1901
350 1902
351 1903
351 1904
352 1905
352 1906
353 1907
353 1908
354 1909
354 1910
355 1911
355 1912
356 1913
356 1914
357 1915
357 1916
358 1917
358 1918
359 1919
359 1920
360 1921
360 1922
361 1923
361 1924
362 1925
362 1926
363 1927
363 1928
364 1929
364 1930
365 1931
365 1932
366 1933
366 1934
367 1935
367 1936
368 1937
368 1938
369 1939
369 1940
370 1941
370 1942
371 1943
371 1944
372 1945
372 1946
373 1947
373 1948
374 1949
374 1950
375 1951
375 1952
376 1953
376 1954
377 1955
377 1956
378 1957
378 1958
379 1959
379 1960
380 1961
380 1962
381 1963
381 1964
382 1965
382 1966
383 1967
383 1968
384 1969
384 1970
385 1971
385 1972
386 1973
386 1974
387 1975
387 1976
388 1977
388 1978
389 1979
389 1980
390 1981
390 1982
391 1983
391 1984
392 1985
392 1986
393 1987
393 1988
394 1989
394 1990
395 1991
395 1992
396 1993
396 1994
397 1995
397 1996
398 1997
398 1998
399 1999
399 2000
400 2001
400 2002
401 2003
401 2004
402 2005
402 2006
403 2007
403 2008
404 2009
404 2010
405 2011
405 2012
406 2013
406 2014
407 2015
407 2016
408 2017
408 2018
409 2019
409 2020
410 2021
410 2022
411 2023
411 2024
412 2025
412 2026
413 2027
413 2028
414 2029
414 2030
415 2031
415 2032
416 2033
416 2034
417 2035
417 2036
418 2037
418 2038
419 2039
419 2040
420 2041
420 2042
421 2043
421 2044
422 2045
422 2046
423 2047
423 2048
424 2049
424 2050
425 2051
425 2052
426 2053
426 2054
427 2055
427 2056
428 2057
428 2058
429 2059
429 2060
430 2061
430 2062
431 2063
431 2064
432 2065
432 2066
433 2067
433 2068
434 2069
434 2070
435 2071
435 2072
436 2073
436 2074
437 2075
437 2076
438 2077
438 2078
439 2079
439 2080
440 2081
440 2082
441 2083
441 2084
442 2085
442 2086
443 2087
443 2088
444 2089
444 2090
445 2091
445 2092
446 2093
446 2094
447 2095
447 2096
448 2097
448 2098
449 2099
449 2100
450 2101
450 2102
451 2103
451 2104
452 2105
452 2106
453 2107
453 2108
454 2109
454 2110
455 2111
455 2112
456 2113
456 2114
457 2115
457 2116
458 2117
458 2118
459 2119
459 2120
460 2121
460 2122
461 2123
461 2124
462 2125
462 2126
463 2127
463 2128
464 2129
464 2130
465 2131
465 2132
466 2133
466 2134
467 2135
467 2136
468 2137
468 2138
469 2139
469 2140
470 2141
470 2142
471 2143
471 2144
472 2145
472 2146
473 2147
473 2148
474 2149
474 2150
475 2151
475 2152
476 2153
476 2154
477 2155
477 2156
478 2157
478 2158
479 2159
479 2160
480 2161
480 2162
481 2163
481 2164
482 2165
482 2166
483 2167
483 2168
484 2169
484 2170
485 2171
485 2172
486 2173
486 2174
487 2175
487 2176
488 2177
488 2178
489 2179
489 2180
490 2181
490 2182
491 2183
491 2184
492 2185
492 2186
493 2187
493 2188
494 2189
494 2190
495 2191
495 2192
496 2193
496 2194
497 2195
497 2196
498 2197
498 2198
499 2199
499 2200
500 2201
500 2202
501 2203
501 2204
502 2205
502 2206
503 2207
503 2208
504 2209
504 2210
505 2211
505 2212
506 2213
506 2214
507 2215
507 2216
508 2217
508 2218
509 2219
509 2220
510 2221
510 2222
511 2223
511 2224
512 2225
512 2226
513 2227
513 2228
514 2229
514 2230
515 2231
515 2232
516 2233
516 2234
517 2235
517 2236
518 2237
518 2238
519 2239
519 2240
520 2241
520 2242
521 2243
521 2244
522 2245
522 2246
523 2247
523 2248
524 2249
524 2250
525 2251
525 2252
526 2253
526 2254
527 2255
527 2256
528 2257
528 2258
529 2259
529 2260
530 2261
530 2262
531 2263
531 2264
532 2265
532 2266
533 2267
533 2268
534 2269
534 2270
535 2271
535 2272
536 2273
536 2274
537 2275
537 2276
538 2277
538 2278
539 2279
539 2280
540 2281
540 2282
541 2283
541 2284
542 2285
542 2286
543 2287
543 2288
544 2289
544 2290
545 2291
545 2292
546 2293
546 2294
547 2295
547 2296
548 2297
548 2298
549 2299
549 2300
550 2301
550 2302
551 2303
551 2304
552 2305
552 2306
553 2307
553 2308
554 2309
554 2310
555 2311
555 2312
556 2313
556 2314
557 2315
557 2316
558 2317
558 2318
559 2319
559 2320
560 2321
560 2322
561 2323
561 2324
562 2325
562 2326
563 2327
563 2328
564 2329
564 2330
565 2331
565 2332
566 2333
566 2334
567 2335
567 2336
568 2337
568 2338
569 2339
569 2340
570 2341
570 2342
571 2343
571 2344
572 2345
572 2346
573 2347
573 2348
574 2349
574 2350
575 2351
575 2352
576 2353
576 2354
577 2355
577 2356
578 2357
578 2358
579 2359
579 2360
580 2361
580 2362
581 2363
581 2364
582 2365
582 2366
583 2367
583 2368
584 2369
584 2370
585 2371
585 2372
586 2373
586 2374
587 2375
587 2376
588 2377
588 2378
589 2379
589 2380
590 2381
590 2382
591 2383
591 2384
592 2385
592 2386
593 2387
593 2388
594 2389
594 2390
595 2391
595 2392
596 2393
596 2394
597 2395
597 2396
598 2397
598 2398
599 2399
599 2400
600 2401
600 2402
601 2403
601 2404
602 2405
602 2406
603 2407
603 2408
604 2409
604 2410
605 2411
605 2412
606 2413
606 2414
607 2415
607 2416
608 2417
608 2418
609 2419
609 2420
610 2421
610 2422
611 2423
611 2424
612 2425
612 2426
613 2427
613 2428
614 2429
614 2430
615 2431
615 2432
616 2433
616 2434
617 2435
617 2436
618 2437
618 2438
619 2439
619 2440
620 2441
620 2442
621 2443
621 2444
622 2445
622 2446
623 2447
623 2448
624 2449
624 2450
625 2451
625 2452
626 2453
626 2454
627 2455
627 2456
628 2457
628 2458
629 2459
629 2460
630 2461
630 2462
631 2463
631 2464
632 2465
632 2466
633 2467
633 2468
634 2469
634 2470
635 2471
635 2472
636 2473
636 2474
637 2475
637 2476
638 2477
638 2478
639 2479
639 2480
640 2481
640 2482
641 2483
641 2484
642 2485
642 2486
643 2487
643 2488
644 2489
644 2490
645 2491
645 2492
646 2493
646 2494
647 2495
647 2496
648 2497
648 2498
649 2499
649 2500
650 2501
650 2502
651 2503
651 2504
652 2505
652 2506
653 2507
653 2508
654 2509
654 2510
655 2511
655 2512
656 2513
656 2514
657 2515
657 2516
658 2517
658 2518
659 2519
659 2520
660 2521
660 2522
661 2523
661 2524
662 2525
662 2526
663 2527
663 2528
664 2529
664 2530
665 2531
665 2532
666 2533
666 2534
667 2535
667 2536
668 2537
668 2538
669 2539
669 2540
670 2541
670 2542
671 2543
671 2544
672 2545
672 2546
673 2547
673 2548
674 2549
674 2550
675 2551
675 2552
676 2553
676 2554
677 2555
677 2556
678 2557
678 2558
679 2559
679 2560
680 2561
680 2562
681 2563
681 2564
682 2565
682 2566
683 2567
683 2568
684 2569
684 2570
685 2571
685 2572
686 2573
686 2574
687 2575
687 2576
688 2577
688 2578
689 2579
689 2580
690 2581
690 2582
691 2583
691 2584
692 2585
692 2586
693 2587
693 2588
694 2589
694 2590
695 2591
695 2592
696 2593
696 2594
697 2595
697 2596
698 2597
698 2598
699 2599
699 2600
700 2601
700 2602
701 2603
701 2604
702 2605
702 2606
703 2607
703 2608
704 2609
704 2610
705 2611
705 2612
706 2613
706 2614
707 2615
707 2616
708 2617
708 2618
709 2619
709 2620
710 2621
710 2622
711 2623
711 2624
712 2625
712 2626
713 2627
713 2628
714 2629
714 2630
715 2631
715 2632
716 2633
716 2634
717 2635
717 2636
718 2637
718 2638
719 2639
719 2640
720 2641
720 2642
721 2643
721 2644
722 2645
722 2646
723 2647
723 2648
724 2649
724 2650
725 2651
725 2652
726 2653
726 2654
727 2655
727 2656
728 2657
728 2658
729 2659
729 2660
730 2661
730 2662
731 2663
731 2664
732 2665
732 2666
733 2667
733 2668
734 2669
734 2670
735 2671
735 2672
736 2673
736 2674
737 2675
737 2676
738 2677
738 2678
739 2679
739 2680
740 2681
740 2682
741 2683
741 2684
742 2685
742 2686
743 2687
743 2688
744 2689
744 2690
745 2691
745 2692
746 2693
746 2694
747 2695
747 2696
748 2697
748 2698
749 2699
749 2700
750 2701
750 2702
751 2703
751 2704
752 2705
752 2706
753 2707
753 2708
754 2709
754 2710
755 2711
755 2712
756 2713
756 2714
757 2715
757 2716
758 2717
758 2718
759 2719
759 2720
760 2721
760 2722
761 2723
761 2724
762 2725
762 2726
763 2727
763 2728
764 2729
764 2730
765 2731
765 2732
766 2733
766 2734
767 2735
767 2736
768 2737
768 2738
769 2739
769 2740
770 2741
770 2742
771 2743
771 2744
772 2745
772 2746
773 2747
773 2748
774 2749
774 2750
775 2751
775 2752
776 2753
776 2754
777 2755
777 2756
778 2757
778 2758
779 2759
779 2760
780 2761
780 2762
781 2763
781 2764
782 2765
782 2766
783 2767
783 2768
784 2769
784 2770
785 2771
785 2772
786 2773
786 2774
787 2775
787 2776
788 2777
788 2778
789 2779
789 2780
790 2781
790 2782
791 2783
791 2784
792 2785
792 2786
793 2787
793 2788
794 2789
794 2790
795 2791
795 2792
796 2793
796 2794
797 2795
797 2796
798 2797
798 2798
799 2799
799 2800
800 2801
800 2802
801 2803
801 2804
802 2805
802 2806
803 2807
803 2808
804 2809
804 2810
805 2811
805 2812
806 2813
806 2814
807 2815
807 2816
808 2817
808 2818
809 2819
809 2820
810 2821
810 2822
811 2823
811 2824
812 2825
812 2826
813 2827
813 2828
814 2829
814 2830
815 2831
815 2832
816 2833
816 2834
817 2835
817 2836
818 2837
818 2838
819 2839
819 2840
820 2841
820 2842
821 2843
821 2844
822 2845
822 2846
823 2847
823 2848
824 2849
824 2850
825 2851
825 2852
826 2853
826 2854
827 2855
827 2856
828 2857
828 2858
829 2859
829 2860
830 2861
830 2862
831 2863
831 2864
832 2865
832 2866
833 2867
833 2868
834 2869
834 2870
835 2871
835 2872
836 2873
836 2874
837 2875
837 2876
838 2877
838 2878
839 2879
839 2880
840 2881
840 2882
841 2883
841 2884
842 2885
842 2886
843 2887
843 2888
844 2889
844 2890
845 2891
845 2892
846 2893
846 2894
847 2895
847 2896
848 2897
848 2898
849 2899
849 2900
850 2901
850 2902
851 2903
851 2904
852 2905
852 2906
853 2907
853 2908
854 2909
854 2910
855 2911
855 2912
856 2913
856 2914
857 2915
857 2916
858 2917
858 2918
859 2919
859 2920
860 2921
860 2922
861 2923
861 2924
862 2925
862 2926
863 2927
863 2928
864 2929
864 2930
865 2931
865 2932
866 2933
866 2934
867 2935
867 2936
868 2937
868 2938
869 2939
869 2940
870 2941
870 2942
871 2943
871 2944
872 2945
872 2946
873 2947
873 2948
874 2949
874 2950
875 2951
875 2952
876 2953
876 2954
877 2955
877 2956
878 2957
878 2958
879 2959
879 2960
880 2961
880 2962
881 2963
881 2964
882 2965
882 2966
883 2967
883 2968
884 2969
884 2970
885 2971
885 2972
886 2973
886 2974
887 2975
887 2976
888 2977
888 2978
889 2979
889 2980
890 2981
890 2982
891 2983
891 2984
892 2985
892 2986
893 2987
893 2988
894 2989
894 2990
895 2991
895 2992
896 2993
896 2994
897 2995
897 2996
898 2997
898 2998
899 2999
899 3000
900 3001
900 3002
901 3003
901 3004
902 3005
902 3006
903 3007
903 3008
904 3009
904 3010
905 3011
905 3012
906 3013
906 3014
907 3015
907 3016
908 3017
908 3018
909 3019
909 3020
910 3021
910 3022
911 3023
911 3024
912 3025
912 3026
913 3027
913 3028
914 3029
914 3030
915 3031
915 3032
916 3033
916 3034
917 3035
917 3036
918 3037
918 3038
919 3039
919 3040
920 3041
920 3042
921 3043
921 3044
922 3045
922 3046
923 3047
923 3048
924 3049
924 3050
925 3051
925 3052
926 3053
926 3054
927 3055
927 3056
928 3057
928 3058
929 3059
929 3060
930 3061
930 3062
931 3063
931 3064
932 3065
932 3066
933 3067
933 3068
934 3069
934 3070
935 3071
935 3072
936 3073
936 3074
937 3075
937 3076
938 3077
938 3078
939 3079
939 3080
940 3081
940 3082
941 3083
941 3084
942 3085
942 3086
943 3087
943 3088
944 3089
944 3090
945 3091
945 3092
946 3093
946 3094
947 3095
947 3096
948 3097
948 3098
949 3099
949 3100
950 3101
950 3102
951 3103
951 3104
952 3105
952 3106
953 3107
953 3108
954 3109
954 3110
955 3111
955 3112
956 3113
956 3114
957 3115
957 3116
958 3117
958 3118
959 3119
959 3120
960 3121
960 3122
961 3123
961 3124
962 3125
962 3126
963 3127
963 3128
964 3129
964 3130
965 3131
965 3132
966 3133
966 3134
967 3135
967 3136
968 3137
968 3138
969 3139
969 3140
970 3141
970 3142
971 3143
971 3144
972 3145
972 3146
973 3147
973 3148
974 3149
974 3150
975 3151
975 3152
976 3153
976 3154
977 3155
977 3156
978 3157
978 3158
979 3159
979 3160
980 3161
980 3162
981 3163
981 3164
982 3165
982 3166
983 3167
983 3168
984 3169
984 3170
985 3171
985 3172
986 3173
986 3174
987 3175
987 3176
988 3177
988 3178
989 3179
989 3180
990 3181
990 3182
991 3183
991 3184
992 3185
992 3186
993 3187
993 3188
994 3189
994 3190
995 3191
995 3192
996 3193
996 3194
997 3195
997 3196
998 3197
998 3198
999 3199
999 3200
1000 3201
1000 3202
1001 3203
1001 3204
1002 3205
1002 3206
1003 3207
1003 3208
1004 3209
1004 3210
1005 3211
1005 3212
1006 3213
1006 3214
1007 3215
1007 3216
1008 3217
1008 3218
1009 3219
1009 3220
1010 3221
1010 3222
1011 3223
1011 3224
1012 3225
1012 3226
1013 3227
1013 3228
1014 3229
1014 3230
1015 3231
1015 3232
1016 3233
1016 3234
1017 3235
1017 3236
1018 3237
1018 3238
1019 3239
1019 3240
1020 3241
1020 3242
1021 3243
1021 3244
1022 3245
1022 3246
1023 3247
1023 3248
1024 3249
1024 3250
1025 3251
1025 3252
1026 3253
1026 3254
1027 3255
1027 3256
1028 3257
1028 3258
1029 3259
1029 3260
1030 3261
1030 3262
1031 3263
1031 3264
1032 3265
1032 3266
1033 3267
1033 3268
1034 3269
1034 3270
1035 3271
1035 3272
1036 3273
1036 3274
1037 3275
1037 3276
1038 3277
1038 3278
1039 3279
1039 3280
1040 3281
1040 3282
1041 3283
1041 3284
1042 3285
1042 3286
1043 3287
1043 3288
1044 3289
1044 3290
1045 3291
1045 3292
1046 3293
1046 3294
1047 3295
1047 3296
1048 3297
1048 3298
1049 3299
1049 3300
1050 3301
1050 3302
1051 3303
1051 3304
1052 3305
1052 3306
1053 3307
1053 3308
1054 3309
1054 3310
1055 3311
1055 3312
1056 3313
1056 3314
1057 3315
1057 3316
1058 3317
1058 3318
1059 3319
1059 3320
1060 3321
1060 3322
1061 3323
1061 3324
1062 3325
1062 3326
1063 3327
1063 3328
1064 3329
1064 3330
1065 3331
1065 3332
1066 3333
1066 3334
1067 3335
1067 3336
1068 3337
1068 3338
1069 3339
1069 3340
1070 3341
1070 3342
1071 3343
1071 3344
1072 3345
1072 3346
1073 3347
1073 3348
1074 3349
1074 3350
1075 3351
1075 3352
1076 3353
1076 3354
1077 3355
1077 3356
1078 3357
1078 3358
1079 3359
1079 3360
1080 3361
1080 3362
1081 3363
1081 3364
1082 3365
1082 3366
1083 3367
1083 3368
1084 3369
1084 3370
1085 3371
1085 3372
1086 3373
1086 3374
1087 3375
1087 3376
1088 3377
1088 3378
1089 3379
1089 3380
1090 3381
1090 3382
1091 3383
1091 3384
1092 3385
1092 3386
1093 3387
1093 3388
1094 3389
1094 3390
1095 3391
1095 3392
1096 3393
1096 3394
1097 3395
1097 3396
1098 3397
1098 3398
1099 3399
1099 3400
1100 3401
1100 3402
1101 3403
1101 3404
1102 3405
1102 3406
1103 3407
1103 3408
1104 3409
1104 3410
1105 3411
1105 3412
1106 3413
1106 3414
1107 3415
1107 3416
1108 3417
1108 3418
1109 3419
1109 3420
1110 3421
1110 3422
1111 3423
1111 3424
1112 3425
1112 3426
1113 3427
1113 3428
1114 3429
1114 3430
1115 3431
1115 3432
1116 3433
1116 3434
1117 3435
1117 3436
1118 3437
1118 3438
1119 3439
1119 3440
1120 3441
1120 3442
1121 3443
1121 3444
1122 3445
1122 3446
1123 3447
1123 3448
1124 3449
1124 3450
1125 3451
1125 3452
1126 3453
1126 3454
1127 3455
1127 3456
1128 3457
1128 3458
1129 3459
1129 3460
1130 3461
1130 3462
1131 3463
1131 3464
1132 3465
1132 3466
1133 3467
1133 3468
1134 3469
1134 3470
1135 3471
1135 3472
1136 3473
1136 3474
1137 3475
1137 3476
1138 3477
1138 3478
1139 3479
1139 3480
1140 3481
1140 3482
1141 3483
1141 3484
1142 3485
1142 3486
1143 3487
1143 3488
1144 3489
1144 3490
1145 3491
1145 3492
1146 3493
1146 3494
1147 3495
1147 3496
1148 3497
1148 3498
1149 3499
1149 3500
1150 3501
1150 3502
1151 3503
1151 3504
1152 3505
1152 3506
1153 3507
1153 3508
1154 3509
1154 3510
1155 3511
1155 3512
1156 3513
1156 3514
1157 3515
1157 3516
1158 3517
1158 3518
1159 3519
1159 3520
1160 3521
1160 3522
1161 3523
1161 3524
1162 3525
1162 3526
1163 3527
1163 3528
1164 3529
1164 3530
1165 3531
1165 3532
1166 3533
1166 3534
1167 3535
1167 3536
1168 3537
1168 3538
1169 3539
1169 3540
1170 3541
1170 3542
1171 3543
1171 3544
1172 3545
1172 3546
1173 3547
1173 3548
1174 3549
1174 3550
1175 3551
1175 3552
1176 3553
1176 3554
1177 3555
1177 3556
1178 3557
1178 3558
1179 3559
1179 3560
1180 3561
1180 3562
1181 3563
1181 3564
1182 3565
1182 3566
1183 3567
1183 3568
1184 3569
1184 3570
1185 3571
1185 3572
1186 3573
1186 3574
1187 3575
1187 3576
1188 3577
1188 3578
1189 3579
1189 3580
1190 3581
1190 3582
1191 3583
1191 3584
1192 3585
1192 3586
1193 3587
1193 3588
1194 3589
1194 3590
1195 3591
1195 3592
1196 3593
1196 3594
1197 3595
1197 3596
1198 3597
1198 3598
1199 3635
1199 3637
1199 3868
1199 3975
1199 4072
1199 5146
1199 5361
1199 5968
1200 3635
1200 3984
1200 3986
1200 4732
1200 5146
1200 5659
1200 5968
1201 3637
1201 3868
1201 3975
1201 4072
1201 4093
1201 4537
1201 5361
1202 3635
1202 3637
1202 3984
1202 3986
1202 4093
1202 4537
1202 4732
1202 5659
1203 4529
1203 5496
1204 4387
1204 6045
1205 4529
1205 6045
1206 4387
1206 5496
1207 5494
1207 5603
1208 4392
1208 4525
1209 4392
1209 5494
1210 4525
1210 5603
1211 4526
1211 5493
1212 4359
1212 6032
1213 4359
1213 5493
1214 4526
1214 6032
1215 4528
1215 5178
1216 4356
1216 5618
1217 4528
1217 5618
1218 4356
1218 5178
1219 3767
1219 3830
1219 4532
1219 6068
1220 3814
1220 3828
1220 5169
1220 5628
1221 3813
1221 3831
1221 5169
1221 6068
1222 3815
1222 3829
1222 4532
1222 5628
1223 4376
1223 6060
1224 4519
1224 5490
1225 4376
1225 4519
1226 5490
1226 6060
1227 4398
1227 5487
1228 4539
1228 5606
1229 4398
1229 5606
1230 4539
1230 5487
1231 5138
1231 5486
1232 4383
1232 4542
1233 4383
1233 5138
1234 4542
1234 5486
1235 4403
1235 6003
1236 5135
1236 5652
1237 5135
1237 6003
1238 4403
1238 5652
1239 3716
1239 5130
1239 5996
1240 3714
1240 5483
1240 5624
1241 3717
1241 5624
1241 5996
1242 3715
1242 5130
1242 5483
1243 4361
1243 5473
1244 5164
1244 5662
1245 5164
1245 5473
1246 4361
1246 5662
1247 3987
1247 5466
1247 5639
1248 3978
1248 4548
1248 5149
1249 3984
1249 5149
1249 5639
1250 3975
1250 4548
1250 5466
1251 4375
1251 4549
1252 5147
1252 6013
1253 4549
1253 6013
1254 4375
1254 5147
1255 3679
1255 4379
1255 5468
1256 3677
1256 4500
1256 6144
1257 3680
1257 4500
1257 5468
1258 3678
1258 4379
1258 6144
1259 5144
1259 5646
1260 4372
1260 5469
1261 5144
1261 5469
1262 4372
1262 5646
1263 3775
1263 4498
1263 5642
1264 3773
1264 4365
1264 5131
1265 3776
1265 4365
1265 4498
1266 3774
1266 5131
1266 5642
1267 4486
1267 6119
1268 4360
1268 5640
1269 4486
1269 5640
1270 4360
1270 6119
1271 3879
1271 4493
1271 5638
1272 3689
1272 5188
1272 6148
1273 3952
1273 4493
1273 5188
1274 3690
1274 5638
1274 6148
1275 5634
1275 6133
1276 4491
1276 5172
1277 4491
1277 5634
1278 5172
1278 6133
1279 4395
1279 5633
1280 5186
1280 6088
1281 4395
1281 5186
1282 5633
1282 6088
1283 4390
1283 5477
1284 5664
1284 6081
1285 5477
1285 5664
1286 4390
1286 6081
1287 4487
1287 5479
1288 4401
1288 6079
1289 4487
1289 6079
1290 4401
1290 5479
1291 5661
1291 6076
1292 4504
1292 5481
1293 4504
1293 5661
1294 5481
1294 6076
1295 4300
1295 4511
1296 5528
1296 6111
1297 4300
1297 5528
1298 4511
1298 6111
1299 5136
1299 6110
1300 4512
1300 5524
1301 5524
1301 6110
1302 4512
1302 5136
1303 4513
1303 6100
1304 5122
1304 5523
1305 4513
1305 5523
1306 5122
1306 6100
1307 4295
1307 5159
1308 4518
1308 5657
1309 4518
1309 5159
1310 4295
1310 5657
1311 5519
1311 6092
1312 4307
1312 5148
1313 5148
1313 6092
1314 4307
1314 5519
1315 4585
1315 6109
1316 5152
1316 5516
1317 4585
1317 5152
1318 5516
1318 6109
1319 4588
1319 5515
1320 5617
1320 6147
1321 4588
1321 5617
1322 5515
1322 6147
1323 4314
1323 4589
1324 5620
1324 6117
1325 4589
1325 6117
1326 4314
1326 5620
1327 5160
1327 5506
1328 4285
1328 6014
1329 4285
1329 5506
1330 5160
1330 6014
1331 4276
1331 5165
1332 4595
1332 5499
1333 5165
1333 5499
1334 4276
1334 4595
1335 4277
1335 6021
1336 4597
1336 5626
1337 4277
1337 4597
1338 5626
1338 6021
1339 3876
1339 4281
1339 5625
1340 3867
1340 5128
1340 6052
1341 3872
1341 5625
1341 6052
1342 3865
1342 4281
1342 5128
1343 3953
1343 4282
1343 5132
1344 3954
1344 4601
1344 6035
1345 3950
1345 4282
1345 6035
1346 3951
1346 4601
1346 5132
1347 4286
1347 6040
1348 5134
1348 5502
1349 5134
1349 6040
1350 4286
1350 5502
1351 4605
1351 5505
1352 4288
1352 5139
1353 4288
1353 5505
1354 4605
1354 5139
1355 4290
1355 5507
1356 5194
1356 6062
1357 5194
1357 5507
1358 4290
1358 6062
1359 5508
1359 5739
1360 4608
1360 6055
1361 4608
1361 5508
1362 5739
1362 6055
1363 4291
1363 5511
1364 4609
1364 5168
1365 5168
1365 5511
1366 4291
1366 4609
1367 4305
1367 5512
1368 5171
1368 5999
1369 5512
1369 5999
1370 4305
1370 5171
1371 5176
1371 5735
1372 4613
1372 5448
1373 5176
1373 5448
1374 4613
1374 5735
1375 5427
1375 5716
1376 4341
1376 4568
1377 4568
1377 5716
1378 4341
1378 5427
1379 3642
1379 5728
1379 6012
1380 3644
1380 4565
1380 5424
1381 3643
1381 4565
1381 5728
1382 3630
1382 5424
1382 6012
1383 4343
1383 6053
1384 5423
1384 5725
1385 5725
1385 6053
1386 4343
1386 5423
1387 3788
1387 5723
1387 6114
1388 3790
1388 4564
1388 5421
1389 3789
1389 5421
1389 5723
1390 3791
1390 4564
1390 6114
1391 4551
1391 5419
1392 5026
1392 5717
1393 5026
1393 5419
1394 4551
1394 5717
1395 5416
1395 6070
1396 4347
1396 5759
1397 5416
1397 5759
1398 4347
1398 6070
1399 4348
1399 6099
1400 4416
1400 5758
1401 4416
1401 6099
1402 4348
1402 5758
1403 4556
1403 5024
1404 5400
1404 5757
1405 4556
1405 5757
1406 5024
1406 5400
1407 3794
1407 4354
1407 6094
1408 3792
1408 5013
1408 5756
1409 3795
1409 5013
1409 6094
1410 3793
1410 4354
1410 5756
1411 5753
1411 6097
1412 4355
1412 5406
1413 4355
1413 6097
1414 5406
1414 5753
1415 3818
1415 4326
1415 6101
1416 3816
1416 4560
1416 5016
1417 3819
1417 4560
1417 6101
1418 3817
1418 4326
1418 5016
1419 3797
1419 5749
1419 6103
1420 3840
1420 4569
1420 5408
1421 3783
1421 5408
1421 6103
1422 3841
1422 4569
1422 5749
1423 3669
1423 5022
1423 6107
1424 3671
1424 4319
1424 5409
1425 3670
1425 5409
1425 6107
1426 3672
1426 4319
1426 5022
1427 5045
1427 5412
1428 4571
1428 6071
1429 5412
1429 6071
1430 4571
1430 5045
1431 4573
1431 5044
1432 5704
1432 6073
1433 4573
1433 6073
1434 5044
1434 5704
1435 4575
1435 6077
1436 4315
1436 5690
1437 4315
1437 4575
1438 5690
1438 6077
1439 4577
1439 5686
1440 4330
1440 5041
1441 4577
1441 5041
1442 4330
1442 5686
1443 3605
1443 4331
1443 5684
1444 3607
1444 5038
1444 6085
1445 3606
1445 4331
1445 5038
1446 3608
1446 5684
1446 6085
1447 4582
1447 5037
1448 4335
1448 5683
1449 4335
1449 4582
1450 5037
1450 5683
1451 3706
1451 4417
1451 6090
1452 3632
1452 4332
1452 5036
1453 3631
1453 4417
1453 5036
1454 3633
1454 4332
1454 6090
1455 4322
1455 5111
1456 5680
1456 6137
1457 5111
1457 5680
1458 4322
1458 6137
1459 4428
1459 5034
1460 4321
1460 6139
1461 5034
1461 6139
1462 4321
1462 4428
1463 3810
1463 5032
1463 6141
1464 3808
1464 4320
1464 5677
1465 3811
1465 4320
1465 5032
1466 3809
1466 5677
1466 6141
1467 3698
1467 5457
1467 6145
1468 3700
1468 4432
1468 4994
1469 3699
1469 4432
1469 5457
1470 3701
1470 4994
1470 6145
1471 4353
1471 5456
1472 5673
1472 6151
1473 5456
1473 5673
1474 4353
1474 6151
1475 4407
1475 5455
1476 4350
1476 6153
1477 5455
1477 6153
1478 4350
1478 4407
1479 4410
1479 5453
1480 4990
1480 6116
1481 4410
1481 4990
1482 5453
1482 6116
1483 3700
1483 4474
1483 5450
1484 3698
1484 4342
1484 6118
1485 3701
1485 4342
1485 4474
1486 3699
1486 5450
1486 6118
1487 4340
1487 6120
1488 4466
1488 4987
1489 4987
1489 6120
1490 4340
1490 4466
1491 4337
1491 5667
1492 4984
1492 6124
1493 4337
1493 6124
1494 4984
1494 5667
1495 4287
1495 4462
1496 4981
1496 6127
1497 4462
1497 6127
1498 4287
1498 4981
1499 4283
1499 5712
1500 4484
1500 5434
1501 4283
1501 4484
1502 5434
1502 5712
1503 4450
1503 6007
1504 4313
1504 5435
1505 4313
1505 6007
1506 4450
1506 5435
1507 3854
1507 4310
1507 4979
1508 3853
1508 5707
1508 6009
1509 3842
1509 4979
1509 6009
1510 3827
1510 4310
1510 5707
1511 4446
1511 5439
1512 5012
1512 6006
1513 5012
1513 5439
1514 4446
1514 6006
1515 5441
1515 6018
1516 4309
1516 4438
1517 4309
1517 6018
1518 4438
1518 5441
1519 5703
1519 6022
1520 4303
1520 5010
1521 5010
1521 5703
1522 4303
1522 6022
1523 4455
1523 5702
1524 5007
1524 5444
1525 5007
1525 5702
1526 4455
1526 5444
1527 4299
1527 4456
1528 5446
1528 5695
1529 4456
1529 5446
1530 4299
1530 5695
1531 4296
1531 5694
1532 5002
1532 6002
1533 4296
1533 5002
1534 5694
1534 6002
1535 4384
1535 4454
1536 5001
1536 5692
1537 4384
1537 5692
1538 4454
1538 5001
1539 3943
1539 4998
1539 5696
1540 3948
1540 4397
1540 6051
1541 3929
1541 5696
1541 6051
1542 3945
1542 4397
1542 4998
1543 4441
1543 6054
1544 5579
1544 5699
1545 4441
1545 5699
1546 5579
1546 6054
1547 4364
1547 5584
1548 5706
1548 6061
1549 5584
1549 5706
1550 4364
1550 6061
1551 3989
1551 5588
1551 6064
1552 3960
1552 4483
1552 5040
1553 3995
1553 5040
1553 5588
1554 3947
1554 4483
1554 6064
1555 3779
1555 4380
1555 4479
1556 3777
1556 5100
1556 6066
1557 3780
1557 4479
1557 6066
1558 3778
1558 4380
1558 5100
1559 4374
1559 5710
1560 5099
1560 6030
1561 4374
1561 5099
1562 5710
1562 6030
1563 5577
1563 5714
1564 4393
1564 4467
1565 4467
1565 5714
1566 4393
1566 5577
1567 4411
1567 6034
1568 5098
1568 5582
1569 5582
1569 6034
1570 4411
1570 5098
1571 4368
1571 5578
1572 4433
1572 5672
1573 4368
1573 4433
1574 5578
1574 5672
1575 3757
1575 3938
1575 4363
1575 5094
1576 3759
1576 3930
1576 5674
1576 6043
1577 3758
1577 3934
1577 4363
1577 6043
1578 3760
1578 3965
1578 5094
1578 5674
1579 4429
1579 5084
1580 4402
1580 6046
1581 4429
1581 6046
1582 4402
1582 5084
1583 3603
1583 4421
1583 5092
1584 3601
1584 5685
1584 6384
1585 3604
1585 5092
1585 5685
1586 3602
1586 4421
1586 6384
1587 3919
1587 4419
1587 5550
1588 3870
1588 4346
1588 6310
1589 3869
1589 4346
1589 4419
1590 3871
1590 5550
1590 6310
1591 4806
1591 5548
1592 5742
1592 6312
1593 4806
1593 6312
1594 5548
1594 5742
1595 5745
1595 6313
1596 4798
1596 5544
1597 4798
1597 5745
1598 5544
1598 6313
1599 4366
1599 5088
1600 4803
1600 5750
1601 4366
1601 4803
1602 5088
1602 5750
1603 4750
1603 5537
1604 5763
1604 6317
1605 5537
1605 6317
1606 4750
1606 5763
1607 5532
1607 6319
1608 4741
1608 5764
1609 5764
1609 6319
1610 4741
1610 5532
1611 3742
1611 4385
1611 5542
1612 3740
1612 5118
1612 5719
1613 3743
1613 5542
1613 5719
1614 3741
1614 4385
1614 5118
1615 5570
1615 5722
1616 4362
1616 5114
1617 5114
1617 5722
1618 4362
1618 5570
1619 5113
1619 6325
1620 5560
1620 5732
1621 5732
1621 6325
1622 5113
1622 5560
1623 4771
1623 5737
1624 4371
1624 5108
1625 4371
1625 5737
1626 4771
1626 5108
1627 5557
1627 5738
1628 4766
1628 5103
1629 4766
1629 5738
1630 5103
1630 5557
1631 4763
1631 5611
1632 4377
1632 6330
1633 4377
1633 4763
1634 5611
1634 6330
1635 4748
1635 5604
1636 5559
1636 6331
1637 4748
1637 6331
1638 5559
1638 5604
1639 4400
1639 5561
1640 4788
1640 5619
1641 4400
1641 4788
1642 5561
1642 5619
1643 4388
1643 5061
1644 5564
1644 6334
1645 4388
1645 5564
1646 5061
1646 6334
1647 5059
1647 5621
1648 4791
1648 5573
1649 4791
1649 5059
1650 5573
1650 5621
1651 4297
1651 5612
1652 4802
1652 6337
1653 4297
1653 6337
1654 4802
1654 5612
1655 5055
1655 6293
1656 4301
1656 4774
1657 4301
1657 6293
1658 4774
1658 5055
1659 3769
1659 5054
1659 6279
1660 3771
1660 4308
1660 5649
1661 3770
1661 5649
1661 6279
1662 3772
1662 4308
1662 5054
1663 4759
1663 5051
1664 5650
1664 6281
1665 5051
1665 6281
1666 4759
1666 5650
1667 3681
1667 5651
1667 6282
1668 3683
1668 4758
1668 5057
1669 3682
1669 4758
1669 5651
1670 3684
1670 5057
1670 6282
1671 4769
1671 5083
1672 5536
1672 6283
1673 4769
1673 6283
1674 5083
1674 5536
1675 3730
1675 5538
1675 6285
1676 3728
1676 4275
1676 5663
1677 3731
1677 4275
1677 6285
1678 3729
1678 5538
1678 5663
1679 4279
1679 5080
1680 4742
1680 5545
1681 4742
1681 5080
1682 4279
1682 5545
1683 4289
1683 4744
1684 5547
1684 6289
1685 4744
1685 5547
1686 4289
1686 6289
1687 4293
1687 5549
1688 5641
1688 6084
1689 4293
1689 6084
1690 5549
1690 5641
1691 4752
1691 5643
1692 4294
1692 5592
1693 4294
1693 4752
1694 5592
1694 5643
1695 3656
1695 3748
1695 4338
1695 6292
1696 3654
1696 3750
1696 5066
1696 5589
1697 3657
1697 3749
1697 5066
1697 6292
1698 3655
1698 3751
1698 4338
1698 5589
1699 3599
1699 5590
1699 5610
1700 3613
1700 4344
1700 4799
1701 3616
1701 4799
1701 5590
1702 3614
1702 4344
1702 5610
1703 5607
1703 6295
1704 4779
1704 5586
1705 5586
1705 5607
1706 4779
1706 6295
1707 3784
1707 4336
1707 4787
1708 3786
1708 5613
1708 6298
1709 3785
1709 4336
1709 5613
1710 3787
1710 4787
1710 6298
1711 4778
1711 5566
1712 5666
1712 6299
1713 5566
1713 6299
1714 4778
1714 5666
1715 3930
1715 4351
1715 6300
1716 3938
1716 5067
1716 5252
1717 3965
1717 5067
1717 6300
1718 3934
1718 4351
1718 5252
1719 4792
1719 5069
1720 5616
1720 6302
1721 4792
1721 6302
1722 5069
1722 5616
1723 3834
1723 5071
1723 6304
1724 3832
1724 4317
1724 5248
1725 3835
1725 4317
1725 5071
1726 3833
1726 5248
1726 6304
1727 4754
1727 5605
1728 5244
1728 6307
1729 4754
1729 5244
1730 5605
1730 6307
1731 3806
1731 4651
1731 5243
1732 3804
1732 4324
1732 6323
1733 3807
1733 4651
1733 6323
1734 3805
1734 4324
1734 5243
1735 3696
1735 3802
1735 4327
1735 5074
1736 3694
1736 3800
1736 4653
1736 5636
1737 3697
1737 3803
1737 4653
1737 5074
1738 3695
1738 3801
1738 4327
1738 5636
1739 5238
1739 5647
1740 4655
1740 6373
1741 4655
1741 5238
1742 5647
1742 6373
1743 4658
1743 5235
1744 4334
1744 5635
1745 5235
1745 5635
1746 4334
1746 4658
1747 4660
1747 5631
1748 5077
1748 6376
1749 4660
1749 6376
1750 5077
1750 5631
1751 5233
1751 6378
1752 4333
1752 5078
1753 4333
1753 6378
1754 5078
1754 5233
1755 4647
1755 5079
1756 5229
1756 5648
1757 5079
1757 5229
1758 4647
1758 5648
1759 5081
1759 6381
1760 4663
1760 5228
1761 4663
1761 6381
1762 5081
1762 5228
1763 5049
1763 6383
1764 4329
1764 5279
1765 4329
1765 5049
1766 5279
1766 6383
1767 4328
1767 6385
1768 5053
1768 5278
1769 4328
1769 5278
1770 5053
1770 6385
1771 4325
1771 5272
1772 5048
1772 6388
1773 5272
1773 6388
1774 4325
1774 5048
1775 5060
1775 5266
1776 4323
1776 6391
1777 5266
1777 6391
1778 4323
1778 5060
1779 4669
1779 5065
1780 5261
1780 5608
1781 5065
1781 5261
1782 4669
1782 5608
1783 4318
1783 5075
1784 5258
1784 6394
1785 4318
1785 6394
1786 5075
1786 5258
1787 3941
1787 4671
1787 5106
1788 3937
1788 5207
1788 5733
1789 3942
1789 4671
1789 5207
1790 3939
1790 5106
1790 5733
1791 4316
1791 5218
1792 4673
1792 5727
1793 4316
1793 4673
1794 5218
1794 5727
1795 5724
1795 6398
1796 4674
1796 5116
1797 5116
1797 6398
1798 4674
1798 5724
1799 4352
1799 4617
1800 5117
1800 5204
1801 4352
1801 5117
1802 4617
1802 5204
1803 4349
1803 5718
1804 4621
1804 5093
1805 4621
1805 5718
1806 4349
1806 5093
1807 4622
1807 6341
1808 4345
1808 5208
1809 5208
1809 6341
1810 4345
1810 4622
1811 3845
1811 4626
1811 5219
1812 3847
1812 5755
1812 6344
1813 3846
1813 4626
1813 5755
1814 3852
1814 5219
1814 6344
1815 4339
1815 5087
1816 5744
1816 6350
1817 4339
1817 6350
1818 5087
1818 5744
1819 4635
1819 5743
1820 4274
1820 5212
1821 5212
1821 5743
1822 4274
1822 4635
1823 4284
1823 6357
1824 5095
1824 5384
1825 4284
1825 5384
1826 5095
1826 6357
1827 5668
1827 6362
1828 4662
1828 5362
1829 5362
1829 5668
1830 4662
1830 6362
1831 3753
1831 5697
1831 6365
1832 3755
1832 4995
1832 5347
1833 3754
1833 5347
1833 6365
1834 3756
1834 4995
1834 5697
1835 5008
1835 5698
1836 4306
1836 6187
1837 4306
1837 5698
1838 5008
1838 6187
1839 5011
1839 6189
1840 5393
1840 5705
1841 5705
1841 6189
1842 5011
1842 5393
1843 5387
1843 6193
1844 4721
1844 5711
1845 4721
1845 6193
1846 5387
1846 5711
1847 3814
1847 4724
1847 5713
1848 3767
1848 4367
1848 6199
1849 3815
1849 4367
1849 5713
1850 3813
1850 4724
1850 6199
1851 4977
1851 5715
1852 4396
1852 6203
1853 5715
1853 6203
1854 4396
1854 4977
1855 3726
1855 4358
1855 5669
1856 3724
1856 4988
1856 6206
1857 3727
1857 5669
1857 6206
1858 3725
1858 4358
1858 4988
1859 4992
1859 5371
1860 4373
1860 4679
1861 4373
1861 4992
1862 4679
1862 5371
1863 3968
1863 5308
1863 5676
1864 3933
1864 4391
1864 5033
1865 3969
1865 5033
1865 5676
1866 3946
1866 4391
1866 5308
1867 5682
1867 6215
1868 4381
1868 5281
1869 4381
1869 5682
1870 5281
1870 6215
1871 5689
1871 6155
1872 4357
1872 4699
1873 4699
1873 6155
1874 4357
1874 5689
1875 4394
1875 6157
1876 4707
1876 5290
1877 4394
1877 5290
1878 4707
1878 6157
1879 4051
1879 4558
1880 5047
1880 6160
1881 4558
1881 6160
1882 4051
1882 5047
1883 5014
1883 6165
1884 4053
1884 4705
1885 4705
1885 5014
1886 4053
1886 6165
1887 5283
1887 6167
1888 4703
1888 5752
1889 4703
1889 5283
1890 5752
1890 6167
1891 3773
1891 4115
1891 5023
1892 3775
1892 4701
1892 5762
1893 3774
1893 4701
1893 5023
1894 3776
1894 4115
1894 5762
1895 3927
1895 4055
1895 5329
1896 3924
1896 5729
1896 6177
1897 3897
1897 4055
1897 5729
1898 3926
1898 5329
1898 6177
1899 5027
1899 5720
1900 4057
1900 5318
1901 4057
1901 5720
1902 5027
1902 5318
1903 4059
1903 4694
1904 5029
1904 5314
1905 4059
1905 5029
1906 4694
1906 5314
1907 3804
1907 3973
1907 4692
1907 6183
1908 3806
1908 3971
1908 5253
1908 5730
1909 3805
1909 3980
1909 4692
1909 5253
1910 3807
1910 3972
1910 5730
1910 6183
1911 4050
1911 5734
1912 4688
1912 6251
1913 5734
1913 6251
1914 4050
1914 4688
1915 4687
1915 6253
1916 5191
1916 5754
1917 4687
1917 5191
1918 5754
1918 6253
1919 5155
1919 6257
1920 4064
1920 5294
1921 4064
1921 6257
1922 5155
1922 5294
1923 4682
1923 5301
1924 4065
1924 5124
1925 4065
1925 5301
1926 4682
1926 5124
1927 5378
1927 5615
1928 4066
1928 5151
1929 5151
1929 5378
1930 4066
1930 5615
1931 4678
1931 5609
1932 5389
1932 6267
1933 4678
1933 5389
1934 5609
1934 6267
1935 5341
1935 6269
1936 4736
1936 5654
1937 4736
1937 6269
1938 5341
1938 5654
1939 5190
1939 6274
1940 4071
1940 4734
1941 4071
1941 6274
1942 4734
1942 5190
1943 4039
1943 5340
1944 4733
1944 5175
1945 4733
1945 5340
1946 4039
1946 5175
1947 4028
1947 6218
1948 4730
1948 5182
1949 4730
1949 6218
1950 4028
1950 5182
1951 5203
1951 6221
1952 4030
1952 4727
1953 4727
1953 5203
1954 4030
1954 6221
1955 3843
1955 4726
1955 5630
1956 3881
1956 4032
1956 6225
1957 3844
1957 4032
1957 4726
1958 3884
1958 5630
1958 6225
1959 3924
1959 4033
1959 6226
1960 3927
1960 4708
1960 5201
1961 3926
1961 4033
1961 5201
1962 3897
1962 4708
1962 6226
1963 5255
1963 6216
1964 5150
1964 5629
1965 5255
1965 5629
1966 5150
1966 6216
1967 4038
1967 5259
1968 4720
1968 6234
1969 4720
1969 5259
1970 4038
1970 6234
1971 3956
1971 4040
1971 5123
1972 3958
1972 4718
1972 5275
1973 3957
1973 4718
1973 5123
1974 3961
1974 4040
1974 5275
1975 3960
1975 4042
1975 5195
1976 3989
1976 4715
1976 6241
1977 3947
1977 4042
1977 6241
1978 3995
1978 4715
1978 5195
1979 4045
1979 5622
1980 5180
1980 6244
1981 5622
1981 6244
1982 4045
1982 5180
1983 3824
1983 3994
1983 5184
1983 5209
1984 3826
1984 3974
1984 4713
1984 5943
1985 3825
1985 3998
1985 4713
1985 5209
1986 3812
1986 3991
1986 5184
1986 5943
1987 4710
1987 5250
1988 4049
1988 5944
1989 5250
1989 5944
1990 4049
1990 4710
1991 5239
1991 6242
1992 4709
1992 5192
1993 4709
1993 5239
1994 5192
1994 6242
1995 4098
1995 6239
1996 4646
1996 5240
1997 4646
1997 6239
1998 4098
1998 5240
1999 4100
1999 5140
2000 4644
2000 5273
2001 4644
2001 5140
2002 4100
2002 5273
2003 3967
2003 5120
2003 5267
2004 3964
2004 4102
2004 4643
2005 3940
2005 4102
2005 5267
2006 3966
2006 4643
2006 5120
2007 3613
2007 3638
2007 4103
2007 5953
2008 3599
2008 3640
2008 4640
2008 5162
2009 3614
2009 3639
2009 5162
2009 5953
2010 3616
2010 3641
2010 4103
2010 4640
2011 5263
2011 5954
2012 4105
2012 6229
2013 4105
2013 5263
2014 5954
2014 6229
2015 5268
2015 5959
2016 4637
2016 5157
2017 5157
2017 5268
2018 4637
2018 5959
2019 4636
2019 5127
2020 4109
2020 5202
2021 4636
2021 5202
2022 4109
2022 5127
2023 4110
2023 4634
2024 5166
2024 6223
2025 4110
2025 6223
2026 4634
2026 5166
2027 5368
2027 5966
2028 5174
2028 6219
2029 5368
2029 6219
2030 5174
2030 5966
2031 4113
2031 4629
2032 5970
2032 6276
2033 4113
2033 5970
2034 4629
2034 6276
2035 4628
2035 5972
2036 5142
2036 6272
2037 4628
2037 6272
2038 5142
2038 5972
2039 4117
2039 4625
2040 5137
2040 5916
2041 4625
2041 5137
2042 4117
2042 5916
2043 5145
2043 5396
2044 5665
2044 6266
2045 5396
2045 6266
2046 5145
2046 5665
2047 5153
2047 5920
2048 5326
2048 6247
2049 5153
2049 5326
2050 5920
2050 6247
2051 3732
2051 3816
2051 5125
2051 5922
2052 3734
2052 3818
2052 5297
2052 6260
2053 3733
2053 3817
2053 5125
2053 6260
2054 3735
2054 3819
2054 5297
2054 5922
2055 4676
2055 6259
2056 4081
2056 5288
2057 4081
2057 4676
2058 5288
2058 6259
2059 3873
2059 3892
2059 4672
2059 5187
2060 3877
2060 3887
2060 4088
2060 5928
2061 3874
2061 3894
2061 5187
2061 5928
2062 3878
2062 3890
2062 4088
2062 4672
2063 3895
2063 5170
2063 6255
2064 3888
2064 4668
2064 5323
2065 3889
2065 5323
2065 6255
2066 3925
2066 4668
2066 5170
2067 3838
2067 3857
2067 3888
2067 5185
2067 6252
2068 3836
2068 3895
2068 3912
2068 4667
2068 5933
2069 3839
2069 3856
2069 3925
2069 5933
2069 6252
2070 3837
2070 3875
2070 3889
2070 4667
2070 5185
2071 3822
2071 4094
2071 6248
2072 3820
2072 4665
2072 5313
2073 3823
2073 4094
2073 5313
2074 3821
2074 4665
2074 6248
2075 4664
2075 5317
2076 4017
2076 5937
2077 4017
2077 4664
2078 5317
2078 5937
2079 4015
2079 6179
2080 5324
2080 5991
2081 5324
2081 6179
2082 4015
2082 5991
2083 5327
2083 5975
2084 4022
2084 6171
2085 4022
2085 5327
2086 5975
2086 6171
2087 4659
2087 5973
2088 5021
2088 5338
2089 5021
2089 5973
2090 4659
2090 5338
2091 4657
2091 5019
2092 4009
2092 5282
2093 4009
2093 4657
2094 5019
2094 5282
2095 4652
2095 5017
2096 4006
2096 6163
2097 4006
2097 5017
2098 4652
2098 6163
2099 4021
2099 5976
2100 4650
2100 6161
2101 4650
2101 5976
2102 4021
2102 6161
2103 3750
2103 5046
2103 6159
2104 3748
2104 4002
2104 5291
2105 3751
2105 4002
2105 5046
2106 3749
2106 5291
2106 6159
2107 4795
2107 5043
2108 4218
2108 5295
2109 4218
2109 4795
2110 5043
2110 5295
2111 4789
2111 6170
2112 4223
2112 5031
2113 5031
2113 6170
2114 4223
2114 4789
2115 4224
2115 5302
2116 4805
2116 5820
2117 4224
2117 5820
2118 4805
2118 5302
2119 4804
2119 5818
2120 4228
2120 6212
2121 5818
2121 6212
2122 4228
2122 4804
2123 5372
2123 6210
2124 4230
2124 4993
2125 4230
2125 6210
2126 4993
2126 5372
2127 4232
2127 4755
2128 5374
2128 6208
2129 4755
2129 5374
2130 4232
2130 6208
2131 4198
2131 4751
2132 4991
2132 5809
2133 4751
2133 4991
2134 4198
2134 5809
2135 4745
2135 4982
2136 4199
2136 6200
2137 4199
2137 4982
2138 4745
2138 6200
2139 3728
2139 4201
2139 5807
2140 3730
2140 4739
2140 6196
2141 3729
2141 5807
2141 6196
2142 3731
2142 4201
2142 4739
2143 4775
2143 5388
2144 5837
2144 6192
2145 4775
2145 5837
2146 5388
2146 6192
2147 4196
2147 6190
2148 4986
2148 5835
2149 4196
2149 5835
2150 4986
2150 6190
2151 5355
2151 5834
2152 5006
2152 6186
2153 5834
2153 6186
2154 5006
2154 5355
2155 4080
2155 4765
2156 5005
2156 6368
2157 4080
2157 5005
2158 4765
2158 6368
2159 4777
2159 5828
2160 5000
2160 5352
2161 5000
2161 5828
2162 4777
2162 5352
2163 4753
2163 5826
2164 5101
2164 5356
2165 4753
2165 5356
2166 5101
2166 5826
2167 4226
2167 4780
2168 5360
2168 5822
2169 4780
2169 5822
2170 4226
2170 5360
2171 5363
2171 5783
2172 4796
2172 5097
2173 4796
2173 5363
2174 5097
2174 5783
2175 3625
2175 5096
2175 5366
2176 3627
2176 4262
2176 5781
2177 3626
2177 4262
2177 5366
2178 3628
2178 5096
2178 5781
2179 4783
2179 6358
2180 5091
2180 5211
2181 4783
2181 5091
2182 5211
2182 6358
2183 5090
2183 5766
2184 4255
2184 6349
2185 5766
2185 6349
2186 4255
2186 5090
2187 3964
2187 4760
2187 5086
2188 3967
2188 5770
2188 6346
2189 3966
2189 4760
2189 5770
2190 3940
2190 5086
2190 6346
2191 4269
2191 6343
2192 5198
2192 5776
2193 5198
2193 6343
2194 4269
2194 5776
2195 3836
2195 5802
2195 6354
2196 3838
2196 4238
2196 5223
2197 3837
2197 5223
2197 5802
2198 3839
2198 4238
2198 6354
2199 3915
2199 4239
2199 6397
2200 3908
2200 4747
2200 5112
2201 3918
2201 4747
2201 6397
2202 3920
2202 4239
2202 5112
2203 4242
2203 4768
2204 5102
2204 5197
2205 4242
2205 5102
2206 4768
2206 5197
2207 4800
2207 6396
2208 4235
2208 5109
2209 4235
2209 6396
2210 4800
2210 5109
2211 3734
2211 3832
2211 5107
2211 5785
2212 3732
2212 3834
2212 4782
2212 5260
2213 3735
2213 3833
2213 4782
2213 5107
2214 3733
2214 3835
2214 5260
2214 5785
2215 5063
2215 5791
2216 4723
2216 5265
2217 5265
2217 5791
2218 4723
2218 5063
2219 4251
2219 4794
2220 5058
2220 6389
2221 4251
2221 6389
2222 4794
2222 5058
2223 4187
2223 5269
2224 4414
2224 5788
2225 5269
2225 5788
2226 4187
2226 4414
2227 5277
2227 6369
2228 4427
2228 5786
2229 4427
2229 5277
2230 5786
2230 6369
2231 5082
2231 6380
2232 4435
2232 5230
2233 5082
2233 5230
2234 4435
2234 6380
2235 3867
2235 3935
2235 4436
2235 5890
2236 3876
2236 3931
2236 4144
2236 6379
2237 3865
2237 3936
2237 5890
2237 6379
2238 3872
2238 3932
2238 4144
2238 4436
2239 5232
2239 6375
2240 4408
2240 5886
2241 5232
2241 5886
2242 4408
2242 6375
2243 5237
2243 5885
2244 4463
2244 6372
2245 4463
2245 5237
2246 5885
2246 6372
2247 4469
2247 6370
2248 4150
2248 5242
2249 4469
2249 5242
2250 4150
2250 6370
2251 4473
2251 6306
2252 5245
2252 5881
2253 5245
2253 6306
2254 4473
2254 5881
2255 3790
2255 4153
2255 5073
2256 3788
2256 5879
2256 6305
2257 3791
2257 5073
2257 6305
2258 3789
2258 4153
2258 5879
2259 3710
2259 5070
2259 5877
2260 3712
2260 4128
2260 6301
2261 3711
2261 4128
2261 5070
2262 3713
2262 5877
2262 6301
2263 5068
2263 5910
2264 5601
2264 6297
2265 5910
2265 6297
2266 5068
2266 5601
2267 4444
2267 5581
2268 5072
2268 6294
2269 4444
2269 5072
2270 5581
2270 6294
2271 3646
2271 5594
2271 5907
2272 3648
2272 4124
2272 4460
2273 3647
2273 4124
2273 5907
2274 3649
2274 4460
2274 5594
2275 4461
2275 5597
2276 5903
2276 6290
2277 5597
2277 5903
2278 4461
2278 6290
2279 5076
2279 5551
2280 4457
2280 5901
2281 4457
2281 5551
2282 5076
2282 5901
2283 4130
2283 6288
2284 4453
2284 5546
2285 4130
2285 5546
2286 4453
2286 6288
2287 3629
2287 5541
2287 6286
2288 3692
2288 4448
2288 5897
2289 3645
2289 5897
2289 6286
2290 3693
2290 4448
2290 5541
2291 5534
2291 5894
2292 4148
2292 5050
2293 5050
2293 5894
2294 4148
2294 5534
2295 4445
2295 5533
2296 4178
2296 5855
2297 4178
2297 4445
2298 5533
2298 5855
2299 3712
2299 3761
2299 4442
2299 5052
2300 3710
2300 3763
2300 5531
2300 5851
2301 3713
2301 3762
2301 4442
2301 5531
2302 3711
2302 3764
2302 5052
2302 5851
2303 4485
2303 6278
2304 4182
2304 5056
2305 5056
2305 6278
2306 4182
2306 4485
2307 3971
2307 5575
2307 6335
2308 3973
2308 5062
2308 5845
2309 3972
2309 5575
2309 5845
2310 3980
2310 5062
2310 6335
2311 3607
2311 4477
2311 5064
2312 3605
2312 5558
2312 5844
2313 3608
2313 4477
2313 5844
2314 3606
2314 5064
2314 5558
2315 4186
2315 4472
2316 5104
2316 5842
2317 4186
2317 5842
2318 4472
2318 5104
2319 3623
2319 4189
2319 4468
2320 3621
2320 5105
2320 6328
2321 3624
2321 4189
2321 5105
2322 3622
2322 4468
2322 6328
2323 5110
2323 5848
2324 5562
2324 6326
2325 5848
2325 6326
2326 5110
2326 5562
2327 4193
2327 6324
2328 4406
2328 5115
2329 4193
2329 4406
2330 5115
2330 6324
2331 4195
2331 6308
2332 5572
2332 5870
2333 4195
2333 5572
2334 5870
2334 6308
2335 5869
2335 6321
2336 4426
2336 5085
2337 5085
2337 6321
2338 4426
2338 5869
2339 5540
2339 6318
2340 4162
2340 4434
2341 4434
2341 6318
2342 4162
2342 5540
2343 5543
2343 6315
2344 4166
2344 5089
2345 5089
2345 6315
2346 4166
2346 5543
2347 4170
2347 5863
2348 4422
2348 6311
2349 5863
2349 6311
2350 4170
2350 4422
2351 3826
2351 3851
2351 4171
2351 4420
2352 3824
2352 3882
2352 5552
2352 5859
2353 3812
2353 3883
2353 4171
2353 5859
2354 3825
2354 3880
2354 4420
2354 5552
2355 4600
2355 5861
2356 5600
2356 6027
2357 5600
2357 5861
2358 4600
2358 6027
2359 5580
2359 5857
2360 4176
2360 6028
2361 4176
2361 5580
2362 5857
2362 6028
2363 5596
2363 6038
2364 4580
2364 4996
2365 4580
2365 6038
2366 4996
2366 5596
2367 4997
2367 5843
2368 4172
2368 6056
2369 5843
2369 6056
2370 4172
2370 4997
2371 3621
2371 4169
2371 4999
2372 3623
2372 5850
2372 6049
2373 3622
2373 4999
2373 6049
2374 3624
2374 4169
2374 5850
2375 4576
2375 5003
2376 5447
2376 5995
2377 5003
2377 5447
2378 4576
2378 5995
2379 5896
2379 6026
2380 4572
2380 5009
2381 4572
2381 6026
2382 5009
2382 5896
2383 4159
2383 5442
2384 5905
2384 6015
2385 4159
2385 6015
2386 5442
2386 5905
2387 4978
2387 5438
2388 4177
2388 5908
2389 5438
2389 5908
2390 4177
2390 4978
2391 4552
2391 6132
2392 4179
2392 4980
2393 4179
2393 6132
2394 4552
2394 4980
2395 5440
2395 5884
2396 4554
2396 4983
2397 4554
2397 5884
2398 4983
2398 5440
2399 4557
2399 5878
2400 4133
2400 4985
2401 4985
2401 5878
2402 4133
2402 4557
2403 4132
2403 5449
2404 4989
2404 5875
2405 4132
2405 4989
2406 5449
2406 5875
2407 5454
2407 5887
2408 4562
2408 6150
2409 5454
2409 6150
2410 4562
2410 5887
2411 4563
2411 5889
2412 4120
2412 5458
2413 4120
2413 4563
2414 5458
2414 5889
2415 3891
2415 4119
2415 5004
2416 3917
2416 4567
2416 5459
2417 3928
2417 4119
2417 5459
2418 3914
2418 4567
2418 5004
2419 4155
2419 5460
2420 4614
2420 5787
2421 4155
2421 4614
2422 5460
2422 5787
2423 4151
2423 4612
2424 5035
2424 6102
2425 4151
2425 5035
2426 4612
2426 6102
2427 3904
2427 3958
2427 4611
2427 5795
2428 3907
2428 3956
2428 4145
2428 5039
2429 3905
2429 3961
2429 4611
2429 5039
2430 3893
2430 3957
2430 4145
2430 5795
2431 5463
2431 6082
2432 4140
2432 5042
2433 5042
2433 5463
2434 4140
2434 6082
2435 4253
2435 5767
2436 5413
2436 6080
2437 4253
2437 5413
2438 5767
2438 6080
2439 5410
2439 5773
2440 4246
2440 5015
2441 5015
2441 5410
2442 4246
2442 5773
2443 4603
2443 6091
2444 4243
2444 5405
2445 5405
2445 6091
2446 4243
2446 4603
2447 4241
2447 5018
2448 5403
2448 5777
2449 5018
2449 5403
2450 4241
2450 5777
2451 4599
2451 5402
2452 5020
2452 5780
2453 5020
2453 5402
2454 4599
2454 5780
2455 4596
2455 6093
2456 4236
2456 5824
2457 4236
2457 6093
2458 4596
2458 5824
2459 3781
2459 3820
2459 4272
2459 5399
2460 3722
2460 3822
2460 5025
2460 6086
2461 3737
2461 3821
2461 5025
2461 5399
2462 3723
2462 3823
2462 4272
2462 6086
2463 4271
2463 5417
2464 5028
2464 6115
2465 4271
2465 6115
2466 5028
2466 5417
2467 4590
2467 6126
2468 5426
2468 5812
2469 4590
2469 5426
2470 5812
2470 6126
2471 4586
2471 5030
2472 5430
2472 5805
2473 5030
2473 5805
2474 4586
2474 5430
2475 4257
2475 5994
2476 5513
2476 5808
2477 4257
2477 5513
2478 5808
2478 5994
2479 5167
2479 6050
2480 4213
2480 4515
2481 4213
2481 6050
2482 4515
2482 5167
2483 3853
2483 4514
2483 5803
2484 3854
2484 4209
2484 5196
2485 3827
2485 4209
2485 4514
2486 3842
2486 5196
2486 5803
2487 3683
2487 4204
2487 6033
2488 3681
2488 4509
2488 5141
2489 3684
2489 5141
2489 6033
2490 3682
2490 4204
2490 4509
2491 3654
2491 5503
2491 6042
2492 3656
2492 4507
2492 5958
2493 3655
2493 5958
2493 6042
2494 3657
2494 4507
2494 5503
2495 4506
2495 6041
2496 5119
2496 5500
2497 4506
2497 5119
2498 5500
2498 6041
2499 5498
2499 5978
2500 4488
2500 5163
2501 5163
2501 5978
2502 4488
2502 5498
2503 4231
2503 4489
2504 5158
2504 6128
2505 4489
2505 6128
2506 4231
2506 5158
2507 3687
2507 3828
2507 4216
2507 5143
2508 3685
2508 3830
2508 5517
2508 6136
2509 3688
2509 3829
2509 5143
2509 6136
2510 3686
2510 3831
2510 4216
2510 5517
2511 4494
2511 5518
2512 4220
2512 5984
2513 5518
2513 5984
2514 4220
2514 4494
2515 5520
2515 6098
2516 4497
2516 5156
2517 5156
2517 6098
2518 4497
2518 5520
2519 4003
2519 5521
2520 5121
2520 6105
2521 5121
2521 5521
2522 4003
2522 6105
2523 4012
2523 5129
2524 4502
2524 5526
2525 4012
2525 4502
2526 5129
2526 5526
2527 4503
2527 5527
2528 4023
2528 5177
2529 5177
2529 5527
2530 4023
2530 4503
2531 4016
2531 6075
2532 5173
2532 5480
2533 4016
2533 5480
2534 5173
2534 6075
2535 4546
2535 5179
2536 5475
2536 6087
2537 4546
2537 6087
2538 5179
2538 5475
2539 4025
2539 5183
2540 5464
2540 6152
2541 5183
2541 5464
2542 4025
2542 6152
2543 5133
2543 6122
2544 4107
2544 4540
2545 4540
2545 5133
2546 4107
2546 6122
2547 5154
2547 5470
2548 4538
2548 5912
2549 4538
2549 5470
2550 5154
2550 5912
2551 3634
2551 4537
2551 5146
2552 3636
2552 4093
2552 5968
2553 3898
2553 5161
2553 6025
2554 3902
2554 4089
2554 4533
2555 3906
2555 4533
2555 5161
2556 3901
2556 4089
2556 6025
2557 4087
2557 5484
2558 5126
2558 5960
2559 4087
2559 5126
2560 5484
2560 5960
2561 4084
2561 5485
2562 5942
2562 6059
2563 5485
2563 6059
2564 4084
2564 5942
2565 3992
2565 5488
2565 5956
2566 3993
2566 4082
2566 5193
2567 3990
2567 4082
2567 5956
2568 3997
2568 5193
2568 5488
2569 5189
2569 5491
2570 4523
2570 6065
2571 4523
2571 5491
2572 5189
2572 6065
2573 3615
2573 4085
2573 6029
2574 3658
2574 5181
2574 5948
2575 3600
2575 5948
2575 6029
2576 3659
2576 4085
2576 5181
2577 5381
2577 6047
2578 4520
2578 4855
2579 4855
2579 6047
2580 4520
2580 5381
2581 5495
2581 5945
2582 4521
2582 6037
2583 4521
2583 5495
2584 5945
2584 6037
2585 3677
2585 4522
2585 6031
2586 3679
2586 4851
2586 5492
2587 3678
2587 4522
2587 4851
2588 3680
2588 5492
2588 6031
2589 3881
2589 4077
2589 5952
2590 3843
2590 4524
2590 4848
2591 3884
2591 4077
2591 4848
2592 3844
2592 4524
2592 5952
2593 4078
2593 6058
2594 4846
2594 5489
2595 4078
2595 5489
2596 4846
2596 6058
2597 3983
2597 4527
2597 4845
2598 3866
2598 4083
2598 5997
2599 3988
2599 4083
2599 4845
2600 3864
2600 4527
2600 5997
2601 4530
2601 4832
2602 5963
2602 5998
2603 4832
2603 5998
2604 4530
2604 5963
2605 4531
2605 4840
2606 5964
2606 6017
2607 4531
2607 5964
2608 4840
2608 6017
2609 3755
2609 4534
2609 5482
2610 3753
2610 5965
2610 6024
2611 3756
2611 5482
2611 6024
2612 3754
2612 4534
2612 5965
2613 3648
2613 4091
2613 5967
2614 3646
2614 5465
2614 6019
2615 3649
2615 5465
2615 5967
2616 3647
2616 4091
2616 6019
2617 4536
2617 5467
2618 4835
2618 5971
2619 4536
2619 5971
2620 4835
2620 5467
2621 5927
2621 6011
2622 4095
2622 4834
2623 4834
2623 6011
2624 4095
2624 5927
2625 3882
2625 5914
2625 6112
2626 3851
2626 4541
2626 4844
2627 3880
2627 4844
2627 5914
2628 3883
2628 4541
2628 6112
2629 5471
2629 5918
2630 4007
2630 6123
2631 4007
2631 5918
2632 5471
2632 6123
2633 4020
2633 5472
2634 5923
2634 6146
2635 5472
2635 6146
2636 4020
2636 5923
2637 4875
2637 5925
2638 4543
2638 5474
2639 4543
2639 5925
2640 4875
2640 5474
2641 3704
2641 4019
2641 5476
2642 3702
2642 4544
2642 6134
2643 3705
2643 4019
2643 6134
2644 3703
2644 4544
2644 5476
2645 4545
2645 5911
2646 5478
2646 6069
2647 5478
2647 5911
2648 4545
2648 6069
2649 3722
2649 4547
2649 6078
2650 3781
2650 4010
2650 4869
2651 3723
2651 4010
2651 6078
2652 3737
2652 4547
2652 4869
2653 3796
2653 4550
2653 5529
2654 3798
2654 4014
2654 5931
2655 3782
2655 4550
2655 5931
2656 3799
2656 4014
2656 5529
2657 3885
2657 3937
2657 4865
2657 6106
2658 3849
2658 3941
2658 4501
2658 5525
2659 3848
2659 3939
2659 4501
2659 4865
2660 3850
2660 3942
2660 5525
2660 6106
2661 4004
2661 5938
2662 4499
2662 6096
2663 4004
2663 6096
2664 4499
2664 5938
2665 5522
2665 5939
2666 4265
2666 4859
2667 4265
2667 5522
2668 4859
2668 5939
2669 3798
2669 3849
2669 3870
2669 4496
2669 5941
2670 3796
2670 3885
2670 3919
2670 4217
2670 4809
2671 3799
2671 3850
2671 3871
2671 4217
2671 4496
2672 3782
2672 3848
2672 3869
2672 4809
2672 5941
2673 4221
2673 4807
2674 5979
2674 6072
2675 4807
2675 6072
2676 4221
2676 5979
2677 4229
2677 4492
2678 5977
2678 6125
2679 4492
2679 5977
2680 4229
2680 6125
2681 4490
2681 4822
2682 4234
2682 5990
2683 4822
2683 5990
2684 4234
2684 4490
2685 4829
2685 6016
2686 4495
2686 5974
2687 4495
2687 6016
2688 4829
2688 5974
2689 4197
2689 6000
2690 5501
2690 5980
2691 5980
2691 6000
2692 4197
2692 5501
2693 3840
2693 4202
2693 5988
2694 3797
2694 4505
2694 4821
2695 3841
2695 4202
2695 4505
2696 3783
2696 4821
2696 5988
2697 4508
2697 5504
2698 4820
2698 5817
2699 4508
2699 4820
2700 5504
2700 5817
2701 3948
2701 4510
2701 5497
2702 3943
2702 4205
2702 5814
2703 3945
2703 4205
2703 4510
2704 3929
2704 5497
2704 5814
2705 5509
2705 6057
2706 4208
2706 4814
2707 4208
2707 6057
2708 4814
2708 5509
2709 4516
2709 5510
2710 5811
2710 6005
2711 5510
2711 6005
2712 4516
2712 5811
2713 4214
2713 4517
2714 4951
2714 5993
2715 4517
2715 4951
2716 4214
2716 5993
2717 4950
2717 6020
2718 4535
2718 5429
2719 4535
2719 4950
2720 5429
2720 6020
2721 5428
2721 5806
2722 4258
2722 4587
2723 4258
2723 5806
2724 4587
2724 5428
2725 4261
2725 4945
2726 5425
2726 6130
2727 4261
2727 5425
2728 4945
2728 6130
2729 4264
2729 5836
2730 4591
2730 5422
2731 4591
2731 5836
2732 4264
2732 5422
2733 3691
2733 3718
2733 4592
2733 5832
2734 3708
2734 3720
2734 5420
2734 6142
2735 3707
2735 3719
2735 4592
2735 5420
2736 3676
2736 3709
2736 5832
2736 6142
2737 5418
2737 6138
2738 4266
2738 4593
2739 4266
2739 5418
2740 4593
2740 6138
2741 4594
2741 5827
2742 4939
2742 5407
2743 5407
2743 5827
2744 4594
2744 4939
2745 3663
2745 4245
2745 5784
2746 3661
2746 4936
2746 6129
2747 3664
2747 4245
2747 4936
2748 3662
2748 5784
2748 6129
2749 3985
2749 4237
2749 6095
2750 3944
2750 4598
2750 5778
2751 3986
2751 4237
2751 5778
2752 3868
2752 4598
2752 6095
2753 3611
2753 4584
2753 5401
2754 3609
2754 4240
2754 4932
2755 3612
2755 4240
2755 5401
2756 3610
2756 4584
2756 4932
2757 3954
2757 4930
2757 5404
2758 3953
2758 4602
2758 5775
2759 3951
2759 4602
2759 4930
2760 3950
2760 5404
2760 5775
2761 4604
2761 6104
2762 4248
2762 5398
2763 4248
2763 4604
2764 5398
2764 6104
2765 4606
2765 6108
2766 4974
2766 5769
2767 4606
2767 5769
2768 4974
2768 6108
2769 3752
2769 4973
2769 5411
2770 3765
2770 4249
2770 5768
2771 3768
2771 4249
2771 5411
2772 3766
2772 4973
2772 5768
2773 3694
2773 4607
2773 5414
2774 3696
2774 5800
2774 6074
2775 3695
2775 5414
2775 6074
2776 3697
2776 4607
2776 5800
2777 5415
2777 5798
2778 4142
2778 4969
2779 4969
2779 5415
2780 4142
2780 5798
2781 3900
2781 3923
2781 4967
2781 5462
2782 3886
2782 3916
2782 4610
2782 6083
2783 3903
2783 3921
2783 4967
2783 6083
2784 3861
2784 3899
2784 4610
2784 5462
2785 4953
2785 5793
2786 4147
2786 6089
2787 4953
2787 6089
2788 4147
2788 5793
2789 3863
2789 4962
2789 5790
2790 3911
2790 5461
2790 6135
2791 3909
2791 5461
2791 5790
2792 3913
2792 4962
2792 6135
2793 4960
2793 5514
2794 4615
2794 6140
2795 4960
2795 6140
2796 4615
2796 5514
2797 3661
2797 4566
2797 6143
2798 3663
2798 4156
2798 4954
2799 3662
2799 4156
2799 4566
2800 3664
2800 4954
2800 6143
2801 4125
2801 5892
2802 4561
2802 6149
2803 5892
2803 6149
2804 4125
2804 4561
2805 4126
2805 4900
2806 5452
2806 6113
2807 4900
2807 6113
2808 4126
2808 5452
2809 4559
2809 5451
2810 4898
2810 5883
2811 4898
2811 5451
2812 4559
2812 5883
2813 4897
2813 6121
2814 4136
2814 5880
2815 5880
2815 6121
2816 4136
2816 4897
2817 4137
2817 4555
2818 4894
2818 5432
2819 4137
2819 4894
2820 4555
2820 5432
2821 4553
2821 5433
2822 4879
2822 6131
2823 5433
2823 6131
2824 4553
2824 4879
2825 4184
2825 4888
2826 5436
2826 6008
2827 4184
2827 5436
2828 4888
2828 6008
2829 4188
2829 5437
2830 4887
2830 6010
2831 4188
2831 6010
2832 4887
2832 5437
2833 4194
2833 5431
2834 4570
2834 5900
2835 4194
2835 4570
2836 5431
2836 5900
2837 5899
2837 6023
2838 4161
2838 4885
2839 4885
2839 5899
2840 4161
2840 6023
2841 3665
2841 3777
2841 4163
2841 5443
2842 3667
2842 3779
2842 4574
2842 5895
2843 3666
2843 3778
2843 4163
2843 4574
2844 3668
2844 3780
2844 5443
2844 5895
2845 4881
2845 5445
2846 4165
2846 5854
2847 4165
2847 5445
2848 4881
2848 5854
2849 3763
2849 4168
2849 5853
2850 3761
2850 4927
2850 6001
2851 3764
2851 5853
2851 6001
2852 3762
2852 4168
2852 4927
2853 3609
2853 5565
2853 6004
2854 3611
2854 4578
2854 4926
2855 3610
2855 4926
2855 5565
2856 3612
2856 4578
2856 6004
2857 3652
2857 5599
2857 5847
2858 3650
2858 4579
2858 4923
2859 3653
2859 4579
2859 5847
2860 3651
2860 4923
2860 5599
2861 3689
2861 4922
2861 5841
2862 3879
2862 4174
2862 6048
2863 3690
2863 4174
2863 4922
2864 3952
2864 5841
2864 6048
2865 5871
2865 6063
2866 4920
2866 5595
2867 5595
2867 6063
2868 4920
2868 5871
2869 3907
2869 4919
2869 6067
2870 3904
2870 4581
2870 5591
2871 3893
2871 5591
2871 6067
2872 3905
2872 4581
2872 4919
2873 4583
2873 5867
2874 5587
2874 6036
2875 5867
2875 6036
2876 4583
2876 5587
2877 4175
2877 5864
2878 4914
2878 6039
2879 4914
2879 5864
2880 4175
2880 6039
2881 3922
2881 4415
2881 4913
2882 3860
2882 5860
2882 6044
2883 3896
2883 4913
2883 6044
2884 3910
2884 4415
2884 5860
2885 3933
2885 5553
2885 5858
2886 3968
2886 4173
2886 4418
2887 3946
2887 4173
2887 5858
2888 3969
2888 4418
2888 5553
2889 4424
2889 6309
2890 4157
2890 5862
2891 5862
2891 6309
2892 4157
2892 4424
2893 4906
2893 6314
2894 4164
2894 4430
2895 4164
2895 6314
2896 4430
2896 4906
2897 5530
2897 6316
2898 4437
2898 5865
2899 4437
2899 5530
2900 5865
2900 6316
2901 4160
2901 5868
2902 4908
2902 6320
2903 4160
2903 6320
2904 4908
2904 5868
2905 4158
2905 4910
2906 5574
2906 6322
2907 4158
2907 5574
2908 4910
2908 6322
2909 4167
2909 4911
2910 4409
2910 5569
2911 4409
2911 4911
2912 4167
2912 5569
2913 4915
2913 5567
2914 4404
2914 5872
2915 4404
2915 4915
2916 5567
2916 5872
2917 3619
2917 5554
2917 5873
2918 3617
2918 4192
2918 4925
2919 3620
2919 4192
2919 5554
2920 3618
2920 4925
2920 5873
2921 4191
2921 6327
2922 4464
2922 5874
2923 4191
2923 5874
2924 4464
2924 6327
2925 4465
2925 5555
2926 4190
2926 4886
2927 4190
2927 4465
2928 4886
2928 5555
2929 5556
2929 5840
2930 4431
2930 6329
2931 5840
2931 6329
2932 4431
2932 5556
2933 4185
2933 6332
2934 4476
2934 4893
2935 4185
2935 4893
2936 4476
2936 6332
2937 3786
2937 4478
2937 6333
2938 3784
2938 4183
2938 5563
2939 3787
2939 4183
2939 6333
2940 3785
2940 4478
2940 5563
2941 5568
2941 5846
2942 4480
2942 6336
2943 4480
2943 5846
2944 5568
2944 6336
2945 5571
2945 5839
2946 4482
2946 4901
2947 4482
2947 5571
2948 4901
2948 5839
2949 5576
2949 5849
2950 4181
2950 4916
2951 4181
2951 5576
2952 4916
2952 5849
2953 4956
2953 5852
2954 4440
2954 6280
2955 4440
2955 4956
2956 5852
2956 6280
2957 4180
2957 5856
2958 4447
2958 4963
2959 4180
2959 4963
2960 4447
2960 5856
2961 4135
2961 5535
2962 4972
2962 5866
2963 4135
2963 5866
2964 4972
2964 5535
2965 4449
2965 6284
2966 4134
2966 5539
2967 5539
2967 6284
2968 4134
2968 4449
2969 3673
2969 4451
2969 6287
2970 3675
2970 4131
2970 5898
2971 3674
2971 4451
2971 5898
2972 3660
2972 4131
2972 6287
2973 4935
2973 5303
2974 4129
2974 4458
2975 4129
2975 5303
2976 4458
2976 4935
2977 3632
2977 4459
2977 4944
2978 3706
2978 4118
2978 6291
2979 3633
2979 4459
2979 6291
2980 3631
2980 4118
2980 4944
2981 4127
2981 5904
2982 5585
2982 6277
2983 5585
2983 5904
2984 4127
2984 6277
2985 5593
2985 5906
2986 4123
2986 4810
2987 4123
2987 5906
2988 4810
2988 5593
2989 4452
2989 4813
2990 5583
2990 6296
2991 4813
2991 6296
2992 4452
2992 5583
2993 4122
2993 5598
2994 4443
2994 4818
2995 4122
2995 4443
2996 4818
2996 5598
2997 4121
2997 5909
2998 4439
2998 4830
2999 4121
2999 4439
3000 4830
3000 5909
3001 5251
3001 5876
3002 4824
3002 6303
3003 4824
3003 5876
3004 5251
3004 6303
3005 3977
3005 4154
3005 5249
3006 3949
3006 4481
3006 4816
3007 3970
3007 4816
3007 5249
3008 3996
3008 4154
3008 4481
3009 4475
3009 4868
3010 4152
3010 5246
3011 4475
3011 5246
3012 4152
3012 4868
3013 3740
3013 4861
3013 5882
3014 3742
3014 4471
3014 5241
3015 3741
3015 4471
3015 4861
3016 3743
3016 5241
3016 5882
3017 4470
3017 6371
3018 4149
3018 4871
3019 4149
3019 4470
3020 4871
3020 6371
3021 4138
3021 5236
3022 4413
3022 6374
3023 4138
3023 4413
3024 5236
3024 6374
3025 4876
3025 6377
3026 4146
3026 5888
3027 4876
3027 5888
3028 4146
3028 6377
3029 4405
3029 4837
3030 4143
3030 5891
3031 4143
3031 4405
3032 4837
3032 5891
3033 4412
3033 6382
3034 4141
3034 5830
3035 4141
3035 4412
3036 5830
3036 6382
3037 4139
3037 5280
3038 4842
3038 6386
3039 4842
3039 5280
3040 4139
3040 6386
3041 3976
3041 4843
3041 6387
3042 3981
3042 4425
3042 5274
3043 3979
3043 4843
3043 5274
3044 3982
3044 4425
3044 6387
3045 5271
3045 5789
3046 4254
3046 4423
3047 4423
3047 5271
3048 4254
3048 5789
3049 3911
3049 4252
3049 5254
3050 3863
3050 4852
3050 6390
3051 3913
3051 5254
3051 6390
3052 3909
3052 4252
3052 4852
3053 4849
3053 6392
3054 4785
3054 5262
3055 4849
3055 5262
3056 4785
3056 6392
3057 4784
3057 5792
3058 4250
3058 6393
3059 4784
3059 6393
3060 4250
3060 5792
3061 4839
3061 6395
3062 4247
3062 5256
3063 5256
3063 6395
3064 4247
3064 4839
3065 4244
3065 4801
3066 4833
3066 5796
3067 4801
3067 5796
3068 4244
3068 4833
3069 4740
3069 4877
3070 5221
3070 5797
3071 4877
3071 5221
3072 4740
3072 5797
3073 4776
3073 5799
3074 4856
3074 6339
3075 4776
3075 4856
3076 5799
3076 6339
3077 3685
3077 5216
3077 5801
3078 3687
3078 4273
3078 6340
3079 3686
3079 4273
3079 5216
3080 3688
3080 5801
3080 6340
3081 3847
3081 4773
3081 5206
3082 3845
3082 4270
3082 6342
3083 3852
3083 4270
3083 5206
3084 3846
3084 4773
3084 6342
3085 3855
3085 4268
3085 4863
3086 3859
3086 4764
3086 5771
3087 3858
3087 4764
3087 4863
3088 3862
3088 4268
3088 5771
3089 4267
3089 6347
3090 5215
3090 5772
3091 4267
3091 5772
3092 5215
3092 6347
3093 3650
3093 4811
3093 5213
3094 3652
3094 5774
3094 6351
3095 3651
3095 4811
3095 6351
3096 3653
3096 5213
3096 5774
3097 4815
3097 6338
3098 4263
3098 4772
3099 4772
3099 4815
3100 4263
3100 6338
3101 5200
3101 6356
3102 4831
3102 5779
3103 4831
3103 6356
3104 5200
3104 5779
3105 3917
3105 4749
3105 6359
3106 3891
3106 4260
3106 4828
3107 3914
3107 4749
3107 4828
3108 3928
3108 4260
3108 6359
3109 4786
3109 5782
3110 4259
3110 6361
3111 4259
3111 4786
3112 5782
3112 6361
3113 4256
3113 5364
3114 4790
3114 5794
3115 4790
3115 5364
3116 4256
3116 5794
3117 3675
3117 4781
3117 4952
3118 3673
3118 4215
3118 5358
3119 3660
3119 4215
3119 4952
3120 3674
3120 4781
3120 5358
3121 5823
3121 6364
3122 4797
3122 5354
3123 4797
3123 5823
3124 5354
3124 6364
3125 5353
3125 5825
3126 4738
3126 4870
3127 4870
3127 5825
3128 4738
3128 5353
3129 5902
3129 6367
3130 4212
3130 5348
3131 4212
3131 6367
3132 5348
3132 5902
3133 3692
3133 4211
3133 4929
3134 3629
3134 5345
3134 5829
3135 3693
3135 4211
3135 5829
3136 3645
3136 4929
3136 5345
3137 5344
3137 5821
3138 4770
3138 6262
3139 4770
3139 5344
3140 5821
3140 6262
3141 3671
3141 4761
3141 5831
3142 3669
3142 4210
3142 4971
3143 3672
3143 4210
3143 4761
3144 3670
3144 4971
3144 5831
3145 5397
3145 5833
3146 4762
3146 4966
3147 4762
3147 5397
3148 4966
3148 5833
3149 4207
3149 4767
3150 4957
3150 5391
3151 4767
3151 4957
3152 4207
3152 5391
3153 4203
3153 5838
3154 4903
3154 6195
3155 4203
3155 4903
3156 5838
3156 6195
3157 5386
3157 5804
3158 4899
3158 6197
3159 4899
3159 5386
3160 5804
3160 6197
3161 4200
3161 5382
3162 4743
3162 6185
3163 4200
3163 4743
3164 5382
3164 6185
3165 4746
3165 4891
3166 5810
3166 6205
3167 4746
3167 5810
3168 4891
3168 6205
3169 3640
3169 4890
3169 6207
3170 3638
3170 4206
3170 5375
3171 3641
3171 4206
3171 6207
3172 3639
3172 4890
3172 5375
3173 4233
3173 6209
3174 4756
3174 5813
3175 4233
3175 5813
3176 4756
3176 6209
3177 4757
3177 4880
3178 5370
3178 5815
3179 4757
3179 5370
3180 4880
3180 5815
3181 3866
3181 5310
3181 5816
3182 3983
3182 4227
3182 4892
3183 3864
3183 4892
3183 5310
3184 3988
3184 4227
3184 5816
3185 3720
3185 5819
3185 6213
3186 3718
3186 4225
3186 5305
3187 3676
3187 5305
3187 6213
3188 3719
3188 4225
3188 5819
3189 3738
3189 4918
3189 5300
3190 3736
3190 4222
3190 5992
3191 3739
3191 4222
3191 4918
3192 3721
3192 5300
3192 5992
3193 3916
3193 4909
3193 5986
3194 3923
3194 4219
3194 6156
3195 3861
3195 4219
3195 4909
3196 3921
3196 5986
3196 6156
3197 4793
3197 5293
3198 4905
3198 5983
3199 4793
3199 5983
3200 4905
3200 5293
3201 4005
3201 4648
3202 5289
3202 5981
3203 4005
3203 5289
3204 4648
3204 5981
3205 4649
3205 4907
3206 4011
3206 6164
3207 4011
3207 4649
3208 4907
3208 6164
3209 4001
3209 5989
3210 4654
3210 6166
3211 5989
3211 6166
3212 4001
3212 4654
3213 5296
3213 6168
3214 4656
3214 4912
3215 4656
3215 6168
3216 4912
3216 5296
3217 4013
3217 5337
3218 4904
3218 6169
3219 5337
3219 6169
3220 4013
3220 4904
3221 3667
3221 4917
3221 5333
3222 3665
3222 5985
3222 6172
3223 3668
3223 4917
3223 5985
3224 3666
3224 5333
3224 6172
3225 4024
3225 5332
3226 5982
3226 6175
3227 4024
3227 5982
3228 5332
3228 6175
3229 3808
3229 3981
3229 5987
3229 6176
3230 3810
3230 3976
3230 4008
3230 5328
3231 3809
3231 3982
3231 5328
3231 6176
3232 3811
3232 3979
3232 4008
3232 5987
3233 4921
3233 5325
3234 5940
3234 6178
3235 4921
3235 6178
3236 5325
3236 5940
3237 4018
3237 4661
3238 5322
3238 6181
3239 4661
3239 5322
3240 4018
3240 6181
3241 4026
3241 5319
3242 4924
3242 5936
3243 4924
3243 5319
3244 4026
3244 5936
3245 5316
3245 5935
3246 4000
3246 6182
3247 5316
3247 6182
3248 4000
3248 5935
3249 5934
3249 6184
3250 4666
3250 4882
3251 4666
3251 6184
3252 4882
3252 5934
3253 4883
3253 5932
3254 5315
3254 6250
3255 5315
3255 5932
3256 4883
3256 6250
3257 3902
3257 3912
3257 4092
3257 4884
3258 3857
3258 3898
3258 5330
3258 6254
3259 3875
3259 3901
3259 4884
3259 5330
3260 3856
3260 3906
3260 4092
3260 6254
3261 3886
3261 4090
3261 5336
3262 3900
3262 4670
3262 5930
3263 3899
3263 4090
3263 4670
3264 3903
3264 5336
3264 5930
3265 4086
3265 5929
3266 4889
3266 5285
3267 4889
3267 5929
3268 4086
3268 5285
3269 3744
3269 4073
3269 6258
3270 3746
3270 4675
3270 5926
3271 3745
3271 5926
3271 6258
3272 3747
3272 4073
3272 4675
3273 3708
3273 3859
3273 3999
3273 5298
3274 3691
3274 3855
3274 4632
3274 5924
3275 3709
3275 3862
3275 3999
3275 4632
3276 3707
3276 3858
3276 5298
3276 5924
3277 4079
3277 4895
3278 4618
3278 5307
3279 4618
3279 4895
3280 4079
3280 5307
3281 4619
3281 5921
3282 5377
3282 6263
3283 4619
3283 5377
3284 5921
3284 6263
3285 4076
3285 5379
3286 4896
3286 6264
3287 4896
3287 5379
3288 4076
3288 6264
3289 4620
3289 6265
3290 4075
3290 5919
3291 4075
3291 6265
3292 4620
3292 5919
3293 3601
3293 3714
3293 3931
3293 3974
3293 4074
3293 5917
3294 3603
3294 3716
3294 3935
3294 3994
3294 4623
3294 6270
3295 3602
3295 3715
3295 3932
3295 3991
3295 4074
3295 4623
3296 3604
3296 3717
3296 3936
3296 3998
3296 5917
3296 6270
3297 4902
3297 5342
3298 4624
3298 5915
3299 4624
3299 5342
3300 4902
3300 5915
3301 5349
3301 6271
3302 4116
3302 5913
3303 4116
3303 6271
3304 5349
3304 5913
3305 4627
3305 4955
3306 4114
3306 6232
3307 4114
3307 4955
3308 4627
3308 6232
3309 4112
3309 4959
3310 5969
3310 6217
3311 4959
3311 5969
3312 4112
3312 6217
3313 4631
3313 4961
3314 4111
3314 6220
3315 4111
3315 4961
3316 4631
3316 6220
3317 5205
3317 6222
3318 4633
3318 4964
3319 4964
3319 6222
3320 4633
3320 5205
3321 5217
3321 6224
3322 4970
3322 5962
3323 4970
3323 5217
3324 5962
3324 6224
3325 3765
3325 4108
3325 5961
3326 3752
3326 5214
3326 6228
3327 3766
3327 5961
3327 6228
3328 3768
3328 4108
3328 5214
3329 3746
3329 4638
3329 5199
3330 3744
3330 4096
3330 4975
3331 3747
3331 4096
3331 4638
3332 3745
3332 4975
3332 5199
3333 4106
3333 5257
3334 5957
3334 6230
3335 4106
3335 6230
3336 5257
3336 5957
3337 4976
3337 5955
3338 4104
3338 4641
3339 4104
3339 5955
3340 4641
3340 4976
3341 4642
3341 6235
3342 4933
3342 5951
3343 4642
3343 5951
3344 4933
3344 6235
3345 3949
3345 4934
3345 5950
3346 3977
3346 4101
3346 5270
3347 3996
3347 4934
3347 5270
3348 3970
3348 4101
3348 5950
3349 5949
3349 6238
3350 4099
3350 4937
3351 4937
3351 5949
3352 4099
3352 6238
3353 3736
3353 4097
3353 4928
3354 3738
3354 5231
3354 6240
3355 3721
3355 4097
3355 6240
3356 3739
3356 4928
3356 5231
3357 4062
3357 5234
3358 4943
3358 5947
3359 4062
3359 4943
3360 5234
3360 5947
3361 5226
3361 5946
3362 4048
3362 4711
3363 4048
3363 5226
3364 4711
3364 5946
3365 4047
3365 4712
3366 5893
3366 6246
3367 4712
3367 6246
3368 4047
3368 5893
3369 4046
3369 5602
3370 4948
3370 6245
3371 4046
3371 6245
3372 4948
3372 5602
3373 4949
3373 5247
3374 4044
3374 6243
3375 4949
3375 6243
3376 4044
3376 5247
3377 4043
3377 5627
3378 4716
3378 5227
3379 4716
3379 5627
3380 4043
3380 5227
3381 3658
3381 3887
3381 4041
3381 5276
3382 3615
3382 3892
3382 4817
3382 6237
3383 3659
3383 3890
3383 4817
3383 5276
3384 3600
3384 3894
3384 4041
3384 6237
3385 5655
3385 6236
3386 4027
3386 5264
3387 5264
3387 5655
3388 4027
3388 6236
3389 4037
3389 5660
3390 4722
3390 6233
3391 4722
3391 5660
3392 4037
3392 6233
3393 4036
3393 4819
3394 5644
3394 6231
3395 4036
3395 6231
3396 4819
3396 5644
3397 4035
3397 5645
3398 4808
3398 5224
3399 4035
3399 5224
3400 4808
3400 5645
3401 5637
3401 6227
3402 4034
3402 4725
3403 4034
3403 6227
3404 4725
3404 5637
3405 3860
3405 5225
3405 5632
3406 3922
3406 4031
3406 4728
3407 3910
3407 4031
3407 5225
3408 3896
3408 4728
3408 5632
3409 4029
3409 5367
3410 4731
3410 4823
3411 4029
3411 4823
3412 4731
3412 5367
3413 3636
3413 3944
3413 3978
3413 4732
3413 5361
3414 3634
3414 3985
3414 3987
3414 4072
3414 5659
3415 5658
3415 6275
3416 4070
3416 4858
3417 4070
3417 5658
3418 4858
3418 6275
3419 3792
3419 5656
3419 6273
3420 3794
3420 4069
3420 5350
3421 3793
3421 5350
3421 6273
3422 3795
3422 4069
3422 5656
3423 5343
3423 5653
3424 4068
3424 4737
3425 4737
3425 5653
3426 4068
3426 5343
3427 5394
3427 6268
3428 4693
3428 4862
3429 4693
3429 6268
3430 4862
3430 5394
3431 4067
3431 5385
3432 4680
3432 4864
3433 4864
3433 5385
3434 4067
3434 4680
3435 4866
3435 5376
3436 4681
3436 5623
3437 4681
3437 4866
3438 5376
3438 5623
3439 5304
3439 6261
3440 4683
3440 4812
3441 4812
3441 6261
3442 4683
3442 5304
3443 4063
3443 5287
3444 4685
3444 6256
3445 4063
3445 4685
3446 5287
3446 6256
3447 3759
3447 4873
3447 5740
3448 3757
3448 4686
3448 5339
3449 3760
3449 4686
3449 4873
3450 3758
3450 5339
3450 5740
3451 3617
3451 4874
3451 5736
3452 3619
3452 4689
3452 5320
3453 3618
3453 5320
3453 5736
3454 3620
3454 4689
3454 4874
3455 4878
3455 6249
3456 4061
3456 5731
3457 4878
3457 5731
3458 4061
3458 6249
3459 4690
3459 6201
3460 5312
3460 5614
3461 4690
3461 5614
3462 5312
3462 6201
3463 3908
3463 4060
3463 4836
3464 3915
3464 4677
3464 5726
3465 3920
3465 4060
3465 4677
3466 3918
3466 4836
3466 5726
3467 4058
3467 5321
3468 4696
3468 6180
3469 4058
3469 6180
3470 4696
3470 5321
3471 3877
3471 4838
3471 5721
3472 3873
3472 4697
3472 5311
3473 3878
3473 4697
3473 5721
3474 3874
3474 4838
3474 5311
3475 4698
3475 5765
3476 4056
3476 6174
3477 4056
3477 4698
3478 5765
3478 6174
3479 3963
3479 5331
3479 6173
3480 3959
3480 4700
3480 5761
3481 3962
3481 4700
3481 5331
3482 3955
3482 5761
3482 6173
3483 5334
3483 5760
3484 4702
3484 6154
3485 4702
3485 5760
3486 5334
3486 6154
3487 3702
3487 3959
3487 4054
3487 5335
3488 3704
3488 3963
3488 4704
3488 4847
3489 3703
3489 3955
3489 4847
3489 5335
3490 3705
3490 3962
3490 4054
3490 4704
3491 4850
3491 5284
3492 4052
3492 5748
3493 4052
3493 5284
3494 4850
3494 5748
3495 3644
3495 5286
3495 6162
3496 3642
3496 4706
3496 4853
3497 3630
3497 4706
3497 6162
3498 3643
3498 4853
3498 5286
3499 4854
3499 5746
3500 4389
3500 6158
3501 5746
3501 6158
3502 4389
3502 4854
3503 4841
3503 5292
3504 4695
3504 5687
3505 5292
3505 5687
3506 4695
3506 4841
3507 4378
3507 4691
3508 5299
3508 6214
3509 4378
3509 6214
3510 4691
3510 5299
3511 4382
3511 5681
3512 4872
3512 5306
3513 4382
3513 5306
3514 4872
3514 5681
3515 4684
3515 5309
3516 4867
3516 6211
3517 4684
3517 6211
3518 4867
3518 5309
3519 4370
3519 5373
3520 4860
3520 5671
3521 4370
3521 5671
3522 4860
3522 5373
3523 4735
3523 4857
3524 4369
3524 6204
3525 4369
3525 4857
3526 4735
3526 6204
3527 4386
3527 4729
3528 5380
3528 6202
3529 4729
3529 5380
3530 4386
3530 6202
3531 4825
3531 5679
3532 4399
3532 5383
3533 4399
3533 5679
3534 4825
3534 5383
3535 4298
3535 6198
3536 4827
3536 5369
3537 5369
3537 6198
3538 4298
3538 4827
3539 4826
3539 6194
3540 5390
3540 5709
3541 4826
3541 5709
3542 5390
3542 6194
3543 4719
3543 5392
3544 4302
3544 6191
3545 4719
3545 6191
3546 4302
3546 5392
3547 4304
3547 4717
3548 4965
3548 6188
3549 4717
3549 4965
3550 4304
3550 6188
3551 4714
3551 5395
3552 4947
3552 5701
3553 5395
3553 5701
3554 4714
3554 4947
3555 4311
3555 4946
3556 5346
3556 5693
3557 4946
3557 5346
3558 4311
3558 5693
3559 4312
3559 5351
3560 4942
3560 5700
3561 4312
3561 4942
3562 5351
3562 5700
3563 3993
3563 5691
3563 6366
3564 3992
3564 4940
3564 5357
3565 3997
3565 4940
3565 5691
3566 3990
3566 5357
3566 6366
3567 3771
3567 5359
3567 5708
3568 3769
3568 4938
3568 6363
3569 3772
3569 4938
3569 5708
3570 3770
3570 5359
3570 6363
3571 3627
3571 4278
3571 4645
3572 3625
3572 5365
3572 5670
3573 3628
3573 4645
3573 5365
3574 3626
3574 4278
3574 5670
3575 4280
3575 6360
3576 4931
3576 5675
3577 4280
3577 4931
3578 5675
3578 6360
3579 4941
3579 5678
3580 5210
3580 6355
3581 5210
3581 5678
3582 4941
3582 6355
3583 3724
3583 4639
3583 5688
3584 3726
3584 4968
3584 6353
3585 3725
3585 4968
3585 5688
3586 3727
3586 4639
3586 6353
3587 4292
3587 6352
3588 4616
3588 5747
3589 4616
3589 6352
3590 4292
3590 5747
3591 5220
3591 6348
3592 4630
3592 5751
3593 4630
3593 5220
3594 5751
3594 6348
3595 3800
3595 5222
3595 5741
3596 3802
3596 4958
3596 6345
3597 3801
3597 5222
3597 6345
3598 3803
3598 4958
3598 5741
