block_marginals := [
[0.9350222222222222,0.06497777777777777,],
[0.5020888888888888,0.4979111111111112,],
[0.9380222222222223,0.06197777777777778,],
[0.48664,0.51336,],
[0.9646155555555554,0.03538444444444445,],
[0.5129444444444444,0.4870555555555556,],
[0.9424644444444444,0.05753555555555556,],
[0.5233066666666667,0.4766933333333333,],
[0.9267244444444445,0.07327555555555557,],
[0.4880555555555556,0.5119444444444444,],
[0.9350377777777777,0.06496222222222221,],
[0.4771444444444444,0.5228555555555555,],
[0.9012711111111111,0.09872888888888889,],
[0.4785577777777778,0.5214422222222223,],
[0.9249422222222222,0.07505777777777776,],
[0.4769422222222222,0.5230577777777778,],
[0.9080888888888889,0.0919111111111111,],
[0.4783644444444444,0.5216355555555556,],
[0.9277133333333334,0.07228666666666667,],
[0.5079444444444444,0.4920555555555556,],
[0.9133622222222222,0.08663777777777779,],
[0.4600311111111111,0.5399688888888889,],
[0.9439066666666667,0.05609333333333333,],
[0.4950422222222223,0.5049577777777777,],
[0.9272600000000001,0.07274000000000001,],
[0.4969000000000001,0.5031000000000001,],
[0.9667644444444444,0.03323555555555556,],
[0.4837755555555556,0.5162244444444444,],
[0.930528888888889,0.06947111111111112,],
[0.5348844444444445,0.4651155555555556,],
[0.9424022222222223,0.05759777777777778,],
[0.5158911111111111,0.4841088888888889,],
[0.9554111111111111,0.04458888888888889,],
[0.4591111111111111,0.540888888888889,],
[0.9344355555555556,0.06556444444444444,],
[0.5829888888888889,0.4170111111111111,],
[0.9272911111111112,0.07270888888888891,],
[0.5061599999999998,0.49384,],
[0.9553933333333333,0.04460666666666667,],
[0.4881177777777778,0.5118822222222222,],
[0.9070755555555556,0.09292444444444443,],
[0.5238755555555555,0.4761244444444444,],
[0.8676733333333333,0.1323266666666667,],
[0.5097377777777777,0.4902622222222222,],
[0.9310622222222223,0.06893777777777778,],
[0.5001,0.4999,],
[0.8650266666666666,0.1349733333333333,],
[0.4853288888888889,0.5146711111111111,],
[0.9329955555555556,0.06700444444444445,],
[0.4976022222222223,0.5023977777777777,],
[0.9432466666666667,0.05675333333333334,],
[0.49888,0.50112,],
[0.9125311111111112,0.08746888888888889,],
[0.5005311111111111,0.4994688888888889,],
[0.9089488888888889,0.09105111111111111,],
[0.5174733333333332,0.4825266666666667,],
[0.9321333333333334,0.06786666666666667,],
[0.5128577777777777,0.4871422222222222,],
[0.9385022222222222,0.06149777777777778,],
[0.5158622222222222,0.4841377777777778,],
[0.5055733333333332,0.4944266666666667,],
[0.5006733333333333,0.4993266666666667,],
[0.4913244444444445,0.5086755555555555,],
[0.509171111111111,0.4908288888888889,],
[0.5035044444444444,0.4964955555555556,],
[0.4933844444444445,0.5066155555555555,],
[0.5087377777777777,0.4912622222222222,],
[0.4985466666666666,0.5014533333333333,],
[0.50574,0.49426,],
[0.4906311111111111,0.5093688888888889,],
[0.5130533333333334,0.4869466666666666,],
[0.5165555555555555,0.4834444444444444,],
[0.4952355555555555,0.5047644444444445,],
[0.4965866666666667,0.5034133333333334,],
[0.4979155555555556,0.5020844444444444,],
[0.4999466666666667,0.5000533333333333,],
[0.4953688888888889,0.504631111111111,],
[0.5159222222222222,0.4840777777777778,],
[0.5030488888888889,0.4969511111111111,],
[0.5107044444444444,0.4892955555555555,],
[0.4999977777777778,0.5000022222222222,],
[0.4910488888888889,0.508951111111111,],
[0.4990555555555556,0.5009444444444444,],
[0.5065933333333333,0.4934066666666667,],
[0.48772,0.5122800000000001,],
[0.5117577777777778,0.4882422222222223,],
[0.4961577777777778,0.5038422222222222,],
[0.5038177777777777,0.4961822222222222,],
[0.5034044444444444,0.4965955555555556,],
[0.5078733333333333,0.4921266666666667,],
[0.51852,0.48148,],
[0.4928555555555556,0.5071444444444444,],
[0.4974911111111112,0.5025088888888889,],
[0.5093333333333333,0.4906666666666666,],
[0.4986644444444444,0.5013355555555555,],
[0.5143733333333332,0.4856266666666667,],
[0.4883755555555556,0.5116244444444444,],
[0.5047577777777777,0.4952422222222222,],
[0.49558,0.50442,],
[0.511531111111111,0.4884688888888889,],
[0.5124933333333334,0.4875066666666666,],
[0.4910511111111112,0.5089488888888889,],
[0.4958111111111111,0.5041888888888889,],
[0.5008066666666667,0.4991933333333334,],
[0.4951866666666667,0.5048133333333333,],
[0.5096511111111111,0.4903488888888889,],
[0.509171111111111,0.4908288888888889,],
[0.4876711111111112,0.5123288888888888,],
[0.51618,0.48382,],
[0.5072533333333332,0.4927466666666667,],
[0.5006911111111111,0.4993088888888889,],
[0.5082844444444444,0.4917155555555556,],
[0.5108911111111111,0.4891088888888889,],
[0.4959177777777778,0.5040822222222222,],
[0.4923377777777778,0.5076622222222222,],
[0.5149288888888888,0.4850711111111111,],
[0.5064066666666667,0.4935933333333334,],
[0.5079022222222221,0.4920977777777778,],
[0.4958622222222222,0.5041377777777778,],
[0.5061488888888888,0.4938511111111111,],
[0.4922555555555556,0.5077444444444443,],
[0.5141133333333333,0.4858866666666667,],
[0.5098177777777778,0.4901822222222222,],
[0.5004244444444444,0.4995755555555556,],
[0.4955444444444445,0.5044555555555555,],
[0.4991888888888889,0.5008111111111111,],
[0.5079266666666666,0.4920733333333334,],
[0.4928022222222223,0.5071977777777776,],
[0.4994333333333333,0.5005666666666667,],
[0.4999111111111111,0.5000888888888889,],
[0.5065244444444444,0.4934755555555556,],
[0.5153755555555555,0.4846244444444445,],
[0.5036555555555555,0.4963444444444445,],
[0.4893822222222222,0.5106177777777777,],
[0.4887777777777778,0.5112222222222222,],
[0.5069755555555555,0.4930244444444445,],
[0.5039488888888889,0.4960511111111111,],
[0.49508,0.5049199999999999,],
[0.507851111111111,0.4921488888888889,],
[0.5114644444444444,0.4885355555555556,],
[0.5197733333333333,0.4802266666666666,],
[0.4920088888888889,0.5079911111111111,],
[0.5039222222222222,0.4960777777777778,],
[0.4954,0.5046,],
[0.4961355555555556,0.5038644444444444,],
[0.5059933333333333,0.4940066666666666,],
[0.5063,0.4937,],
[0.4959288888888889,0.5040711111111111,],
[0.4909933333333333,0.5090066666666666,],
[0.4963755555555556,0.5036244444444444,],
[0.4976377777777778,0.5023622222222222,],
[0.5032822222222222,0.4967177777777778,],
[0.4862488888888889,0.513751111111111,],
[0.4936733333333334,0.5063266666666666,],
[0.4964555555555556,0.5035444444444445,],
[0.5024022222222222,0.4975977777777778,],
[0.4931977777777778,0.5068022222222222,],
[0.4768533333333334,0.5231466666666666,],
[0.4971822222222222,0.5028177777777777,],
[0.5125422222222222,0.4874577777777778,],
[0.5048711111111112,0.4951288888888889,],
[0.4988911111111111,0.5011088888888889,],
[0.5145333333333333,0.4854666666666667,],
[0.5124177777777777,0.4875822222222223,],
[0.4966288888888889,0.5033711111111111,],
[0.4963755555555556,0.5036244444444444,],
[0.4961488888888889,0.503851111111111,],
[0.4962333333333334,0.5037666666666666,],
[0.5137933333333333,0.4862066666666667,],
[0.4943533333333333,0.5056466666666666,],
[0.5025533333333333,0.4974466666666667,],
[0.5101311111111111,0.4898688888888889,],
[0.5006844444444444,0.4993155555555556,],
[0.4924822222222223,0.5075177777777777,],
[0.5049266666666666,0.4950733333333334,],
[0.49532,0.50468,],
[0.4962133333333333,0.5037866666666666,],
[0.500651111111111,0.4993488888888888,],
[0.5026177777777777,0.4973822222222222,],
[0.49668,0.50332,],
[0.5226022222222223,0.4773977777777778,],
[0.4850555555555555,0.5149444444444443,],
[0.5264866666666667,0.4735133333333333,],
[0.4883022222222222,0.5116977777777778,],
[0.4852355555555555,0.5147644444444444,],
[0.5142822222222222,0.4857177777777777,],
[0.5207444444444445,0.4792555555555556,],
[0.4932888888888889,0.506711111111111,],
[0.4808066666666667,0.5191933333333333,],
[0.4906044444444445,0.5093955555555555,],
[0.5132133333333334,0.4867866666666666,],
[0.5007199999999999,0.49928,],
[0.4935711111111111,0.5064288888888888,],
[0.48486,0.5151399999999998,],
[0.515211111111111,0.4847888888888889,],
[0.4893866666666666,0.5106133333333333,],
[0.5138333333333334,0.4861666666666666,],
[0.5013666666666666,0.4986333333333333,],
[0.5062688888888888,0.4937311111111111,],
[0.5029400000000001,0.4970600000000001,],
[0.5069955555555554,0.4930044444444445,],
[0.5004933333333333,0.4995066666666667,],
[0.4916511111111111,0.5083488888888887,],
[0.5154377777777778,0.4845622222222222,],
[0.4986044444444445,0.5013955555555555,],
[0.5011622222222223,0.4988377777777778,],
[0.5124066666666667,0.4875933333333334,],
[0.5009111111111111,0.4990888888888889,],
[0.5111133333333334,0.4888866666666667,],
[0.4882844444444445,0.5117155555555555,],
[0.5063733333333332,0.4936266666666667,],
[0.4955022222222222,0.5044977777777778,],
[0.4970066666666667,0.5029933333333334,],
[0.4860377777777778,0.5139622222222223,],
[0.4943244444444444,0.5056755555555555,],
[0.5054733333333332,0.4945266666666667,],
[0.5020933333333333,0.4979066666666667,],
[0.49534,0.50466,],
[0.4918155555555556,0.5081844444444444,],
[0.4936377777777778,0.5063622222222222,],
[0.4867822222222222,0.5132177777777778,],
[0.49208,0.5079199999999999,],
[0.4986155555555556,0.5013844444444444,],
[0.5058333333333332,0.4941666666666666,],
[0.4954911111111111,0.5045088888888889,],
[0.5088133333333333,0.4911866666666667,],
[0.4960266666666667,0.5039733333333333,],
[0.5085022222222222,0.4914977777777778,],
[0.4971333333333333,0.5028666666666667,],
[0.4936933333333333,0.5063066666666666,],
[0.5041066666666667,0.4958933333333334,],
[0.5124222222222222,0.4875777777777778,],
[0.5032222222222222,0.4967777777777778,],
[0.4991911111111111,0.5008088888888889,],
[0.4914022222222222,0.5085977777777777,],
[0.5079,0.4921,],
[0.4862288888888889,0.5137711111111111,],
[0.4971688888888889,0.5028311111111111,],
[0.5040466666666666,0.4959533333333333,],
[0.5211733333333334,0.4788266666666667,],
[0.4929644444444444,0.5070355555555555,],
[0.5059777777777777,0.4940222222222222,],
[0.5128733333333333,0.4871266666666667,],
[0.4949444444444445,0.5050555555555556,],
[0.5187355555555555,0.4812644444444444,],
[0.4994177777777777,0.5005822222222223,],
[0.5181533333333334,0.4818466666666666,],
[0.5207333333333334,0.4792666666666667,],
[0.4959844444444445,0.5040155555555555,],
[0.5105822222222222,0.4894177777777777,],
[0.4962222222222222,0.5037777777777777,],
[0.5026933333333332,0.4973066666666667,],
[0.5110800000000001,0.48892,],
[0.5085333333333333,0.4914666666666667,],
[0.5037911111111111,0.4962088888888889,],
[0.4908666666666666,0.5091333333333333,],
[0.5039088888888889,0.4960911111111111,],
[0.5095511111111111,0.4904488888888889,],
[0.5083177777777776,0.4916822222222222,],
[0.5013799999999999,0.49862,],
[0.4975711111111111,0.5024288888888888,],
[0.514891111111111,0.4851088888888889,],
[0.4988444444444444,0.5011555555555556,],
[0.5226622222222223,0.4773377777777777,],
[0.4981177777777778,0.5018822222222222,],
[0.4952911111111111,0.5047088888888889,],
[0.4938355555555555,0.5061644444444443,],
[0.5058533333333333,0.4941466666666666,],
[0.5100688888888889,0.4899311111111112,],
[0.5140377777777777,0.4859622222222222,],
[0.5211511111111111,0.4788488888888889,],
[0.49094,0.50906,],
[0.5068644444444445,0.4931355555555555,],
[0.5186888888888889,0.4813111111111111,],
[0.5169199999999999,0.48308,],
[0.4944244444444444,0.5055755555555554,],
[0.4953466666666667,0.5046533333333333,],
[0.5060799999999999,0.49392,],
[0.4988933333333333,0.5011066666666667,],
[0.5088155555555556,0.4911844444444445,],
[0.5107733333333333,0.4892266666666667,],
[0.5030333333333333,0.4969666666666667,],
[0.4922311111111111,0.5077688888888888,],
[0.5089244444444444,0.4910755555555556,],
[0.5149377777777777,0.4850622222222222,],
[0.5099911111111112,0.4900088888888889,],
[0.4947844444444445,0.5052155555555555,],
[0.4872466666666667,0.5127533333333334,],
[0.4984088888888889,0.501591111111111,],
[0.5050333333333333,0.4949666666666667,],
[0.5188844444444445,0.4811155555555555,],
[0.5007688888888889,0.4992311111111111,],
[0.5180911111111111,0.4819088888888889,],
[0.5076533333333333,0.4923466666666667,],
[0.5079533333333334,0.4920466666666667,],
[0.5037488888888889,0.4962511111111111,],
[0.5085066666666666,0.4914933333333333,],
[0.4946266666666667,0.5053733333333333,],
[0.5085844444444444,0.4914155555555555,],
[0.5247066666666667,0.4752933333333333,],
[0.4842888888888889,0.515711111111111,],
[0.4936200000000001,0.5063799999999999,],
[0.5045466666666667,0.4954533333333333,],
[0.5143844444444444,0.4856155555555555,],
[0.5113022222222222,0.4886977777777778,],
[0.4961555555555556,0.5038444444444444,],
[0.5172177777777777,0.4827822222222222,],
[0.510228888888889,0.4897711111111111,],
[0.510591111111111,0.4894088888888888,],
[0.4975777777777778,0.5024222222222222,],
[0.4989888888888889,0.5010111111111111,],
[0.4924022222222222,0.5075977777777778,],
[0.4984911111111111,0.5015088888888888,],
[0.5040577777777778,0.4959422222222222,],
[0.5352533333333334,0.4647466666666667,],
[0.5083488888888887,0.4916511111111111,],
[0.4939066666666667,0.5060933333333332,],
[0.50532,0.49468,],
[0.5027777777777778,0.4972222222222222,],
[0.4946022222222222,0.5053977777777777,],
[0.4968955555555556,0.5031044444444445,],
[0.5179755555555555,0.4820244444444444,],
[0.5105799999999999,0.48942,],
[0.5144422222222222,0.4855577777777778,],
[0.51584,0.48416,],
[0.509511111111111,0.4904888888888889,],
[0.4950733333333334,0.5049266666666666,],
[0.5013022222222222,0.4986977777777777,],
[0.4961933333333334,0.5038066666666666,],
[0.4935377777777778,0.5064622222222221,],
[0.4962577777777778,0.5037422222222222,],
[0.4964777777777778,0.5035222222222222,],
[0.4936955555555556,0.5063044444444443,],
[0.4976777777777778,0.5023222222222222,],
[0.4867155555555555,0.5132844444444445,],
[0.5023888888888889,0.4976111111111112,],
[0.5007422222222222,0.4992577777777777,],
[0.4911888888888889,0.5088111111111111,],
[0.4970688888888889,0.5029311111111111,],
[0.4996955555555556,0.5003044444444446,],
[0.5081044444444444,0.4918955555555556,],
[0.5082177777777778,0.4917822222222222,],
[0.4889044444444445,0.5110955555555556,],
[0.4961133333333334,0.5038866666666666,],
[0.5053844444444444,0.4946155555555556,],
[0.5098933333333333,0.4901066666666666,],
[0.4992977777777778,0.5007022222222222,],
[0.5069199999999999,0.49308,],
[0.47692,0.5230800000000001,],
[0.5052244444444444,0.4947755555555556,],
[0.5028355555555555,0.4971644444444445,],
[0.5062066666666666,0.4937933333333334,],
[0.48012,0.51988,],
[0.5047288888888889,0.4952711111111111,],
[0.5023644444444444,0.4976355555555556,],
[0.5046422222222222,0.4953577777777778,],
[0.4971155555555555,0.5028844444444445,],
[0.5128022222222223,0.4871977777777778,],
[0.4923111111111111,0.5076888888888889,],
[0.5122266666666667,0.4877733333333333,],
[0.5036666666666667,0.4963333333333333,],
[0.5085555555555555,0.4914444444444444,],
[0.5118533333333333,0.4881466666666667,],
[0.50878,0.49122,],
[0.5009622222222222,0.4990377777777778,],
[0.5071266666666666,0.4928733333333334,],
[0.5279266666666667,0.4720733333333333,],
[0.4952333333333333,0.5047666666666667,],
[0.502028888888889,0.4979711111111111,],
[0.50502,0.49498,],
[0.5069333333333332,0.4930666666666667,],
[0.4896355555555555,0.5103644444444444,],
[0.4897911111111111,0.5102088888888889,],
[0.5125577777777779,0.4874422222222222,],
[0.51202,0.48798,],
[0.4995,0.5005000000000001,],
[0.4916133333333333,0.5083866666666665,],
[0.4947066666666666,0.5052933333333333,],
[0.515031111111111,0.4849688888888889,],
[0.5109888888888889,0.4890111111111111,],
[0.4926177777777778,0.5073822222222222,],
[0.5016711111111111,0.4983288888888889,],
[0.5093,0.4907,],
[0.5033266666666667,0.4966733333333334,],
[0.4991733333333334,0.5008266666666666,],
[0.5134622222222223,0.4865377777777778,],
[0.48668,0.5133200000000001,],
[0.4894066666666667,0.5105933333333332,],
[0.4995977777777778,0.5004022222222222,],
[0.48778,0.5122200000000001,],
[0.5063644444444444,0.4936355555555556,],
[0.49654,0.50346,],
[0.5186066666666665,0.4813933333333333,],
[0.5077822222222221,0.4922177777777778,],
[0.4871155555555555,0.5128844444444444,],
[0.50302,0.49698,],
[0.5084666666666666,0.4915333333333333,],
[0.5003866666666666,0.4996133333333334,],
[0.4962,0.5037999999999999,],
[0.5035044444444444,0.4964955555555556,],
[0.4968666666666667,0.5031333333333334,],
[0.5076466666666667,0.4923533333333334,],
[0.5016933333333333,0.4983066666666667,],
[0.5016555555555555,0.4983444444444445,],
[0.4965777777777778,0.5034222222222222,],
[0.49254,0.5074599999999999,],
[0.5096755555555555,0.4903244444444444,],
[0.5050399999999999,0.49496,],
[0.5248644444444444,0.4751355555555556,],
[0.4950888888888889,0.5049111111111111,],
[0.5050222222222222,0.4949777777777778,],
[0.49408,0.5059199999999999,],
[0.5158666666666666,0.4841333333333334,],
[0.5032333333333333,0.4967666666666667,],
[0.5079044444444444,0.4920955555555556,],
[0.5131244444444445,0.4868755555555555,],
[0.4953311111111111,0.5046688888888888,],
[0.4986466666666666,0.5013533333333333,],
[0.5044288888888889,0.4955711111111111,],
[0.4913444444444445,0.5086555555555555,],
[0.49016,0.50984,],
[0.5178288888888889,0.4821711111111111,],
[0.5060022222222221,0.4939977777777778,],
[0.5048,0.4952,],
[0.4960177777777778,0.5039822222222222,],
[0.4967644444444445,0.5032355555555555,],
[0.4777955555555555,0.5222044444444445,],
[0.5032977777777777,0.4967022222222223,],
[0.4992911111111111,0.5007088888888889,],
[0.5019688888888889,0.4980311111111111,],
[0.5053844444444444,0.4946155555555556,],
[0.49692,0.5030800000000001,],
[0.49004,0.5099600000000001,],
[0.4990088888888889,0.5009911111111111,],
[0.5131511111111111,0.4868488888888888,],
[0.5117088888888889,0.4882911111111111,],
[0.49902,0.50098,],
[0.4980311111111111,0.5019688888888889,],
[0.5139933333333333,0.4860066666666666,],
[0.49406,0.5059399999999999,],
[0.5090422222222222,0.4909577777777778,],
[0.4931444444444444,0.5068555555555555,],
[0.4973244444444445,0.5026755555555554,],
[0.5085688888888888,0.4914311111111111,],
[0.5019600000000001,0.49804,],
[0.49684,0.5031600000000001,],
[0.4974133333333334,0.5025866666666666,],
[0.4968133333333333,0.5031866666666667,],
[0.4947933333333333,0.5052066666666666,],
[0.5065066666666667,0.4934933333333334,],
[0.5046577777777778,0.4953422222222222,],
[0.4923866666666666,0.5076133333333334,],
[0.5020622222222222,0.4979377777777778,],
[0.4823711111111111,0.5176288888888888,],
[0.5131800000000001,0.48682,],
[0.4954222222222222,0.5045777777777778,],
[0.5068066666666666,0.4931933333333334,],
[0.5139955555555555,0.4860044444444444,],
[0.5101688888888889,0.4898311111111111,],
[0.5004066666666667,0.4995933333333334,],
[0.4948755555555555,0.5051244444444445,],
[0.5057644444444443,0.4942355555555555,],
[0.48738,0.51262,],
[0.5108555555555555,0.4891444444444444,],
[0.5007133333333333,0.4992866666666667,],
[0.5079422222222222,0.4920577777777778,],
[0.5001955555555556,0.4998044444444444,],
[0.4912,0.5088,],
[0.5092955555555555,0.4907044444444444,],
[0.4997822222222222,0.5002177777777779,],
[0.5066822222222221,0.4933177777777779,],
[0.5109688888888889,0.4890311111111111,],
[0.4830888888888889,0.5169111111111111,],
[0.5124955555555556,0.4875044444444445,],
[0.5067933333333333,0.4932066666666667,],
[0.5057155555555555,0.4942844444444444,],
[0.4987488888888889,0.5012511111111111,],
[0.5009333333333332,0.4990666666666667,],
[0.5114955555555555,0.4885044444444445,],
[0.4950133333333334,0.5049866666666666,],
[0.5081822222222222,0.4918177777777777,],
[0.4844777777777778,0.5155222222222222,],
[0.5078622222222222,0.4921377777777778,],
[0.5126688888888888,0.4873311111111111,],
[0.5101111111111111,0.4898888888888889,],
[0.5033355555555555,0.4966644444444445,],
[0.5123333333333333,0.4876666666666667,],
[0.4949488888888889,0.5050511111111111,],
[0.49872,0.5012799999999999,],
[0.4993044444444444,0.5006955555555556,],
[0.5048511111111111,0.4951488888888889,],
[0.5209088888888889,0.4790911111111111,],
[0.5021977777777777,0.4978022222222223,],
[0.5064422222222222,0.4935577777777778,],
[0.5090755555555555,0.4909244444444444,],
[0.5072977777777776,0.4927022222222223,],
[0.4937155555555556,0.5062844444444443,],
[0.5093822222222222,0.4906177777777778,],
[0.509591111111111,0.4904088888888889,],
[0.5086977777777778,0.4913022222222222,],
[0.4908577777777777,0.5091422222222223,],
[0.4987222222222222,0.5012777777777777,],
[0.5052088888888888,0.4947911111111111,],
[0.4787222222222222,0.5212777777777778,],
[0.5000444444444444,0.4999555555555555,],
[0.49238,0.50762,],
[0.4987044444444445,0.5012955555555555,],
[0.5018511111111111,0.4981488888888889,],
[0.5010622222222222,0.4989377777777778,],
[0.5011044444444445,0.4988955555555555,],
[0.4851733333333333,0.5148266666666667,],
[0.5036777777777778,0.4963222222222223,],
[0.5020733333333333,0.4979266666666667,],
[0.4959022222222222,0.5040977777777778,],
[0.5004044444444444,0.4995955555555556,],
[0.4885355555555556,0.5114644444444444,],
[0.4895533333333333,0.5104466666666666,],
[0.5039133333333333,0.4960866666666667,],
[0.5063955555555555,0.4936044444444445,],
[0.5098200000000001,0.49018,],
[0.5085666666666666,0.4914333333333333,],
[0.5015888888888889,0.4984111111111111,],
[0.4826688888888889,0.5173311111111111,],
[0.4951044444444445,0.5048955555555555,],
[0.4988066666666666,0.5011933333333333,],
[0.4939733333333333,0.5060266666666665,],
[0.5133955555555556,0.4866044444444445,],
[0.4910822222222223,0.5089177777777777,],
[0.5046711111111111,0.4953288888888889,],
[0.4894644444444444,0.5105355555555555,],
[0.5011866666666667,0.4988133333333333,],
[0.5046377777777777,0.4953622222222222,],
[0.4875933333333334,0.5124066666666667,],
[0.4956466666666667,0.5043533333333333,],
[0.4876666666666667,0.5123333333333333,],
[0.4944444444444445,0.5055555555555554,],
[0.5084622222222221,0.4915377777777778,],
[0.4804422222222222,0.5195577777777778,],
[0.5038644444444444,0.4961355555555556,],
[0.505791111111111,0.4942088888888889,],
[0.5056044444444444,0.4943955555555555,],
[0.4926444444444444,0.5073555555555554,],
[0.4999777777777777,0.5000222222222223,],
[0.4985844444444444,0.5014155555555555,],
[0.4960822222222223,0.5039177777777778,],
[0.5040511111111111,0.4959488888888889,],
[0.5105288888888889,0.4894711111111111,],
[0.5022511111111111,0.4977488888888889,],
[0.5189044444444445,0.4810955555555556,],
[0.4969955555555556,0.5030044444444445,],
[0.5034244444444445,0.4965755555555555,],
[0.5015777777777777,0.4984222222222222,],
[0.50048,0.49952,],
[0.50336,0.49664,],
[0.5045133333333334,0.4954866666666667,],
[0.5066733333333333,0.4933266666666667,],
[0.5106599999999999,0.48934,],
[0.5006533333333333,0.4993466666666666,],
[0.5058466666666666,0.4941533333333333,],
[0.5043533333333333,0.4956466666666667,],
[0.5051288888888888,0.4948711111111111,],
[0.4938288888888889,0.506171111111111,],
[0.5086555555555555,0.4913444444444445,],
[0.5030355555555556,0.4969644444444444,],
[0.5104511111111111,0.4895488888888889,],
[0.5102222222222222,0.4897777777777778,],
[0.4941133333333333,0.5058866666666666,],
[0.4827711111111111,0.5172288888888888,],
[0.530228888888889,0.4697711111111111,],
[0.5160533333333333,0.4839466666666667,],
[0.5199377777777777,0.4800622222222222,],
[0.4842400000000001,0.5157599999999999,],
[0.4841533333333334,0.5158466666666667,],
[0.5033444444444445,0.4966555555555556,],
[0.5065866666666666,0.4934133333333334,],
[0.5079866666666667,0.4920133333333333,],
[0.4999622222222222,0.5000377777777778,],
[0.5026133333333332,0.4973866666666667,],
[0.5008311111111111,0.4991688888888889,],
[0.5134755555555556,0.4865244444444445,],
[0.5028822222222222,0.4971177777777778,],
[0.5056977777777777,0.4943022222222222,],
[0.5115933333333333,0.4884066666666667,],
[0.4819688888888889,0.5180311111111111,],
[0.4975177777777778,0.5024822222222222,],
[0.4769022222222222,0.5230977777777778,],
[0.5056844444444444,0.4943155555555555,],
[0.5124444444444445,0.4875555555555556,],
[0.4950111111111111,0.5049888888888888,],
[0.506751111111111,0.4932488888888889,],
[0.5086555555555555,0.4913444444444445,],
[0.4975488888888889,0.5024511111111111,],
[0.5080399999999999,0.49196,],
[0.4960422222222222,0.5039577777777777,],
[0.5166777777777778,0.4833222222222222,],
[0.5044711111111111,0.4955288888888889,],
[0.4794422222222222,0.5205577777777778,],
[0.4885244444444445,0.5114755555555555,],
[0.5026066666666666,0.4973933333333334,],
[0.4866955555555555,0.5133044444444446,],
[0.5025133333333334,0.4974866666666667,],
[0.5036022222222222,0.4963977777777778,],
[0.4934288888888889,0.5065711111111111,],
[0.5143222222222221,0.4856777777777778,],
[0.5045200000000001,0.49548,],
[0.4982844444444445,0.5017155555555555,],
[0.4931911111111111,0.5068088888888889,],
[0.5208888888888888,0.4791111111111112,],
[0.4943511111111111,0.5056488888888888,],
[0.4970422222222223,0.5029577777777778,],
[0.49478,0.5052199999999999,],
[0.5073199999999999,0.49268,],
[0.5162933333333332,0.4837066666666667,],
[0.5087644444444445,0.4912355555555555,],
[0.5115888888888889,0.4884111111111111,],
[0.5040444444444444,0.4959555555555555,],
[0.5053088888888888,0.4946911111111111,],
[0.4953155555555556,0.5046844444444444,],
[0.5069044444444444,0.4930955555555556,],
[0.5169177777777777,0.4830822222222222,],
[0.5092844444444444,0.4907155555555555,],
[0.5011088888888889,0.4988911111111111,],
[0.5121444444444445,0.4878555555555555,],
[0.4942822222222222,0.5057177777777777,],
[0.5173377777777778,0.4826622222222222,],
[0.49134,0.50866,],
[0.4906555555555556,0.5093444444444444,],
[0.5085955555555555,0.4914044444444444,],
[0.5017666666666667,0.4982333333333334,],
[0.50984,0.49016,],
[0.4993533333333333,0.5006466666666667,],
[0.49822,0.50178,],
[0.5000733333333334,0.4999266666666666,],
[0.5086288888888889,0.4913711111111111,],
[0.5076555555555555,0.4923444444444445,],
[0.5028311111111111,0.4971688888888889,],
[0.4793533333333334,0.5206466666666667,],
[0.5028244444444444,0.4971755555555556,],
[0.5032377777777778,0.4967622222222223,],
[0.4906244444444445,0.5093755555555556,],
[0.5097133333333334,0.4902866666666666,],
[0.5029511111111111,0.4970488888888889,],
[0.4905622222222222,0.5094377777777778,],
[0.5208133333333334,0.4791866666666666,],
[0.4966777777777778,0.5033222222222222,],
[0.4955666666666667,0.5044333333333334,],
[0.5068311111111111,0.4931688888888889,],
[0.4971222222222222,0.5028777777777778,],
[0.5060866666666666,0.4939133333333334,],
[0.4825577777777778,0.5174422222222221,],
[0.4985933333333333,0.5014066666666667,],
[0.4900911111111111,0.509908888888889,],
[0.5240866666666666,0.4759133333333333,],
[0.5061933333333333,0.4938066666666667,],
[0.5052977777777777,0.4947022222222222,],
[0.5100533333333332,0.4899466666666667,],
[0.4888911111111112,0.5111088888888889,],
[0.5012022222222221,0.4987977777777777,],
[0.5194911111111111,0.4805088888888889,],
[0.5156044444444444,0.4843955555555556,],
[0.4973933333333334,0.5026066666666666,],
[0.4904622222222222,0.5095377777777776,],
[0.5023399999999999,0.49766,],
[0.4999155555555555,0.5000844444444444,],
[0.5154533333333333,0.4845466666666667,],
[0.4995,0.5005000000000001,],
[0.4900266666666667,0.5099733333333334,],
[0.4990133333333334,0.5009866666666666,],
[0.4987666666666667,0.5012333333333333,],
[0.4859511111111111,0.5140488888888889,],
[0.5012199999999999,0.4987799999999999,],
[0.507391111111111,0.4926088888888889,],
[0.5047777777777778,0.4952222222222222,],
[0.4898266666666666,0.5101733333333334,],
[0.5132311111111112,0.4867688888888889,],
[0.5109311111111111,0.4890688888888889,],
[0.4929155555555556,0.5070844444444443,],
[0.5201155555555556,0.4798844444444444,],
[0.5184955555555556,0.4815044444444445,],
[0.5082377777777778,0.4917622222222223,],
[0.5179933333333333,0.4820066666666666,],
[0.5088244444444445,0.4911755555555556,],
[0.5046177777777777,0.4953822222222222,],
[0.4968022222222223,0.5031977777777777,],
[0.4924333333333333,0.5075666666666666,],
[0.4944266666666667,0.5055733333333332,],
[0.5002822222222223,0.4997177777777778,],
[0.4962644444444445,0.5037355555555556,],
[0.5017777777777778,0.4982222222222222,],
[0.5008422222222223,0.4991577777777778,],
[0.4918288888888889,0.508171111111111,],
[0.5147177777777777,0.4852822222222222,],
[0.5026355555555555,0.4973644444444444,],
[0.5166644444444445,0.4833355555555556,],
[0.5159666666666667,0.4840333333333333,],
[0.4996733333333334,0.5003266666666668,],
[0.5039866666666667,0.4960133333333333,],
[0.5148333333333334,0.4851666666666666,],
[0.4947133333333333,0.5052866666666667,],
[0.4945311111111111,0.5054688888888887,],
[0.4969666666666667,0.5030333333333333,],
[0.5016355555555555,0.4983644444444444,],
[0.4876244444444445,0.5123755555555556,],
[0.5079022222222221,0.4920977777777778,],
[0.5056266666666666,0.4943733333333333,],
[0.5186866666666666,0.4813133333333333,],
[0.5127022222222222,0.4872977777777778,],
[0.4998733333333333,0.5001266666666667,],
[0.4980666666666667,0.5019333333333333,],
[0.4965555555555555,0.5034444444444445,],
[0.4954866666666667,0.5045133333333334,],
[0.5200466666666667,0.4799533333333333,],
[0.5015244444444443,0.4984755555555556,],
[0.5259,0.4741,],
[0.4984177777777778,0.5015822222222222,],
[0.5030577777777778,0.4969422222222222,],
[0.5080577777777777,0.4919422222222222,],
[0.5091511111111111,0.4908488888888888,],
[0.4933844444444445,0.5066155555555555,],
[0.4855311111111111,0.5144688888888889,],
[0.5115133333333333,0.4884866666666667,],
[0.4979844444444445,0.5020155555555557,],
[0.5242022222222222,0.4757977777777778,],
[0.50462,0.49538,],
[0.5067244444444444,0.4932755555555556,],
[0.5011377777777778,0.4988622222222222,],
[0.4835711111111111,0.5164288888888888,],
[0.4974444444444445,0.5025555555555555,],
[0.5083555555555554,0.4916444444444445,],
[0.5103,0.4897,],
[0.4987088888888889,0.501291111111111,],
[0.50914,0.49086,],
[0.4999977777777778,0.5000022222222222,],
[0.4957800000000001,0.5042200000000001,],
[0.5009644444444444,0.4990355555555556,],
[0.5081622222222222,0.4918377777777778,],
[0.49338,0.50662,],
[0.5029311111111111,0.4970688888888889,],
[0.4976733333333334,0.5023266666666667,],
[0.5167711111111112,0.4832288888888889,],
[0.5080933333333333,0.4919066666666667,],
[0.4964488888888889,0.5035511111111111,],
[0.49214,0.50786,],
[0.5074711111111111,0.4925288888888888,],
[0.4911666666666667,0.5088333333333334,],
[0.4980733333333334,0.5019266666666667,],
[0.4999022222222222,0.5000977777777778,],
[0.4840177777777778,0.5159822222222221,],
[0.5105777777777777,0.4894222222222222,],
[0.4913044444444444,0.5086955555555556,],
[0.5052577777777777,0.4947422222222222,],
[0.5177711111111111,0.4822288888888889,],
[0.5309266666666667,0.4690733333333333,],
[0.4948488888888888,0.5051511111111111,],
[0.5026799999999999,0.49732,],
[0.5127666666666667,0.4872333333333334,],
[0.4970133333333334,0.5029866666666667,],
[0.5184799999999999,0.48152,],
[0.5146555555555555,0.4853444444444445,],
[0.5110755555555556,0.4889244444444445,],
[0.4814244444444444,0.5185755555555555,],
[0.5236333333333334,0.4763666666666667,],
[0.5020822222222222,0.4979177777777778,],
[0.5000377777777778,0.4999622222222222,],
[0.4904022222222222,0.5095977777777777,],
[0.4911133333333333,0.5088866666666666,],
[0.5003577777777778,0.4996422222222222,],
[0.4684444444444445,0.5315555555555557,],
[0.4832355555555556,0.5167644444444445,],
[0.49842,0.5015799999999999,],
[0.5114755555555555,0.4885244444444445,],
[0.507851111111111,0.4921488888888889,],
[0.4788088888888889,0.5211911111111112,],
[0.4879488888888889,0.5120511111111111,],
[0.5180177777777777,0.4819822222222223,],
[0.5003488888888888,0.4996511111111111,],
[0.5044355555555555,0.4955644444444445,],
[0.5012422222222221,0.4987577777777778,],
[0.4921355555555556,0.5078644444444445,],
[0.5014133333333333,0.4985866666666667,],
[0.5046711111111111,0.4953288888888889,],
[0.4888577777777778,0.5111422222222223,],
[0.4903266666666666,0.5096733333333333,],
[0.4914533333333333,0.5085466666666666,],
[0.500631111111111,0.4993688888888889,],
[0.4966844444444445,0.5033155555555555,],
[0.49102,0.50898,],
[0.4873422222222222,0.5126577777777778,],
[0.5066133333333332,0.4933866666666667,],
[0.4989066666666667,0.5010933333333333,],
[0.4983933333333334,0.5016066666666666,],
[0.4982422222222223,0.5017577777777777,],
[0.5012399999999999,0.49876,],
[0.5058822222222221,0.4941177777777778,],
[0.4954844444444444,0.5045155555555556,],
[0.4975711111111111,0.5024288888888888,],
[0.507271111111111,0.4927288888888889,],
[0.5094422222222221,0.4905577777777778,],
[0.5046866666666666,0.4953133333333333,],
[0.5020733333333333,0.4979266666666667,],
[0.49366,0.5063399999999999,],
[0.4933155555555556,0.5066844444444444,],
[0.4883,0.5117,],
[0.49564,0.50436,],
[0.5115688888888889,0.4884311111111111,],
[0.5018066666666666,0.4981933333333334,],
[0.5035866666666666,0.4964133333333333,],
[0.5100133333333333,0.4899866666666666,],
[0.4988733333333333,0.5011266666666667,],
[0.4901511111111111,0.5098488888888889,],
[0.5021133333333333,0.4978866666666668,],
[0.5066044444444443,0.4933955555555556,],
[0.4990666666666667,0.5009333333333332,],
[0.50542,0.49458,],
[0.5063377777777777,0.4936622222222222,],
[0.4934444444444445,0.5065555555555555,],
[0.4857199999999999,0.51428,],
[0.4954444444444444,0.5045555555555556,],
[0.497308888888889,0.5026911111111111,],
[0.5109377777777778,0.4890622222222222,],
[0.4976,0.5024,],
[0.4845911111111111,0.5154088888888888,],
[0.4888733333333334,0.5111266666666667,],
[0.5006333333333333,0.4993666666666666,],
[0.4933355555555556,0.5066644444444444,],
[0.50336,0.49664,],
[0.50464,0.49536,],
[0.5122066666666667,0.4877933333333334,],
[0.5124066666666667,0.4875933333333334,],
[0.519691111111111,0.4803088888888888,],
[0.5031622222222223,0.4968377777777778,],
[0.4833911111111111,0.5166088888888889,],
[0.4979555555555556,0.5020444444444444,],
[0.4945288888888889,0.505471111111111,],
[0.5030355555555556,0.4969644444444444,],
[0.4996422222222222,0.5003577777777778,],
[0.5006422222222222,0.4993577777777777,],
[0.5161533333333332,0.4838466666666666,],
[0.5017888888888888,0.4982111111111111,],
[0.4954266666666666,0.5045733333333334,],
[0.4994022222222222,0.5005977777777778,],
[0.5088644444444445,0.4911355555555555,],
[0.4954155555555556,0.5045844444444445,],
[0.5068266666666666,0.4931733333333334,],
[0.525291111111111,0.4747088888888889,],
[0.4978355555555556,0.5021644444444444,],
[0.5148799999999999,0.4851199999999999,],
[0.4912977777777778,0.5087022222222222,],
[0.5043066666666668,0.4956933333333333,],
[0.4983355555555556,0.5016644444444444,],
[0.5159377777777777,0.4840622222222222,],
[0.5021822222222222,0.4978177777777778,],
[0.5024155555555555,0.4975844444444445,],
[0.4903844444444445,0.5096155555555555,],
[0.5159422222222222,0.4840577777777778,],
[0.5045333333333334,0.4954666666666667,],
[0.4875088888888889,0.5124911111111111,],
[0.5036711111111111,0.4963288888888889,],
[0.5017622222222222,0.4982377777777778,],
[0.5010044444444444,0.4989955555555556,],
[0.4847377777777778,0.5152622222222221,],
[0.5087111111111111,0.4912888888888889,],
[0.4971533333333333,0.5028466666666667,],
[0.4896444444444444,0.5103555555555555,],
[0.5139822222222222,0.4860177777777778,],
[0.5214844444444444,0.4785155555555556,],
[0.5082444444444444,0.4917555555555556,],
[0.4880355555555556,0.5119644444444444,],
[0.5186644444444444,0.4813355555555556,],
[0.5209288888888889,0.4790711111111111,],
[0.5010399999999999,0.49896,],
[0.51088,0.48912,],
[0.5088422222222223,0.4911577777777778,],
[0.5170488888888889,0.4829511111111111,],
[0.4973555555555556,0.5026444444444443,],
[0.5086911111111111,0.4913088888888889,],
[0.5096377777777777,0.4903622222222222,],
[0.5009088888888888,0.4990911111111111,],
[0.4982733333333333,0.5017266666666667,],
[0.5015844444444444,0.4984155555555556,],
[0.5005266666666667,0.4994733333333333,],
[0.4970177777777778,0.5029822222222222,],
[0.5145555555555555,0.4854444444444444,],
[0.51406,0.48594,],
[0.5205866666666666,0.4794133333333334,],
[0.5101777777777777,0.4898222222222222,],
[0.4874844444444444,0.5125155555555556,],
[0.4970466666666667,0.5029533333333334,],
[0.4972066666666667,0.5027933333333333,],
[0.5048733333333334,0.4951266666666667,],
[0.5140488888888889,0.4859511111111111,],
[0.4956977777777778,0.5043022222222223,],
[0.5051999999999999,0.4948,],
[0.4935755555555556,0.5064244444444445,],
[0.4961377777777778,0.5038622222222222,],
[0.4997888888888889,0.5002111111111112,],
[0.4894688888888889,0.5105311111111112,],
[0.5058755555555554,0.4941244444444444,],
[0.5068799999999999,0.49312,],
[0.4891133333333333,0.5108866666666667,],
[0.5014355555555555,0.4985644444444444,],
[0.4989333333333333,0.5010666666666667,],
[0.5074511111111111,0.4925488888888889,],
[0.5002844444444445,0.4997155555555556,],
[0.4917955555555556,0.5082044444444443,],
[0.4934844444444445,0.5065155555555555,],
[0.4930711111111111,0.5069288888888888,],
[0.5088311111111111,0.4911688888888889,],
[0.501271111111111,0.4987288888888889,],
[0.5116666666666667,0.4883333333333333,],
[0.4964511111111111,0.5035488888888888,],
[0.4966711111111111,0.5033288888888889,],
[0.50192,0.49808,],
[0.507751111111111,0.4922488888888889,],
[0.5047733333333333,0.4952266666666666,],
[0.5052311111111111,0.4947688888888889,],
[0.4882733333333333,0.5117266666666666,],
[0.4864355555555556,0.5135644444444445,],
[0.5008777777777779,0.4991222222222222,],
[0.5019555555555556,0.4980444444444445,],
[0.5097977777777778,0.4902022222222222,],
[0.4946733333333333,0.5053266666666666,],
[0.5087822222222222,0.4912177777777778,],
[0.5032977777777777,0.4967022222222223,],
[0.4988555555555556,0.5011444444444445,],
[0.4999644444444444,0.5000355555555556,],
[0.4859955555555555,0.5140044444444444,],
[0.5192222222222223,0.4807777777777777,],
[0.5067844444444444,0.4932155555555556,],
[0.4857422222222222,0.5142577777777778,],
];;
