gibbs_marginals := [
[0.9461244444444444,0.05387555555555555,],
[0.5570933333333333,0.4429066666666667,],
[0.9488488888888889,0.05115111111111111,],
[0.55592,0.44408,],
[0.9403733333333334,0.05962666666666666,],
[0.5019422222222223,0.4980577777777778,],
[0.9419422222222223,0.05805777777777778,],
[0.5015066666666665,0.4984933333333333,],
[0.9187066666666668,0.08129333333333334,],
[0.5545866666666667,0.4454133333333333,],
[0.9607333333333333,0.03926666666666667,],
[0.5535311111111111,0.4464688888888889,],
[0.9132044444444445,0.08679555555555556,],
[0.5013355555555555,0.4986644444444444,],
[0.9412644444444446,0.05873555555555556,],
[0.5349177777777778,0.4650822222222222,],
[0.9028577777777778,0.09714222222222223,],
[0.5199444444444444,0.4800555555555556,],
[0.9129644444444446,0.08703555555555556,],
[0.5190888888888889,0.4809111111111111,],
[0.95612,0.04388,],
[0.4612000000000001,0.5387999999999999,],
[0.9662000000000001,0.0338,],
[0.5336711111111111,0.466328888888889,],
[0.9273444444444445,0.07265555555555556,],
[0.5648777777777779,0.4351222222222222,],
[0.9593133333333335,0.04068666666666667,],
[0.4576577777777778,0.5423422222222222,],
[0.9439311111111112,0.05606888888888889,],
[0.5899688888888888,0.410031111111111,],
[0.9252466666666668,0.07475333333333332,],
[0.4588977777777778,0.5411022222222223,],
[0.9319755555555557,0.06802444444444444,],
[0.3990977777777777,0.6009022222222222,],
[0.9493222222222223,0.05067777777777777,],
[0.4736377777777778,0.5263622222222222,],
[0.9386133333333334,0.06138666666666667,],
[0.4911177777777778,0.5088822222222221,],
[0.9440977777777777,0.05590222222222223,],
[0.5140333333333333,0.4859666666666667,],
[0.8861911111111112,0.1138088888888889,],
[0.5302022222222222,0.4697977777777778,],
[0.9346111111111112,0.06538888888888889,],
[0.5511866666666667,0.4488133333333333,],
[0.9022311111111111,0.09776888888888889,],
[0.4931888888888889,0.5068111111111111,],
[0.9398177777777779,0.06018222222222222,],
[0.4955511111111111,0.5044488888888889,],
[0.8968577777777778,0.1031422222222222,],
[0.4681644444444444,0.5318355555555556,],
[0.9432377777777778,0.05676222222222223,],
[0.5398577777777779,0.4601422222222222,],
[0.9095355555555557,0.09046444444444444,],
[0.4975533333333333,0.5024466666666666,],
[0.9529444444444444,0.04705555555555555,],
[0.5209044444444444,0.4790955555555556,],
[0.9101333333333333,0.08986666666666666,],
[0.5273977777777777,0.4726022222222223,],
[0.9307822222222223,0.06921777777777778,],
[0.4725355555555556,0.5274644444444444,],
[0.5171533333333332,0.4828466666666666,],
[0.48992,0.51008,],
[0.5269444444444444,0.4730555555555556,],
[0.4752888888888889,0.5247111111111111,],
[0.4819844444444445,0.5180155555555556,],
[0.5231977777777778,0.4768022222222222,],
[0.5202777777777777,0.4797222222222222,],
[0.4881577777777778,0.5118422222222222,],
[0.4948511111111111,0.5051488888888889,],
[0.4674,0.5326,],
[0.4884755555555556,0.5115244444444444,],
[0.4786333333333334,0.5213666666666668,],
[0.5374844444444444,0.4625155555555556,],
[0.5065555555555555,0.4934444444444445,],
[0.5683400000000001,0.4316599999999999,],
[0.51618,0.48382,],
[0.5188266666666667,0.4811733333333333,],
[0.5366533333333333,0.4633466666666667,],
[0.4661666666666667,0.5338333333333334,],
[0.4455933333333333,0.5544066666666667,],
[0.5091777777777777,0.4908222222222222,],
[0.4837488888888889,0.5162511111111111,],
[0.4279622222222222,0.5720377777777778,],
[0.5029622222222222,0.4970377777777778,],
[0.5000311111111111,0.4999688888888889,],
[0.5308955555555556,0.4691044444444445,],
[0.5223066666666667,0.4776933333333333,],
[0.4636666666666667,0.5363333333333333,],
[0.5546911111111111,0.4453088888888889,],
[0.4943444444444444,0.5056555555555555,],
[0.4513977777777778,0.5486022222222223,],
[0.5146488888888888,0.4853511111111111,],
[0.4582622222222222,0.5417377777777778,],
[0.5549133333333334,0.4450866666666667,],
[0.47526,0.52474,],
[0.5066088888888888,0.4933911111111111,],
[0.4794,0.5206,],
[0.5292333333333334,0.4707666666666667,],
[0.5238333333333333,0.4761666666666666,],
[0.5023377777777777,0.4976622222222222,],
[0.5001955555555556,0.4998044444444444,],
[0.5364955555555555,0.4635044444444444,],
[0.4973977777777778,0.5026022222222223,],
[0.4949844444444444,0.5050155555555556,],
[0.5101622222222222,0.4898377777777778,],
[0.4683066666666667,0.5316933333333334,],
[0.5401133333333334,0.4598866666666667,],
[0.50184,0.49816,],
[0.4974266666666667,0.5025733333333333,],
[0.4737355555555556,0.5262644444444444,],
[0.5448288888888888,0.4551711111111111,],
[0.5045977777777778,0.4954022222222222,],
[0.4716333333333333,0.5283666666666667,],
[0.5082977777777777,0.4917022222222222,],
[0.4624733333333333,0.5375266666666667,],
[0.48562,0.5143799999999999,],
[0.4698911111111111,0.5301088888888889,],
[0.5610177777777778,0.4389822222222222,],
[0.4715311111111111,0.528468888888889,],
[0.5159822222222221,0.4840177777777778,],
[0.4866088888888889,0.5133911111111112,],
[0.4275822222222222,0.5724177777777778,],
[0.4993177777777778,0.5006822222222223,],
[0.5020333333333334,0.4979666666666667,],
[0.524171111111111,0.4758288888888889,],
[0.5355022222222222,0.4644977777777778,],
[0.5580133333333335,0.4419866666666666,],
[0.489711111111111,0.5102888888888889,],
[0.52952,0.4704800000000001,],
[0.4732577777777778,0.5267422222222222,],
[0.52764,0.47236,],
[0.4771888888888888,0.5228111111111111,],
[0.49736,0.5026399999999999,],
[0.5152777777777777,0.4847222222222222,],
[0.5583844444444445,0.4416155555555555,],
[0.459,0.5410000000000001,],
[0.44168,0.55832,],
[0.5417977777777778,0.4582022222222222,],
[0.45024,0.5497600000000001,],
[0.4997244444444445,0.5002755555555556,],
[0.4909044444444444,0.5090955555555555,],
[0.5141,0.4859,],
[0.4804688888888888,0.5195311111111111,],
[0.4757066666666667,0.5242933333333332,],
[0.4233888888888889,0.5766111111111112,],
[0.4571511111111111,0.5428488888888889,],
[0.47898,0.52102,],
[0.5507555555555556,0.4492444444444444,],
[0.4969044444444445,0.5030955555555556,],
[0.4767088888888888,0.5232911111111112,],
[0.4371288888888889,0.5628711111111111,],
[0.4541733333333333,0.5458266666666667,],
[0.5252222222222221,0.4747777777777777,],
[0.5027777777777778,0.4972222222222222,],
[0.4759266666666666,0.5240733333333333,],
[0.5217177777777777,0.4782822222222222,],
[0.4720066666666667,0.5279933333333333,],
[0.5073888888888888,0.4926111111111111,],
[0.4841955555555556,0.5158044444444444,],
[0.519,0.4809999999999999,],
[0.5121066666666667,0.4878933333333333,],
[0.5039688888888889,0.4960311111111111,],
[0.4757688888888889,0.524231111111111,],
[0.4981377777777778,0.5018622222222222,],
[0.4784933333333333,0.5215066666666667,],
[0.5572422222222222,0.4427577777777778,],
[0.4732244444444444,0.5267755555555556,],
[0.5422288888888889,0.4577711111111111,],
[0.4924555555555556,0.5075444444444445,],
[0.51562,0.48438,],
[0.48404,0.51596,],
[0.5712688888888889,0.4287311111111111,],
[0.5021022222222222,0.4978977777777778,],
[0.5097555555555555,0.4902444444444444,],
[0.4708377777777779,0.5291622222222223,],
[0.4390266666666667,0.5609733333333333,],
[0.4701533333333334,0.5298466666666667,],
[0.5576600000000002,0.44234,],
[0.4866711111111111,0.5133288888888889,],
[0.5466311111111112,0.4533688888888889,],
[0.5272511111111111,0.4727488888888889,],
[0.5753311111111112,0.4246688888888889,],
[0.4713933333333333,0.5286066666666667,],
[0.4737955555555555,0.5262044444444445,],
[0.5015199999999999,0.49848,],
[0.4919733333333333,0.5080266666666665,],
[0.4808377777777778,0.5191622222222222,],
[0.4705644444444445,0.5294355555555555,],
[0.5493888888888889,0.4506111111111111,],
[0.5199022222222222,0.4800977777777778,],
[0.5045911111111112,0.4954088888888888,],
[0.5347244444444444,0.4652755555555556,],
[0.5088088888888889,0.4911911111111111,],
[0.4813688888888889,0.518631111111111,],
[0.5186822222222222,0.4813177777777778,],
[0.5674133333333334,0.4325866666666667,],
[0.4972111111111112,0.5027888888888888,],
[0.5643288888888889,0.4356711111111111,],
[0.5110133333333333,0.4889866666666667,],
[0.4988911111111111,0.5011088888888889,],
[0.5327222222222222,0.4672777777777778,],
[0.4665133333333333,0.5334866666666666,],
[0.5346933333333332,0.4653066666666667,],
[0.4758333333333333,0.5241666666666667,],
[0.4509666666666667,0.5490333333333334,],
[0.5534066666666667,0.4465933333333333,],
[0.5089533333333333,0.4910466666666667,],
[0.4680733333333333,0.5319266666666667,],
[0.4880933333333333,0.5119066666666666,],
[0.5529511111111111,0.4470488888888889,],
[0.4525222222222223,0.5474777777777778,],
[0.5411888888888889,0.4588111111111111,],
[0.4725444444444445,0.5274555555555556,],
[0.4958733333333333,0.5041266666666667,],
[0.5027933333333333,0.4972066666666667,],
[0.5588311111111113,0.4411688888888889,],
[0.5269733333333334,0.4730266666666667,],
[0.5072333333333332,0.4927666666666667,],
[0.5106266666666666,0.4893733333333333,],
[0.5150222222222222,0.4849777777777777,],
[0.4958422222222222,0.5041577777777778,],
[0.5556177777777778,0.4443822222222222,],
[0.5742666666666667,0.4257333333333333,],
[0.50436,0.49564,],
[0.5507,0.4493,],
[0.5481422222222222,0.4518577777777778,],
[0.5347822222222222,0.4652177777777778,],
[0.4932866666666667,0.5067133333333332,],
[0.4902155555555556,0.5097844444444445,],
[0.4808955555555555,0.5191044444444445,],
[0.4956177777777778,0.5043822222222222,],
[0.50764,0.49236,],
[0.54572,0.45428,],
[0.4642066666666667,0.5357933333333333,],
[0.3895288888888889,0.6104711111111111,],
[0.5051666666666667,0.4948333333333333,],
[0.4689088888888889,0.5310911111111111,],
[0.4658577777777778,0.5341422222222222,],
[0.5126111111111111,0.4873888888888889,],
[0.48998,0.5100199999999999,],
[0.48434,0.51566,],
[0.5206666666666666,0.4793333333333333,],
[0.4761222222222222,0.5238777777777778,],
[0.4959333333333333,0.5040666666666667,],
[0.5066422222222221,0.4933577777777778,],
[0.46286,0.5371400000000001,],
[0.4263577777777778,0.5736422222222224,],
[0.45842,0.5415800000000001,],
[0.5662777777777779,0.4337222222222222,],
[0.4796488888888889,0.5203511111111111,],
[0.5548111111111111,0.4451888888888889,],
[0.50166,0.4983400000000001,],
[0.4252355555555556,0.5747644444444445,],
[0.55264,0.44736,],
[0.4748733333333334,0.5251266666666666,],
[0.5254177777777777,0.4745822222222222,],
[0.5387844444444444,0.4612155555555556,],
[0.5677311111111112,0.4322688888888889,],
[0.5043044444444446,0.4956955555555556,],
[0.4603866666666667,0.5396133333333334,],
[0.4894488888888889,0.5105511111111111,],
[0.47278,0.52722,],
[0.5194555555555556,0.4805444444444444,],
[0.5025511111111111,0.4974488888888889,],
[0.4543977777777778,0.5456022222222222,],
[0.5243333333333332,0.4756666666666666,],
[0.4820466666666667,0.5179533333333334,],
[0.5571111111111111,0.4428888888888889,],
[0.5250222222222222,0.4749777777777778,],
[0.4702511111111112,0.5297488888888889,],
[0.5118422222222222,0.4881577777777778,],
[0.5293177777777779,0.4706822222222223,],
[0.4827133333333333,0.5172866666666667,],
[0.4413466666666666,0.5586533333333334,],
[0.4737666666666666,0.5262333333333332,],
[0.5328422222222222,0.4671577777777778,],
[0.4660066666666667,0.5339933333333333,],
[0.5011244444444445,0.4988755555555555,],
[0.4519400000000001,0.5480600000000001,],
[0.5198466666666667,0.4801533333333333,],
[0.5289666666666667,0.4710333333333334,],
[0.4309577777777777,0.5690422222222222,],
[0.5069488888888888,0.4930511111111112,],
[0.48564,0.5143599999999999,],
[0.4666955555555556,0.5333044444444445,],
[0.4815533333333333,0.5184466666666666,],
[0.4847533333333333,0.5152466666666665,],
[0.5153444444444444,0.4846555555555556,],
[0.5348088888888889,0.4651911111111112,],
[0.4434044444444445,0.5565955555555556,],
[0.4975288888888889,0.5024711111111111,],
[0.4635822222222222,0.5364177777777778,],
[0.4668,0.5331999999999999,],
[0.4666866666666667,0.5333133333333333,],
[0.4717355555555556,0.5282644444444444,],
[0.4983533333333333,0.5016466666666666,],
[0.4829733333333333,0.5170266666666666,],
[0.5065022222222222,0.4934977777777778,],
[0.5319044444444445,0.4680955555555555,],
[0.49052,0.5094799999999999,],
[0.5015644444444444,0.4984355555555556,],
[0.4813466666666666,0.5186533333333333,],
[0.5407866666666667,0.4592133333333334,],
[0.4916111111111112,0.5083888888888888,],
[0.4822333333333333,0.5177666666666667,],
[0.4848622222222222,0.5151377777777776,],
[0.4962377777777778,0.5037622222222221,],
[0.5005044444444445,0.4994955555555556,],
[0.48398,0.5160199999999999,],
[0.4372244444444444,0.5627755555555556,],
[0.4621,0.5378999999999999,],
[0.4674466666666667,0.5325533333333333,],
[0.4964044444444444,0.5035955555555556,],
[0.4968666666666667,0.5031333333333334,],
[0.4948422222222222,0.5051577777777778,],
[0.4603111111111112,0.5396888888888889,],
[0.5106533333333333,0.4893466666666667,],
[0.4961777777777778,0.5038222222222222,],
[0.4807444444444444,0.5192555555555556,],
[0.4720355555555555,0.5279644444444445,],
[0.5325622222222222,0.4674377777777778,],
[0.5226422222222222,0.4773577777777778,],
[0.5256288888888888,0.4743711111111111,],
[0.4892088888888889,0.5107911111111111,],
[0.4432022222222223,0.5567977777777778,],
[0.5373844444444444,0.4626155555555556,],
[0.5114866666666666,0.4885133333333334,],
[0.4740155555555556,0.5259844444444444,],
[0.4985888888888889,0.5014111111111111,],
[0.4643533333333334,0.5356466666666666,],
[0.5082088888888888,0.4917911111111111,],
[0.4619866666666667,0.5380133333333333,],
[0.4688133333333334,0.5311866666666667,],
[0.4847644444444444,0.5152355555555554,],
[0.5741222222222223,0.4258777777777777,],
[0.5380711111111111,0.4619288888888889,],
[0.5197911111111111,0.4802088888888889,],
[0.5136866666666667,0.4863133333333333,],
[0.5277822222222222,0.4722177777777778,],
[0.4839933333333333,0.5160066666666666,],
[0.46816,0.5318400000000001,],
[0.5074644444444444,0.4925355555555556,],
[0.4779555555555556,0.5220444444444444,],
[0.4961755555555556,0.5038244444444444,],
[0.4956955555555556,0.5043044444444446,],
[0.4347155555555555,0.5652844444444445,],
[0.5280288888888889,0.4719711111111111,],
[0.5065355555555555,0.4934644444444445,],
[0.5017977777777778,0.4982022222222223,],
[0.4583933333333333,0.5416066666666667,],
[0.54384,0.45616,],
[0.5141488888888889,0.4858511111111111,],
[0.5297977777777778,0.4702022222222222,],
[0.5375333333333334,0.4624666666666666,],
[0.5100688888888889,0.4899311111111112,],
[0.5720955555555556,0.4279044444444445,],
[0.4747133333333334,0.5252866666666667,],
[0.48112,0.51888,],
[0.4472688888888889,0.5527311111111111,],
[0.4632711111111111,0.5367288888888889,],
[0.4866111111111111,0.513388888888889,],
[0.4909422222222222,0.5090577777777777,],
[0.5242977777777776,0.4757022222222222,],
[0.5127622222222222,0.4872377777777778,],
[0.5310533333333334,0.4689466666666667,],
[0.4935911111111111,0.5064088888888888,],
[0.4765311111111111,0.5234688888888889,],
[0.49604,0.50396,],
[0.5337422222222222,0.4662577777777778,],
[0.4691622222222223,0.5308377777777777,],
[0.5145355555555555,0.4854644444444444,],
[0.5036155555555556,0.4963844444444445,],
[0.5071022222222221,0.4928977777777778,],
[0.5390111111111112,0.4609888888888889,],
[0.4816555555555556,0.5183444444444444,],
[0.5278222222222222,0.4721777777777778,],
[0.53134,0.46866,],
[0.50786,0.49214,],
[0.5389644444444445,0.4610355555555556,],
[0.4941688888888889,0.505831111111111,],
[0.5530333333333334,0.4469666666666667,],
[0.4669666666666666,0.5330333333333334,],
[0.5035488888888888,0.4964511111111111,],
[0.5054355555555555,0.4945644444444444,],
[0.4844088888888889,0.5155911111111111,],
[0.5192888888888889,0.4807111111111111,],
[0.5178244444444444,0.4821755555555555,],
[0.5251755555555555,0.4748244444444444,],
[0.5430111111111111,0.4569888888888889,],
[0.4792088888888889,0.5207911111111111,],
[0.4869244444444444,0.5130755555555555,],
[0.5036244444444444,0.4963755555555556,],
[0.4290977777777777,0.5709022222222222,],
[0.5082977777777777,0.4917022222222222,],
[0.5419577777777778,0.4580422222222222,],
[0.4931533333333333,0.5068466666666667,],
[0.4700377777777779,0.5299622222222222,],
[0.4571644444444445,0.5428355555555555,],
[0.4887133333333334,0.5112866666666667,],
[0.4564155555555556,0.5435844444444443,],
[0.4926955555555556,0.5073044444444443,],
[0.4250688888888889,0.5749311111111112,],
[0.5121466666666667,0.4878533333333333,],
[0.4655866666666667,0.5344133333333333,],
[0.517471111111111,0.4825288888888889,],
[0.5357377777777778,0.4642622222222222,],
[0.4827266666666666,0.5172733333333333,],
[0.465608888888889,0.534391111111111,],
[0.4644911111111112,0.5355088888888889,],
[0.4328977777777778,0.5671022222222223,],
[0.4825444444444445,0.5174555555555554,],
[0.4718933333333333,0.5281066666666667,],
[0.5504777777777778,0.4495222222222223,],
[0.5405733333333335,0.4594266666666666,],
[0.5029466666666667,0.4970533333333333,],
[0.4638600000000001,0.5361400000000001,],
[0.5311022222222221,0.4688977777777779,],
[0.5158777777777778,0.4841222222222222,],
[0.4972,0.5027999999999999,],
[0.4973822222222222,0.5026177777777777,],
[0.5216311111111112,0.4783688888888888,],
[0.5270600000000001,0.47294,],
[0.5203155555555555,0.4796844444444445,],
[0.4465622222222222,0.5534377777777778,],
[0.510611111111111,0.4893888888888889,],
[0.4648177777777778,0.5351822222222222,],
[0.5218511111111112,0.4781488888888889,],
[0.4941844444444444,0.5058155555555555,],
[0.5049755555555555,0.4950244444444445,],
[0.5188311111111111,0.4811688888888888,],
[0.4894533333333333,0.5105466666666667,],
[0.4924644444444445,0.5075355555555555,],
[0.4941355555555556,0.5058644444444443,],
[0.5228311111111111,0.4771688888888888,],
[0.53128,0.46872,],
[0.5124288888888889,0.4875711111111111,],
[0.4827888888888889,0.5172111111111111,],
[0.4837266666666667,0.5162733333333333,],
[0.5197088888888888,0.4802911111111111,],
[0.5072222222222221,0.4927777777777778,],
[0.4751844444444445,0.5248155555555555,],
[0.5194155555555555,0.4805844444444444,],
[0.4296888888888889,0.5703111111111111,],
[0.4849422222222222,0.5150577777777777,],
[0.5103155555555555,0.4896844444444444,],
[0.4778733333333333,0.5221266666666666,],
[0.4988755555555555,0.5011244444444445,],
[0.48938,0.51062,],
[0.5147133333333332,0.4852866666666666,],
[0.5351,0.4649000000000001,],
[0.4850155555555555,0.5149844444444444,],
[0.5194688888888889,0.4805311111111111,],
[0.4645288888888889,0.5354711111111111,],
[0.4756466666666667,0.5243533333333332,],
[0.5307866666666666,0.4692133333333333,],
[0.5649733333333333,0.4350266666666666,],
[0.4522577777777778,0.5477422222222222,],
[0.508031111111111,0.4919688888888888,],
[0.5084688888888889,0.4915311111111111,],
[0.5261666666666667,0.4738333333333333,],
[0.5368422222222222,0.4631577777777778,],
[0.4445155555555556,0.5554844444444446,],
[0.5227555555555556,0.4772444444444444,],
[0.4340022222222222,0.5659977777777779,],
[0.5049044444444444,0.4950955555555556,],
[0.489551111111111,0.5104488888888888,],
[0.4729244444444445,0.5270755555555555,],
[0.5141622222222222,0.4858377777777778,],
[0.5445,0.4555,],
[0.4935466666666667,0.5064533333333333,],
[0.5096488888888888,0.4903511111111111,],
[0.5370577777777777,0.4629422222222222,],
[0.5379888888888888,0.4620111111111112,],
[0.51842,0.48158,],
[0.48224,0.51776,],
[0.5320888888888889,0.4679111111111111,],
[0.5158688888888888,0.4841311111111111,],
[0.4617822222222223,0.5382177777777778,],
[0.4734933333333333,0.5265066666666666,],
[0.4844288888888889,0.5155711111111111,],
[0.5433466666666666,0.4566533333333334,],
[0.4646688888888889,0.5353311111111111,],
[0.5405377777777779,0.4594622222222222,],
[0.5451622222222223,0.4548377777777778,],
[0.4700644444444445,0.5299355555555555,],
[0.5076422222222222,0.4923577777777778,],
[0.4859822222222222,0.5140177777777777,],
[0.5028511111111111,0.4971488888888889,],
[0.4811888888888888,0.5188111111111111,],
[0.4304466666666666,0.5695533333333334,],
[0.5083533333333332,0.4916466666666667,],
[0.5270244444444445,0.4729755555555556,],
[0.5298377777777779,0.4701622222222223,],
[0.5105755555555556,0.4894244444444444,],
[0.50386,0.49614,],
[0.56978,0.43022,],
[0.5068799999999999,0.49312,],
[0.4854022222222222,0.5145977777777777,],
[0.5352333333333333,0.4647666666666667,],
[0.5027955555555556,0.4972044444444444,],
[0.4982688888888889,0.5017311111111111,],
[0.4800111111111111,0.5199888888888889,],
[0.5240911111111111,0.4759088888888888,],
[0.4671666666666667,0.5328333333333333,],
[0.4932911111111112,0.5067088888888889,],
[0.4848866666666666,0.5151133333333333,],
[0.5079711111111112,0.4920288888888889,],
[0.4813733333333333,0.5186266666666666,],
[0.4847844444444445,0.5152155555555554,],
[0.5365644444444444,0.4634355555555555,],
[0.5135044444444444,0.4864955555555556,],
[0.48626,0.51374,],
[0.5722288888888889,0.4277711111111111,],
[0.5387622222222223,0.4612377777777778,],
[0.5002111111111112,0.4997888888888889,],
[0.4596777777777778,0.5403222222222223,],
[0.4725444444444445,0.5274555555555556,],
[0.5210666666666667,0.4789333333333333,],
[0.4920022222222222,0.5079977777777778,],
[0.5349444444444444,0.4650555555555556,],
[0.5412111111111112,0.4587888888888889,],
[0.5218355555555556,0.4781644444444444,],
[0.5772866666666668,0.4227133333333333,],
[0.4773466666666666,0.5226533333333334,],
[0.5097355555555555,0.4902644444444444,],
[0.5226422222222222,0.4773577777777778,],
[0.4543177777777778,0.5456822222222222,],
[0.5252199999999999,0.47478,],
[0.4959088888888889,0.5040911111111112,],
[0.5072955555555555,0.4927044444444445,],
[0.5423533333333334,0.4576466666666667,],
[0.5453666666666667,0.4546333333333334,],
[0.48176,0.51824,],
[0.4713511111111111,0.5286488888888888,],
[0.4794311111111111,0.5205688888888889,],
[0.4846888888888889,0.5153111111111111,],
[0.5501822222222222,0.4498177777777778,],
[0.553931111111111,0.4460688888888889,],
[0.5446733333333333,0.4553266666666667,],
[0.4913733333333333,0.5086266666666667,],
[0.4902177777777778,0.5097822222222222,],
[0.5271044444444444,0.4728955555555556,],
[0.5105511111111111,0.4894488888888889,],
[0.4855822222222222,0.5144177777777778,],
[0.4780977777777778,0.5219022222222223,],
[0.4608488888888889,0.5391511111111111,],
[0.4767177777777777,0.5232822222222222,],
[0.5126844444444444,0.4873155555555556,],
[0.4902555555555555,0.5097444444444444,],
[0.4970977777777777,0.5029022222222223,],
[0.4584688888888889,0.5415311111111112,],
[0.4348133333333333,0.5651866666666667,],
[0.4624266666666667,0.5375733333333333,],
[0.4833155555555556,0.5166844444444444,],
[0.52156,0.47844,],
[0.4970177777777778,0.5029822222222222,],
[0.4611488888888889,0.5388511111111112,],
[0.4749888888888889,0.5250111111111111,],
[0.5147955555555556,0.4852044444444444,],
[0.4768577777777778,0.5231422222222222,],
[0.5164133333333333,0.4835866666666667,],
[0.4870511111111112,0.5129488888888889,],
[0.4850288888888888,0.514971111111111,],
[0.4901777777777778,0.5098222222222222,],
[0.5592688888888889,0.4407311111111111,],
[0.4720933333333333,0.5279066666666666,],
[0.4809377777777777,0.5190622222222223,],
[0.4712022222222222,0.5287977777777777,],
[0.4863911111111111,0.5136088888888889,],
[0.4652577777777778,0.5347422222222222,],
[0.5256955555555556,0.4743044444444445,],
[0.5153399999999999,0.48466,],
[0.4602866666666667,0.5397133333333334,],
[0.5043577777777778,0.4956422222222223,],
[0.5199666666666667,0.4800333333333333,],
[0.4632666666666667,0.5367333333333334,],
[0.5405066666666667,0.4594933333333334,],
[0.4490733333333333,0.5509266666666667,],
[0.5208377777777777,0.4791622222222222,],
[0.5609133333333334,0.4390866666666667,],
[0.544471111111111,0.4555288888888889,],
[0.4741133333333333,0.5258866666666667,],
[0.4868444444444444,0.5131555555555556,],
[0.4872022222222223,0.5127977777777778,],
[0.5511044444444444,0.4488955555555555,],
[0.4989777777777778,0.5010222222222221,],
[0.4910688888888889,0.5089311111111111,],
[0.48526,0.51474,],
[0.5009911111111111,0.4990088888888889,],
[0.5226000000000001,0.4774,],
[0.5557400000000001,0.44426,],
[0.4972177777777778,0.5027822222222221,],
[0.5347288888888888,0.4652711111111111,],
[0.5109400000000001,0.4890600000000001,],
[0.5705600000000001,0.42944,],
[0.4525577777777778,0.5474422222222223,],
[0.4929666666666667,0.5070333333333332,],
[0.4850733333333333,0.5149266666666665,],
[0.4615688888888889,0.5384311111111112,],
[0.4749444444444444,0.5250555555555556,],
[0.4801755555555555,0.5198244444444444,],
[0.5180288888888889,0.4819711111111111,],
[0.5069133333333332,0.4930866666666667,],
[0.4790822222222222,0.5209177777777777,],
[0.4999111111111111,0.5000888888888889,],
[0.4684933333333333,0.5315066666666668,],
[0.4898933333333333,0.5101066666666666,],
[0.5395111111111112,0.4604888888888889,],
[0.4235155555555555,0.5764844444444446,],
[0.5050666666666667,0.4949333333333333,],
[0.5401400000000001,0.45986,],
[0.4858555555555555,0.5141444444444444,],
[0.4494111111111111,0.5505888888888889,],
[0.5281,0.4719,],
[0.4877088888888889,0.5122911111111111,],
[0.4721422222222222,0.5278577777777778,],
[0.4626555555555555,0.5373444444444444,],
[0.4835066666666666,0.5164933333333332,],
[0.4780755555555555,0.5219244444444445,],
[0.5251066666666666,0.4748933333333333,],
[0.5033822222222223,0.4966177777777778,],
[0.5403111111111111,0.4596888888888889,],
[0.4617488888888889,0.5382511111111111,],
[0.5347866666666666,0.4652133333333333,],
[0.5145355555555555,0.4854644444444444,],
[0.4803666666666667,0.5196333333333334,],
[0.5019111111111111,0.4980888888888889,],
[0.5055955555555555,0.4944044444444444,],
[0.5061444444444443,0.4938555555555555,],
[0.5275444444444445,0.4724555555555556,],
[0.4732533333333334,0.5267466666666666,],
[0.5222666666666667,0.4777333333333333,],
[0.4964888888888889,0.503511111111111,],
[0.5057266666666667,0.4942733333333333,],
[0.4879088888888889,0.5120911111111112,],
[0.5088022222222223,0.4911977777777778,],
[0.4789377777777777,0.5210622222222222,],
[0.5312888888888889,0.4687111111111111,],
[0.5235044444444444,0.4764955555555555,],
[0.4608800000000001,0.5391199999999999,],
[0.5368822222222221,0.4631177777777778,],
[0.5069555555555555,0.4930444444444445,],
[0.46838,0.5316200000000001,],
[0.4923666666666667,0.5076333333333334,],
[0.5624177777777778,0.4375822222222223,],
[0.5476288888888889,0.4523711111111112,],
[0.5516577777777777,0.4483422222222222,],
[0.5058755555555554,0.4941244444444444,],
[0.4984333333333333,0.5015666666666666,],
[0.54744,0.45256,],
[0.4830022222222222,0.5169977777777778,],
[0.5384555555555556,0.4615444444444445,],
[0.5539533333333333,0.4460466666666667,],
[0.496748888888889,0.5032511111111111,],
[0.5200555555555556,0.4799444444444445,],
[0.4629088888888889,0.5370911111111112,],
[0.5061577777777777,0.4938422222222222,],
[0.4484222222222222,0.5515777777777777,],
[0.5202866666666667,0.4797133333333334,],
[0.5137355555555555,0.4862644444444444,],
[0.4952911111111111,0.5047088888888889,],
[0.4610177777777778,0.5389822222222223,],
[0.43458,0.56542,],
[0.4810333333333333,0.5189666666666667,],
[0.4837311111111111,0.5162688888888888,],
[0.5581133333333334,0.4418866666666666,],
[0.5618555555555556,0.4381444444444445,],
[0.4494,0.5506000000000001,],
[0.4934888888888889,0.5065111111111111,],
[0.5384511111111112,0.461548888888889,],
[0.5328733333333333,0.4671266666666667,],
[0.46912,0.53088,],
[0.54338,0.45662,],
[0.5011644444444444,0.4988355555555555,],
[0.4912555555555556,0.5087444444444444,],
[0.5237599999999999,0.47624,],
[0.4504933333333333,0.5495066666666667,],
[0.4655177777777778,0.5344822222222221,],
[0.4869555555555555,0.5130444444444444,],
[0.5049755555555555,0.4950244444444445,],
[0.4473022222222222,0.5526977777777777,],
[0.5374155555555555,0.4625844444444445,],
[0.4855155555555555,0.5144844444444444,],
[0.5048155555555556,0.4951844444444445,],
[0.4595444444444444,0.5404555555555556,],
[0.5333644444444443,0.4666355555555555,],
[0.5182933333333333,0.4817066666666666,],
[0.4724311111111111,0.5275688888888889,],
[0.4676733333333334,0.5323266666666667,],
[0.5481866666666666,0.4518133333333334,],
[0.48488,0.5151199999999999,],
[0.5307844444444444,0.4692155555555556,],
[0.4471066666666667,0.5528933333333333,],
[0.4500111111111111,0.549988888888889,],
[0.4430866666666667,0.5569133333333335,],
[0.48456,0.5154399999999999,],
[0.5182977777777777,0.4817022222222222,],
[0.5268733333333333,0.4731266666666667,],
[0.5086622222222222,0.4913377777777778,],
[0.4997511111111111,0.500248888888889,],
[0.4606822222222222,0.5393177777777778,],
[0.4883955555555555,0.5116044444444444,],
[0.51012,0.48988,],
[0.5173822222222222,0.4826177777777778,],
[0.5178755555555555,0.4821244444444445,],
[0.5241488888888889,0.4758511111111111,],
[0.5162422222222222,0.4837577777777778,],
[0.5323244444444445,0.4676755555555556,],
[0.5266777777777777,0.4733222222222222,],
[0.5561355555555555,0.4438644444444445,],
[0.505931111111111,0.4940688888888889,],
[0.4656733333333334,0.5343266666666666,],
[0.5472044444444445,0.4527955555555556,],
[0.5176999999999999,0.4823,],
[0.4983955555555555,0.5016044444444444,],
[0.5211644444444444,0.4788355555555556,],
[0.4499555555555556,0.5500444444444446,],
[0.48492,0.51508,],
[0.4622577777777778,0.5377422222222222,],
[0.5090666666666667,0.4909333333333333,],
[0.4736288888888889,0.5263711111111111,],
[0.5055644444444444,0.4944355555555556,],
[0.5405711111111112,0.4594288888888889,],
[0.4910111111111111,0.5089888888888888,],
[0.50414,0.49586,],
[0.5458288888888889,0.4541711111111111,],
[0.4967733333333334,0.5032266666666666,],
[0.5301311111111111,0.4698688888888889,],
[0.47572,0.5242799999999999,],
[0.4635488888888889,0.5364511111111112,],
[0.5711355555555556,0.4288644444444444,],
[0.5308666666666667,0.4691333333333333,],
[0.4882422222222223,0.5117577777777778,],
[0.5340577777777777,0.4659422222222223,],
[0.4807711111111111,0.5192288888888889,],
[0.5165577777777778,0.4834422222222222,],
[0.5010488888888889,0.4989511111111111,],
[0.5168466666666666,0.4831533333333333,],
[0.51208,0.48792,],
[0.5246155555555555,0.4753844444444444,],
[0.4977822222222222,0.5022177777777778,],
[0.4883022222222222,0.5116977777777778,],
[0.45324,0.54676,],
[0.4512711111111111,0.5487288888888889,],
[0.4393644444444444,0.5606355555555556,],
[0.5072244444444444,0.4927755555555556,],
[0.5412800000000001,0.45872,],
[0.5464288888888889,0.4535711111111111,],
[0.4944088888888889,0.505591111111111,],
[0.4981777777777778,0.5018222222222222,],
[0.5336244444444445,0.4663755555555556,],
[0.5025222222222222,0.4974777777777779,],
[0.4620044444444444,0.5379955555555556,],
[0.4863555555555555,0.5136444444444445,],
[0.5282844444444444,0.4717155555555556,],
[0.4251244444444444,0.5748755555555556,],
[0.5366088888888889,0.4633911111111111,],
[0.4987711111111111,0.5012288888888888,],
[0.4536355555555556,0.5463644444444445,],
[0.5657200000000001,0.43428,],
[0.4237533333333333,0.5762466666666668,],
[0.4774333333333334,0.5225666666666667,],
[0.4939533333333333,0.5060466666666665,],
[0.5612111111111111,0.4387888888888889,],
[0.4867866666666666,0.5132133333333334,],
[0.4822666666666667,0.5177333333333333,],
[0.5528066666666667,0.4471933333333334,],
[0.54936,0.45064,],
[0.5436466666666666,0.4563533333333334,],
[0.5685955555555556,0.4314044444444444,],
[0.4797844444444445,0.5202155555555557,],
[0.4988311111111111,0.5011688888888889,],
[0.4895444444444444,0.5104555555555556,],
[0.4609577777777778,0.5390422222222222,],
[0.5184088888888888,0.4815911111111111,],
[0.4930755555555556,0.5069244444444443,],
[0.4655133333333334,0.5344866666666666,],
[0.4768111111111111,0.5231888888888889,],
[0.4715911111111111,0.5284088888888889,],
[0.5305866666666667,0.4694133333333334,],
[0.4994111111111111,0.500588888888889,],
[0.5890066666666666,0.4109933333333333,],
[0.5131377777777778,0.4868622222222222,],
[0.5218088888888889,0.4781911111111111,],
[0.5072599999999999,0.4927400000000001,],
[0.4914955555555556,0.5085044444444444,],
[0.4583955555555555,0.5416044444444444,],
[0.5171777777777777,0.4828222222222222,],
[0.4734866666666667,0.5265133333333333,],
[0.5041600000000001,0.49584,],
[0.4255333333333333,0.5744666666666667,],
[0.5377155555555555,0.4622844444444444,],
[0.5115266666666667,0.4884733333333334,],
[0.4789733333333333,0.5210266666666666,],
[0.4754755555555555,0.5245244444444443,],
[0.4933222222222223,0.5066777777777777,],
[0.510311111111111,0.4896888888888888,],
[0.5028177777777777,0.4971822222222222,],
[0.4831044444444445,0.5168955555555556,],
[0.4940266666666667,0.5059733333333333,],
[0.4549777777777778,0.5450222222222222,],
[0.5396822222222223,0.4603177777777778,],
[0.5326133333333333,0.4673866666666667,],
[0.5519088888888889,0.4480911111111112,],
[0.501511111111111,0.4984888888888889,],
[0.520788888888889,0.4792111111111111,],
[0.528851111111111,0.471148888888889,],
[0.4531511111111111,0.5468488888888889,],
[0.5073222222222221,0.4926777777777778,],
[0.5426844444444444,0.4573155555555556,],
[0.5339622222222222,0.4660377777777779,],
[0.4666844444444445,0.5333155555555555,],
[0.48268,0.51732,],
[0.5226044444444444,0.4773955555555556,],
[0.4823666666666667,0.5176333333333333,],
[0.4916311111111111,0.5083688888888888,],
[0.5214111111111112,0.4785888888888889,],
[0.5812066666666666,0.4187933333333334,],
[0.5262488888888888,0.4737511111111111,],
[0.51322,0.48678,],
[0.46114,0.53886,],
[0.5258200000000001,0.47418,],
[0.4816644444444445,0.5183355555555555,],
[0.5029533333333334,0.4970466666666667,],
[0.5506311111111112,0.4493688888888889,],
[0.5290422222222222,0.4709577777777778,],
[0.4965711111111111,0.5034288888888889,],
[0.4693088888888889,0.5306911111111112,],
[0.5130399999999999,0.48696,],
[0.4811266666666666,0.5188733333333333,],
[0.4601422222222222,0.5398577777777779,],
[0.5091266666666667,0.4908733333333333,],
[0.4538066666666667,0.5461933333333334,],
[0.4479555555555556,0.5520444444444444,],
[0.4865555555555555,0.5134444444444445,],
[0.5132844444444445,0.4867155555555555,],
[0.5002911111111112,0.4997088888888889,],
[0.5299377777777777,0.4700622222222223,],
[0.5115822222222222,0.4884177777777778,],
[0.4912133333333333,0.5087866666666667,],
[0.4789688888888889,0.5210311111111111,],
[0.4249933333333333,0.5750066666666668,],
[0.4838133333333334,0.5161866666666666,],
[0.4696066666666667,0.5303933333333334,],
[0.4743911111111111,0.5256088888888888,],
[0.5104355555555555,0.4895644444444444,],
[0.4860733333333334,0.5139266666666668,],
[0.4914733333333333,0.5085266666666666,],
[0.5718,0.4282,],
[0.5266755555555555,0.4733244444444444,],
[0.5003622222222223,0.4996377777777778,],
[0.5206422222222222,0.4793577777777778,],
[0.5297444444444445,0.4702555555555556,],
[0.4969155555555556,0.5030844444444444,],
[0.5049244444444444,0.4950755555555555,],
[0.5195955555555556,0.4804044444444444,],
[0.4989733333333333,0.5010266666666666,],
[0.5390377777777777,0.4609622222222223,],
[0.5513177777777777,0.4486822222222222,],
[0.5389488888888889,0.4610511111111112,],
[0.5461977777777778,0.4538022222222222,],
[0.5313,0.4687,],
[0.4796688888888889,0.5203311111111111,],
[0.5098644444444445,0.4901355555555555,],
[0.5055422222222221,0.4944577777777778,],
[0.5163844444444443,0.4836155555555556,],
[0.5365622222222222,0.4634377777777778,],
[0.4967533333333334,0.5032466666666666,],
[0.4817822222222222,0.5182177777777778,],
[0.4804288888888888,0.5195711111111111,],
[0.4380444444444445,0.5619555555555555,],
[0.4973555555555556,0.5026444444444443,],
[0.5247155555555556,0.4752844444444445,],
[0.5235466666666666,0.4764533333333333,],
[0.4877333333333334,0.5122666666666668,],
[0.5537355555555555,0.4462644444444445,],
[0.5331933333333333,0.4668066666666666,],
[0.5333888888888888,0.4666111111111111,],
[0.5172777777777777,0.4827222222222222,],
[0.5119422222222222,0.4880577777777778,],
[0.4663888888888889,0.533611111111111,],
[0.5232311111111111,0.4767688888888889,],
[0.5060111111111111,0.4939888888888889,],
[0.4831488888888889,0.516851111111111,],
[0.4823022222222222,0.5176977777777777,],
[0.5126688888888888,0.4873311111111111,],
[0.4530933333333333,0.5469066666666667,],
[0.4460311111111111,0.5539688888888888,],
[0.4802088888888889,0.5197911111111111,],
[0.5367044444444444,0.4632955555555556,],
[0.5351644444444444,0.4648355555555556,],
[0.50506,0.49494,],
[0.5270844444444444,0.4729155555555556,],
[0.5523466666666667,0.4476533333333333,],
[0.5475266666666668,0.4524733333333334,],
[0.4855822222222222,0.5144177777777778,],
[0.4869977777777778,0.5130022222222222,],
[0.4674133333333333,0.5325866666666667,],
[0.4834111111111111,0.5165888888888889,],
[0.5329622222222222,0.4670377777777778,],
[0.4634911111111111,0.5365088888888888,],
[0.45794,0.54206,],
[0.4657555555555556,0.5342444444444444,],
[0.5350644444444445,0.4649355555555556,],
[0.5128555555555555,0.4871444444444444,],
[0.5093155555555555,0.4906844444444444,],
[0.5224466666666667,0.4775533333333333,],
[0.4650666666666667,0.5349333333333334,],
[0.5459088888888889,0.4540911111111112,],
[0.5153222222222221,0.4846777777777778,],
[0.5012688888888889,0.4987311111111111,],
[0.5324088888888889,0.4675911111111111,],
[0.4884622222222222,0.5115377777777778,],
[0.5451355555555556,0.4548644444444445,],
[0.4749333333333333,0.5250666666666667,],
[0.4909977777777778,0.5090022222222222,],
[0.5134200000000001,0.48658,],
[0.5039555555555555,0.4960444444444445,],
[0.4895333333333333,0.5104666666666666,],
[0.5776177777777779,0.4223822222222222,],
[0.5294844444444444,0.4705155555555556,],
[0.5139044444444445,0.4860955555555556,],
[0.4847222222222222,0.5152777777777777,],
[0.5544822222222222,0.4455177777777778,],
[0.4859444444444445,0.5140555555555555,],
[0.4390844444444444,0.5609155555555555,],
[0.52808,0.47192,],
[0.4755222222222222,0.5244777777777777,],
[0.49296,0.5070399999999999,],
[0.46296,0.53704,],
];;
