block_marginals := [
[0.4936533333333333,0.5063466666666666,],
[0.5526822222222222,0.4473177777777778,],
[0.5023044444444444,0.4976955555555556,],
[0.4849933333333333,0.5150066666666666,],
[0.4448288888888889,0.5551711111111112,],
[0.4878066666666667,0.5121933333333334,],
[0.5669266666666667,0.4330733333333333,],
[0.5320111111111111,0.4679888888888889,],
[0.5308266666666667,0.4691733333333334,],
[0.4939555555555555,0.5060444444444443,],
[0.3397555555555555,0.6602444444444443,],
[0.5081555555555555,0.4918444444444444,],
[0.6017199999999999,0.39828,],
[0.4474311111111111,0.5525688888888889,],
[0.4445155555555556,0.5554844444444446,],
[0.5882422222222221,0.4117577777777777,],
[0.4849466666666666,0.5150533333333333,],
[0.6186844444444444,0.3813155555555555,],
[0.4179333333333333,0.5820666666666667,],
[0.5499000000000001,0.4501000000000001,],
[0.5297244444444444,0.4702755555555556,],
[0.5418222222222222,0.4581777777777778,],
[0.4933644444444445,0.5066355555555555,],
[0.4232066666666666,0.5767933333333334,],
[0.4528711111111111,0.5471288888888889,],
[0.5848133333333333,0.4151866666666666,],
[0.53964,0.46036,],
[0.4654666666666668,0.5345333333333332,],
[0.5420044444444444,0.4579955555555555,],
[0.5104844444444444,0.4895155555555555,],
[0.4588222222222222,0.5411777777777779,],
[0.3523555555555556,0.6476444444444446,],
[0.6541444444444444,0.3458555555555555,],
[0.4455822222222222,0.5544177777777778,],
[0.4161155555555556,0.5838844444444444,],
[0.3332088888888889,0.6667911111111111,],
[0.4928,0.5071999999999999,],
[0.5093466666666666,0.4906533333333333,],
[0.6207466666666667,0.3792533333333333,],
[0.4312644444444445,0.5687355555555557,],
[0.4953844444444444,0.5046155555555555,],
[0.56286,0.43714,],
[0.6173355555555555,0.3826644444444444,],
[0.4908222222222222,0.5091777777777777,],
[0.4351377777777777,0.5648622222222223,],
[0.4871066666666667,0.5128933333333333,],
[0.5013888888888889,0.4986111111111111,],
[0.4983933333333334,0.5016066666666666,],
[0.3893777777777778,0.6106222222222222,],
[0.3802666666666666,0.6197333333333334,],
[0.4316,0.5684,],
[0.3209311111111111,0.6790688888888887,],
[0.5352311111111111,0.4647688888888889,],
[0.5255622222222222,0.4744377777777778,],
[0.4015733333333333,0.5984266666666666,],
[0.4995666666666667,0.5004333333333334,],
[0.4997044444444445,0.5002955555555556,],
[0.3203444444444445,0.6796555555555555,],
[0.4106155555555555,0.5893844444444444,],
[0.74352,0.25648,],
[0.3985222222222222,0.6014777777777778,],
[0.4777399999999999,0.5222600000000001,],
[0.5074244444444443,0.4925755555555555,],
[0.5473,0.4527,],
[0.4860355555555556,0.5139644444444444,],
[0.4946911111111111,0.5053088888888888,],
[0.5373822222222222,0.4626177777777778,],
[0.3702533333333333,0.6297466666666668,],
[0.4941044444444444,0.5058955555555554,],
[0.3916888888888889,0.608311111111111,],
[0.63388,0.3661199999999999,],
[0.5036422222222222,0.4963577777777778,],
[0.65652,0.34348,],
[0.5518,0.4482,],
[0.6306844444444445,0.3693155555555556,],
[0.3987111111111111,0.6012888888888889,],
[0.4161288888888889,0.5838711111111111,],
[0.6601222222222222,0.3398777777777778,],
[0.5836777777777777,0.4163222222222222,],
[0.5424022222222222,0.4575977777777778,],
[0.457068888888889,0.5429311111111111,],
[0.5075422222222222,0.4924577777777778,],
[0.6076044444444444,0.3923955555555555,],
[0.58466,0.41534,],
[0.5029400000000001,0.4970600000000001,],
[0.52608,0.47392,],
[0.3962,0.6038,],
[0.4968111111111111,0.5031888888888889,],
[0.5050533333333334,0.4949466666666666,],
[0.6650266666666667,0.3349733333333332,],
[0.4032622222222221,0.5967377777777777,],
[0.4692333333333333,0.5307666666666667,],
[0.5276288888888889,0.4723711111111111,],
[0.5091733333333333,0.4908266666666666,],
[0.5947844444444443,0.4052155555555555,],
[0.6177066666666666,0.3822933333333333,],
[0.5059199999999999,0.49408,],
[0.6185577777777778,0.3814422222222222,],
[0.3391777777777777,0.6608222222222221,],
[0.5025133333333334,0.4974866666666667,],
[0.5420733333333333,0.4579266666666666,],
[0.3144044444444444,0.6855955555555555,],
[0.5770200000000002,0.42298,],
[0.4852822222222222,0.5147177777777777,],
[0.4862866666666666,0.5137133333333334,],
[0.4943622222222222,0.5056377777777777,],
[0.3723911111111111,0.6276088888888889,],
[0.5747666666666668,0.4252333333333334,],
[0.5083666666666665,0.4916333333333334,],
[0.3352555555555555,0.6647444444444445,],
[0.5533688888888889,0.4466311111111111,],
[0.4902755555555555,0.5097244444444444,],
[0.6377377777777777,0.3622622222222222,],
[0.5920022222222222,0.4079977777777777,],
[0.3057644444444444,0.6942355555555556,],
[0.6048311111111111,0.3951688888888888,],
[0.4055755555555555,0.5944244444444445,],
[0.5068844444444444,0.4931155555555555,],
[0.4882066666666667,0.5117933333333333,],
[0.664031111111111,0.3359688888888888,],
[0.5124711111111111,0.4875288888888889,],
[0.4342933333333334,0.5657066666666668,],
[0.40454,0.59546,],
[0.5220022222222221,0.4779977777777778,],
[0.6329266666666666,0.3670733333333333,],
[0.4966977777777778,0.5033022222222222,],
[0.5003422222222222,0.4996577777777778,],
[0.4975955555555556,0.5024044444444444,],
[0.3455311111111111,0.654468888888889,],
[0.5594533333333335,0.4405466666666666,],
[0.4943044444444444,0.5056955555555556,],
[0.3252066666666667,0.6747933333333334,],
[0.5711355555555556,0.4288644444444444,],
[0.4272933333333333,0.5727066666666667,],
[0.5131777777777778,0.4868222222222222,],
[0.6549555555555556,0.3450444444444444,],
[0.5154711111111111,0.4845288888888889,],
[0.6661999999999999,0.3337999999999999,],
[0.5512088888888889,0.4487911111111111,],
[0.5047644444444445,0.4952355555555555,],
[0.3471022222222223,0.6528977777777777,],
[0.5135644444444445,0.4864355555555556,],
[0.4196977777777777,0.5803022222222223,],
[0.3532311111111111,0.6467688888888889,],
[0.3781533333333333,0.6218466666666667,],
[0.5095822222222222,0.4904177777777778,],
[0.5541933333333334,0.4458066666666667,],
[0.6841355555555555,0.3158644444444445,],
[0.4499444444444444,0.5500555555555556,],
[0.4155022222222222,0.5844977777777778,],
[0.4962688888888889,0.5037311111111111,],
[0.5273422222222223,0.4726577777777778,],
[0.5204577777777778,0.4795422222222222,],
[0.4212377777777778,0.5787622222222223,],
[0.3319844444444444,0.6680155555555556,],
[0.5037111111111111,0.4962888888888889,],
[0.5005133333333334,0.4994866666666667,],
[0.6217044444444445,0.3782955555555556,],
[0.4525422222222223,0.5474577777777778,],
[0.3441688888888889,0.655831111111111,],
[0.3311733333333333,0.6688266666666666,],
[0.43534,0.5646600000000001,],
[0.4728177777777778,0.5271822222222222,],
[0.5696266666666666,0.4303733333333333,],
[0.35698,0.64302,],
[0.5389466666666667,0.4610533333333334,],
[0.5218977777777778,0.4781022222222222,],
[0.3727644444444444,0.6272355555555555,],
[0.4524622222222223,0.5475377777777779,],
[0.6163,0.3837,],
[0.4219755555555555,0.5780244444444445,],
[0.4312133333333333,0.5687866666666668,],
[0.3965533333333334,0.6034466666666667,],
[0.3706111111111111,0.629388888888889,],
[0.5860755555555556,0.4139244444444444,],
[0.57984,0.42016,],
[0.6352555555555556,0.3647444444444444,],
[0.4864133333333333,0.5135866666666667,],
[0.6442311111111112,0.3557688888888889,],
[0.5837,0.4162999999999999,],
[0.4733711111111111,0.5266288888888888,],
[0.5976155555555556,0.4023844444444444,],
[0.5736555555555557,0.4263444444444444,],
[0.5115911111111111,0.4884088888888889,],
[0.5984088888888888,0.4015911111111111,],
[0.5016733333333333,0.4983266666666667,],
[0.5137266666666667,0.4862733333333333,],
[0.2947377777777778,0.7052622222222222,],
[0.4157377777777777,0.5842622222222221,],
[0.4615244444444445,0.5384755555555556,],
[0.4371377777777778,0.5628622222222223,],
[0.3466933333333334,0.6533066666666667,],
[0.3622844444444444,0.6377155555555556,],
[0.3819977777777778,0.6180022222222222,],
[0.5132555555555556,0.4867444444444444,],
[0.4527377777777778,0.5472622222222222,],
[0.4930866666666667,0.5069133333333332,],
[0.6436711111111111,0.3563288888888889,],
[0.5041622222222223,0.4958377777777778,],
[0.6005933333333333,0.3994066666666667,],
[0.7148155555555555,0.2851844444444445,],
[0.3521822222222222,0.6478177777777778,],
[0.5369266666666667,0.4630733333333333,],
[0.6971088888888889,0.3028911111111111,],
[0.4284933333333333,0.5715066666666667,],
[0.3745377777777777,0.6254622222222223,],
[0.4953955555555555,0.5046044444444444,],
[0.6061244444444444,0.3938755555555555,],
[0.3767711111111111,0.6232288888888888,],
[0.4429688888888889,0.5570311111111111,],
[0.5160377777777777,0.4839622222222222,],
[0.3370822222222222,0.6629177777777777,],
[0.4920044444444444,0.5079955555555555,],
[0.34154,0.65846,],
[0.4116066666666666,0.5883933333333333,],
[0.5603488888888889,0.439651111111111,],
[0.3432777777777778,0.6567222222222222,],
[0.4374111111111111,0.5625888888888889,],
[0.5837133333333333,0.4162866666666666,],
[0.5115355555555555,0.4884644444444445,],
[0.6232088888888889,0.3767911111111111,],
[0.5482666666666667,0.4517333333333334,],
[0.5226866666666667,0.4773133333333333,],
[0.5014822222222222,0.4985177777777778,],
[0.5440377777777778,0.4559622222222223,],
[0.4956377777777778,0.5043622222222223,],
[0.5035066666666667,0.4964933333333333,],
[0.4956644444444445,0.5043355555555555,],
[0.5075911111111111,0.4924088888888889,],
[0.5527555555555554,0.4472444444444445,],
[0.3970488888888889,0.6029511111111111,],
[0.5338488888888889,0.4661511111111112,],
[0.5395600000000002,0.46044,],
[0.3709399999999999,0.62906,],
[0.5185111111111111,0.4814888888888889,],
[0.6576177777777777,0.3423822222222222,],
[0.4500733333333334,0.5499266666666668,],
[0.4813422222222222,0.5186577777777777,],
[0.6469644444444445,0.3530355555555555,],
[0.4809955555555555,0.5190044444444445,],
[0.40272,0.5972799999999999,],
[0.5175533333333333,0.4824466666666667,],
[0.5597355555555557,0.4402644444444444,],
[0.49374,0.5062599999999999,],
[0.6048444444444444,0.3951555555555555,],
[0.3646933333333333,0.6353066666666667,],
[0.4824088888888889,0.517591111111111,],
[0.4066222222222222,0.5933777777777777,],
[0.3844955555555555,0.6155044444444444,],
[0.6402555555555557,0.3597444444444445,],
[0.5335444444444444,0.4664555555555556,],
[0.6485288888888889,0.3514711111111111,],
[0.3974511111111111,0.6025488888888889,],
[0.5101066666666666,0.4898933333333333,],
[0.3626133333333333,0.6373866666666668,],
[0.4764755555555555,0.5235244444444445,],
[0.4025577777777777,0.5974422222222222,],
[0.4482755555555556,0.5517244444444444,],
[0.5018911111111112,0.4981088888888889,],
[0.6525177777777778,0.3474822222222222,],
[0.5587600000000001,0.44124,],
[0.3975488888888889,0.6024511111111112,],
[0.4545288888888889,0.5454711111111111,],
[0.5123044444444445,0.4876955555555555,],
[0.5718711111111111,0.4281288888888888,],
[0.5568155555555556,0.4431844444444445,],
[0.6650377777777777,0.3349622222222222,],
[0.3652022222222222,0.6347977777777778,],
[0.4168599999999999,0.5831399999999999,],
[0.3406999999999999,0.6593,],
[0.4627844444444445,0.5372155555555557,],
[0.5527533333333333,0.4472466666666667,],
[0.6540666666666667,0.3459333333333333,],
[0.4768888888888889,0.5231111111111111,],
[0.3981022222222222,0.6018977777777778,],
[0.6295355555555556,0.3704644444444445,],
[0.5291288888888889,0.4708711111111112,],
[0.5842333333333334,0.4157666666666666,],
[0.59604,0.4039599999999999,],
[0.5456288888888888,0.4543711111111111,],
[0.4102555555555555,0.5897444444444444,],
[0.4737044444444444,0.5262955555555555,],
[0.6017177777777777,0.3982822222222222,],
[0.5045222222222223,0.4954777777777778,],
[0.5053799999999999,0.49462,],
[0.4945866666666667,0.5054133333333333,],
[0.5456933333333334,0.4543066666666666,],
[0.6686711111111111,0.3313288888888888,],
[0.4354644444444444,0.5645355555555557,],
[0.6712288888888888,0.3287711111111111,],
[0.61712,0.38288,],
[0.4553333333333334,0.5446666666666666,],
[0.6568133333333332,0.3431866666666666,],
[0.5897177777777777,0.4102822222222222,],
[0.6474533333333334,0.3525466666666667,],
[0.3846977777777777,0.6153022222222221,],
[0.4923400000000001,0.50766,],
[0.5101666666666667,0.4898333333333333,],
[0.4485688888888889,0.5514311111111111,],
[0.3765999999999999,0.6234000000000001,],
[0.5732488888888889,0.4267511111111111,],
[0.6348533333333333,0.3651466666666666,],
[0.4775666666666667,0.5224333333333334,],
[0.5837466666666666,0.4162533333333333,],
[0.3837755555555555,0.6162244444444444,],
[0.3920622222222223,0.6079377777777777,],
[0.4963555555555555,0.5036444444444445,],
[0.3648688888888889,0.6351311111111112,],
[0.3079711111111111,0.6920288888888889,],
[0.5926111111111111,0.4073888888888889,],
[0.44548,0.55452,],
[0.5023355555555555,0.4976644444444445,],
[0.5096288888888888,0.4903711111111111,],
[0.49914,0.5008600000000001,],
[0.4828466666666666,0.5171533333333332,],
[0.35162,0.6483800000000001,],
[0.6072022222222222,0.3927977777777778,],
[0.4736688888888889,0.5263311111111111,],
[0.5505800000000001,0.44942,],
[0.4796533333333334,0.5203466666666666,],
[0.6211777777777778,0.3788222222222222,],
[0.5479044444444444,0.4520955555555556,],
[0.4032733333333333,0.5967266666666666,],
[0.3867666666666666,0.6132333333333334,],
[0.5842155555555556,0.4157844444444444,],
[0.44944,0.55056,],
[0.49758,0.50242,],
[0.4982511111111111,0.5017488888888889,],
[0.5048111111111111,0.4951888888888889,],
[0.5965066666666665,0.4034933333333333,],
[0.6634155555555555,0.3365844444444444,],
[0.500608888888889,0.4993911111111111,],
[0.4882733333333333,0.5117266666666666,],
[0.3152577777777778,0.6847422222222221,],
[0.5354977777777777,0.4645022222222222,],
[0.4762777777777778,0.5237222222222222,],
[0.5579666666666667,0.4420333333333333,],
[0.5161488888888889,0.4838511111111111,],
[0.4449666666666667,0.5550333333333333,],
[0.4881622222222223,0.5118377777777777,],
[0.4766155555555555,0.5233844444444444,],
[0.4788466666666667,0.5211533333333334,],
[0.3941755555555555,0.6058244444444444,],
[0.46184,0.53816,],
[0.4232555555555556,0.5767444444444445,],
[0.6733977777777777,0.3266022222222222,],
[0.5475711111111111,0.4524288888888889,],
[0.4090644444444444,0.5909355555555555,],
[0.5038044444444444,0.4961955555555556,],
[0.6121444444444445,0.3878555555555555,],
[0.4245555555555555,0.5754444444444444,],
[0.5133377777777779,0.4866622222222222,],
[0.5594844444444446,0.4405155555555555,],
[0.4525244444444445,0.5474755555555556,],
[0.5192955555555556,0.4807044444444444,],
[0.6122933333333334,0.3877066666666666,],
[0.4803555555555555,0.5196444444444445,],
[0.5131688888888889,0.486831111111111,],
[0.5816355555555557,0.4183644444444444,],
[0.3332866666666666,0.6667133333333333,],
[0.5959022222222222,0.4040977777777777,],
[0.5055555555555554,0.4944444444444445,],
[0.5125999999999999,0.4873999999999999,],
[0.5413755555555556,0.4586244444444445,],
[0.38074,0.61926,],
[0.5152888888888888,0.4847111111111111,],
[0.5066377777777777,0.4933622222222223,],
[0.5489466666666668,0.4510533333333333,],
[0.3167933333333333,0.6832066666666667,],
[0.4512133333333334,0.5487866666666668,],
[0.4983333333333334,0.5016666666666666,],
[0.4017933333333333,0.5982066666666666,],
[0.49716,0.50284,],
[0.4023088888888889,0.5976911111111111,],
[0.5499755555555557,0.4500244444444444,],
[0.4844311111111111,0.5155688888888889,],
[0.5028755555555555,0.4971244444444444,],
[0.5706155555555555,0.4293844444444444,],
[0.5610844444444445,0.4389155555555556,],
[0.3415644444444444,0.6584355555555556,],
[0.4937866666666667,0.5062133333333332,],
[0.576188888888889,0.4238111111111111,],
[0.6192799999999999,0.38072,],
[0.6485355555555556,0.3514644444444444,],
[0.5747111111111112,0.4252888888888889,],
[0.6374688888888889,0.3625311111111111,],
[0.4645377777777778,0.5354622222222222,],
[0.3966155555555556,0.6033844444444445,],
[0.5093822222222222,0.4906177777777778,],
[0.3496511111111111,0.650348888888889,],
[0.4170088888888888,0.5829911111111111,],
[0.6185133333333334,0.3814866666666666,],
[0.5057022222222222,0.4942977777777777,],
[0.4876466666666667,0.5123533333333333,],
[0.5334199999999999,0.4665800000000001,],
[0.5211444444444445,0.4788555555555556,],
[0.4045711111111111,0.5954288888888889,],
[0.5032822222222222,0.4967177777777778,],
[0.4607466666666667,0.5392533333333334,],
[0.5082466666666666,0.4917533333333334,],
[0.5672777777777779,0.4327222222222222,],
[0.3625644444444444,0.6374355555555556,],
[0.5170955555555555,0.4829044444444444,],
[0.4011844444444445,0.5988155555555555,],
[0.5969533333333332,0.4030466666666666,],
[0.6075955555555556,0.3924044444444444,],
[0.4464911111111111,0.5535088888888889,],
[0.4765577777777777,0.5234422222222221,],
[0.5032844444444444,0.4967155555555556,],
[0.6882199999999999,0.31178,],
[0.6329222222222222,0.3670777777777777,],
[0.4697866666666667,0.5302133333333333,],
[0.4977377777777778,0.5022622222222223,],
[0.3766733333333333,0.6233266666666667,],
[0.4812511111111111,0.5187488888888888,],
[0.4927955555555556,0.5072044444444443,],
[0.4133422222222222,0.5866577777777777,],
[0.6727888888888889,0.3272111111111112,],
[0.4518711111111111,0.5481288888888889,],
[0.4119044444444444,0.5880955555555555,],
[0.5284266666666667,0.4715733333333333,],
[0.5822200000000001,0.41778,],
[0.3681066666666666,0.6318933333333334,],
[0.4239044444444445,0.5760955555555557,],
[0.4982155555555556,0.5017844444444445,],
[0.5403933333333334,0.4596066666666667,],
[0.4893977777777778,0.5106022222222222,],
[0.4634733333333333,0.5365266666666666,],
[0.3477111111111111,0.6522888888888889,],
[0.5584866666666667,0.4415133333333334,],
[0.6004999999999999,0.3995,],
[0.46366,0.53634,],
[0.5418622222222222,0.4581377777777778,],
[0.4854088888888888,0.514591111111111,],
[0.3881311111111111,0.6118688888888888,],
[0.4893355555555556,0.5106644444444444,],
[0.4008399999999999,0.5991599999999999,],
[0.4694466666666667,0.5305533333333333,],
[0.4046155555555556,0.5953844444444445,],
[0.622508888888889,0.3774911111111111,],
[0.6466222222222222,0.3533777777777778,],
[0.6036066666666666,0.3963933333333333,],
[0.5897888888888888,0.4102111111111111,],
[0.561088888888889,0.4389111111111111,],
[0.4854977777777778,0.5145022222222222,],
[0.5071288888888889,0.4928711111111111,],
[0.4699955555555556,0.5300044444444444,],
[0.5552177777777778,0.4447822222222222,],
[0.6007577777777777,0.3992422222222222,],
[0.4862111111111111,0.5137888888888889,],
[0.5104911111111111,0.4895088888888889,],
[0.571428888888889,0.4285711111111111,],
[0.3813466666666666,0.6186533333333334,],
[0.5639044444444444,0.4360955555555555,],
[0.5030511111111111,0.4969488888888889,],
[0.565548888888889,0.4344511111111111,],
[0.6980111111111111,0.3019888888888889,],
[0.5899733333333332,0.4100266666666666,],
[0.5340822222222222,0.4659177777777778,],
[0.5421599999999999,0.45784,],
[0.3869377777777778,0.6130622222222222,],
[0.5643133333333333,0.4356866666666666,],
[0.5007577777777777,0.4992422222222222,],
[0.4707400000000001,0.5292600000000001,],
[0.578871111111111,0.4211288888888888,],
[0.3398422222222222,0.6601577777777777,],
[0.6146888888888888,0.385311111111111,],
[0.5872733333333333,0.4127266666666666,],
[0.2973266666666667,0.7026733333333334,],
[0.4588133333333333,0.5411866666666667,],
[0.5955911111111112,0.4044088888888888,],
[0.5019311111111111,0.4980688888888889,],
[0.4880311111111111,0.5119688888888889,],
[0.3686866666666667,0.6313133333333334,],
[0.5471,0.4529,],
[0.504,0.496,],
[0.4679022222222223,0.5320977777777778,],
[0.4868244444444444,0.5131755555555556,],
[0.4398666666666667,0.5601333333333333,],
[0.5780511111111112,0.4219488888888889,],
[0.5963377777777777,0.4036622222222221,],
[0.6254644444444445,0.3745355555555556,],
[0.58418,0.41582,],
[0.4817822222222222,0.5182177777777778,],
[0.4196377777777778,0.5803622222222223,],
[0.4491444444444444,0.5508555555555555,],
[0.5889933333333333,0.4110066666666667,],
[0.6176666666666666,0.3823333333333333,],
[0.5713444444444445,0.4286555555555556,],
[0.4742222222222222,0.5257777777777778,],
[0.5013933333333334,0.4986066666666667,],
[0.3785377777777778,0.6214622222222224,],
[0.5203711111111111,0.4796288888888889,],
[0.3977555555555556,0.6022444444444445,],
[0.4122399999999999,0.5877599999999998,],
[0.4494555555555556,0.5505444444444445,],
[0.6058644444444444,0.3941355555555555,],
[0.522668888888889,0.4773311111111111,],
[0.3688,0.6312,],
[0.4053022222222222,0.5946977777777778,],
[0.3355933333333333,0.6644066666666666,],
[0.6447511111111112,0.3552488888888889,],
[0.5464111111111112,0.4535888888888889,],
[0.6653422222222221,0.3346577777777777,],
[0.564308888888889,0.4356911111111111,],
[0.6383911111111111,0.3616088888888889,],
[0.6070266666666666,0.3929733333333333,],
[0.4526355555555556,0.5473644444444445,],
[0.6914355555555556,0.3085644444444444,],
[0.5078911111111111,0.4921088888888889,],
[0.4128399999999999,0.5871599999999999,],
[0.5442088888888889,0.4557911111111111,],
[0.5899644444444443,0.4100355555555555,],
[0.33828,0.6617199999999999,],
[0.6254511111111111,0.3745488888888889,],
[0.4994866666666667,0.5005133333333334,],
[0.5495177777777779,0.4504822222222222,],
[0.6596955555555555,0.3403044444444445,],
[0.3141088888888889,0.6858911111111111,],
[0.6244422222222221,0.3755577777777778,],
[0.3847155555555555,0.6152844444444443,],
[0.5132088888888889,0.4867911111111111,],
[0.6558955555555556,0.3441044444444444,],
[0.4800177777777778,0.5199822222222222,],
[0.3373111111111111,0.6626888888888889,],
[0.39752,0.6024799999999999,],
[0.4918311111111111,0.5081688888888888,],
[0.5909955555555555,0.4090044444444444,],
[0.5189755555555556,0.4810244444444444,],
[0.6015977777777778,0.3984022222222222,],
[0.4945266666666667,0.5054733333333332,],
[0.5001822222222223,0.4998177777777777,],
[0.4886822222222222,0.5113177777777778,],
[0.5280733333333334,0.4719266666666667,],
[0.5779133333333334,0.4220866666666666,],
[0.4911866666666667,0.5088133333333333,],
[0.37212,0.62788,],
[0.5013844444444444,0.4986155555555556,],
[0.4575244444444445,0.5424755555555555,],
[0.3551866666666667,0.6448133333333333,],
[0.3592644444444444,0.6407355555555557,],
[0.4145088888888889,0.5854911111111111,],
[0.5858955555555555,0.4141044444444444,],
[0.53854,0.4614600000000001,],
[0.6355266666666667,0.3644733333333333,],
[0.5252577777777777,0.4747422222222222,],
[0.3941444444444444,0.6058555555555556,],
[0.3450577777777777,0.6549422222222222,],
[0.6246177777777777,0.3753822222222222,],
[0.5474222222222223,0.4525777777777778,],
[0.5598844444444444,0.4401155555555555,],
[0.6810022222222222,0.3189977777777778,],
[0.3789555555555555,0.6210444444444444,],
[0.5527755555555555,0.4472244444444445,],
[0.4749066666666666,0.5250933333333332,],
[0.5104466666666666,0.4895533333333333,],
[0.5365066666666666,0.4634933333333334,],
[0.4918777777777778,0.5081222222222221,],
[0.37546,0.62454,],
[0.5352044444444445,0.4647955555555556,],
[0.4540444444444445,0.5459555555555555,],
[0.3721666666666666,0.6278333333333332,],
[0.5038266666666666,0.4961733333333334,],
[0.4107733333333333,0.5892266666666666,],
[0.3363955555555555,0.6636044444444444,],
[0.640828888888889,0.3591711111111111,],
[0.4992488888888889,0.5007511111111111,],
[0.6010088888888889,0.3989911111111111,],
[0.4336,0.5664,],
[0.5140511111111111,0.4859488888888889,],
[0.6245244444444443,0.3754755555555555,],
[0.6086333333333332,0.3913666666666666,],
[0.7075999999999999,0.2924,],
[0.5015733333333332,0.4984266666666667,],
[0.3860866666666666,0.6139133333333333,],
[0.6164422222222221,0.3835577777777778,],
[0.5543022222222223,0.4456977777777778,],
[0.3684888888888889,0.6315111111111111,],
[0.579288888888889,0.4207111111111111,],
[0.4056222222222222,0.5943777777777778,],
[0.6063599999999999,0.39364,],
[0.5253177777777778,0.4746822222222222,],
[0.6544000000000001,0.3456,],
[0.6102577777777778,0.3897422222222222,],
[0.5615,0.4385,],
[0.3935333333333333,0.6064666666666666,],
[0.5312044444444445,0.4687955555555556,],
[0.4631088888888889,0.5368911111111111,],
[0.3873822222222222,0.6126177777777778,],
[0.5403444444444445,0.4596555555555556,],
[0.6097177777777777,0.3902822222222222,],
[0.47908,0.5209199999999999,],
[0.4019377777777777,0.5980622222222222,],
[0.5117266666666666,0.4882733333333333,],
[0.3604511111111111,0.6395488888888889,],
[0.5213800000000001,0.47862,],
[0.6473466666666667,0.3526533333333333,],
[0.4877711111111112,0.512228888888889,],
[0.505871111111111,0.4941288888888888,],
[0.4586555555555556,0.5413444444444444,],
[0.4773044444444444,0.5226955555555556,],
[0.6058022222222222,0.3941977777777778,],
[0.6185755555555555,0.3814244444444445,],
[0.4662866666666667,0.5337133333333334,],
[0.5099133333333333,0.4900866666666667,],
[0.5021022222222222,0.4978977777777778,],
[0.6042666666666667,0.3957333333333333,],
[0.4679733333333334,0.5320266666666666,],
[0.5081688888888888,0.4918311111111111,],
[0.4202177777777777,0.5797822222222222,],
[0.6872066666666667,0.3127933333333333,],
[0.6152999999999998,0.3847,],
[0.5639222222222222,0.4360777777777777,],
[0.5543311111111112,0.4456688888888889,],
[0.3702711111111111,0.629728888888889,],
[0.5124911111111111,0.4875088888888889,],
[0.3020488888888889,0.6979511111111111,],
[0.4349977777777778,0.5650022222222223,],
[0.4742555555555555,0.5257444444444445,],
[0.4127066666666666,0.5872933333333333,],
[0.4534111111111111,0.5465888888888889,],
[0.4130622222222222,0.5869377777777778,],
[0.4983466666666667,0.5016533333333333,],
[0.3803688888888888,0.6196311111111111,],
[0.6621422222222221,0.3378577777777778,],
[0.3626133333333333,0.6373866666666668,],
[0.5577333333333334,0.4422666666666667,],
[0.4989622222222223,0.5010377777777778,],
[0.6684266666666667,0.3315733333333333,],
[0.5888244444444444,0.4111755555555555,],
[0.6900488888888889,0.3099511111111111,],
[0.5659400000000001,0.43406,],
[0.5926244444444444,0.4073755555555555,],
[0.3893911111111111,0.6106088888888889,],
[0.3419511111111111,0.6580488888888889,],
[0.6009511111111111,0.3990488888888889,],
[0.5549777777777777,0.4450222222222222,],
[0.47204,0.52796,],
[0.43008,0.56992,],
[0.5031555555555556,0.4968444444444445,],
[0.4820688888888889,0.5179311111111111,],
[0.6416933333333334,0.3583066666666666,],
[0.4616666666666667,0.5383333333333334,],
[0.5698088888888888,0.4301911111111111,],
[0.5979333333333332,0.4020666666666666,],
[0.5802822222222223,0.4197177777777777,],
[0.3400444444444444,0.6599555555555554,],
[0.4544,0.5456,],
[0.4862466666666667,0.5137533333333333,],
[0.6266933333333332,0.3733066666666667,],
[0.4174288888888888,0.582571111111111,],
[0.5996377777777777,0.4003622222222222,],
[0.3975133333333333,0.6024866666666666,],
[0.33168,0.66832,],
[0.5867555555555556,0.4132444444444444,],
[0.30782,0.69218,],
[0.5155444444444445,0.4844555555555556,],
[0.5046488888888888,0.4953511111111111,],
[0.6157511111111111,0.3842488888888889,],
[0.5457088888888889,0.4542911111111111,],
[0.4863733333333333,0.5136266666666667,],
[0.4228688888888888,0.5771311111111113,],
[0.6661155555555556,0.3338844444444444,],
[0.4636822222222223,0.5363177777777778,],
[0.3493755555555556,0.6506244444444444,],
[0.4473311111111111,0.5526688888888889,],
[0.3917911111111111,0.6082088888888888,],
[0.5047,0.4953,],
[0.6491422222222223,0.3508577777777778,],
[0.4801044444444444,0.5198955555555556,],
[0.3771911111111111,0.622808888888889,],
[0.5844133333333333,0.4155866666666666,],
[0.3655088888888889,0.6344911111111111,],
[0.4903444444444444,0.5096555555555555,],
[0.5623222222222223,0.4376777777777778,],
[0.3948666666666666,0.6051333333333333,],
[0.6521355555555556,0.3478644444444445,],
[0.4802422222222222,0.5197577777777778,],
[0.4920155555555555,0.5079844444444445,],
[0.4819333333333333,0.5180666666666667,],
[0.5595488888888889,0.4404511111111111,],
[0.5346088888888888,0.4653911111111111,],
[0.6802022222222222,0.3197977777777778,],
[0.4346022222222222,0.5653977777777778,],
[0.4884488888888889,0.5115511111111111,],
[0.6029288888888888,0.3970711111111111,],
[0.3643488888888889,0.6356511111111112,],
[0.3106711111111111,0.6893288888888888,],
[0.4975666666666667,0.5024333333333333,],
[0.4614355555555556,0.5385644444444445,],
[0.5404666666666668,0.4595333333333333,],
[0.4594355555555555,0.5405644444444445,],
[0.5262355555555555,0.4737644444444444,],
[0.5563311111111111,0.4436688888888889,],
[0.3283777777777778,0.6716222222222221,],
[0.4979466666666667,0.5020533333333332,],
[0.4535955555555555,0.5464044444444446,],
[0.5279555555555555,0.4720444444444444,],
[0.4174933333333333,0.5825066666666667,],
[0.5612177777777777,0.4387822222222222,],
[0.6210622222222222,0.3789377777777778,],
[0.5381644444444444,0.4618355555555556,],
[0.5031733333333334,0.4968266666666667,],
[0.6119355555555556,0.3880644444444445,],
[0.5399311111111111,0.4600688888888889,],
[0.5845155555555556,0.4154844444444444,],
[0.5150333333333332,0.4849666666666667,],
[0.5030444444444445,0.4969555555555555,],
[0.5586422222222223,0.4413577777777777,],
[0.6020288888888889,0.3979711111111111,],
[0.3947133333333333,0.6052866666666668,],
[0.4481933333333333,0.5518066666666667,],
[0.6822222222222222,0.3177777777777778,],
[0.3559511111111111,0.6440488888888889,],
[0.6153866666666665,0.3846133333333333,],
[0.4491244444444444,0.5508755555555556,],
[0.5126777777777778,0.4873222222222222,],
[0.5919755555555555,0.4080244444444444,],
[0.6736933333333334,0.3263066666666666,],
[0.3918355555555555,0.6081644444444444,],
[0.4611577777777778,0.5388422222222222,],
[0.4291555555555556,0.5708444444444445,],
[0.6141066666666667,0.3858933333333333,],
[0.5002644444444445,0.4997355555555556,],
[0.3893488888888889,0.6106511111111111,],
[0.4703444444444445,0.5296555555555555,],
[0.4632244444444444,0.5367755555555555,],
[0.3608733333333334,0.6391266666666667,],
[0.6557333333333333,0.3442666666666667,],
[0.5399266666666667,0.4600733333333334,],
[0.4600044444444444,0.5399955555555556,],
[0.3549977777777778,0.6450022222222223,],
[0.5427333333333333,0.4572666666666667,],
[0.4124288888888888,0.587571111111111,],
[0.4520288888888889,0.5479711111111112,],
[0.6734466666666666,0.3265533333333334,],
[0.6197088888888889,0.3802911111111111,],
[0.5163933333333333,0.4836066666666667,],
[0.6234755555555556,0.3765244444444444,],
[0.49492,0.50508,],
[0.5773355555555557,0.4226644444444444,],
[0.3283422222222222,0.6716577777777777,],
[0.5847377777777777,0.4152622222222222,],
[0.5426933333333332,0.4573066666666667,],
[0.6178955555555555,0.3821044444444444,],
[0.6430688888888889,0.3569311111111111,],
[0.4287733333333333,0.5712266666666667,],
[0.6098133333333333,0.3901866666666666,],
[0.41658,0.5834199999999999,],
[0.5403755555555556,0.4596244444444444,],
[0.4094955555555555,0.5905044444444444,],
[0.5630266666666667,0.4369733333333333,],
[0.6684822222222222,0.3315177777777777,],
[0.5015733333333332,0.4984266666666667,],
[0.5518911111111111,0.4481088888888889,],
[0.6866599999999999,0.31334,],
[0.6328333333333334,0.3671666666666666,],
[0.5120955555555556,0.4879044444444445,],
[0.5764711111111112,0.4235288888888889,],
[0.3815466666666666,0.6184533333333333,],
[0.4173844444444444,0.5826155555555556,],
[0.4533777777777778,0.5466222222222222,],
[0.3627311111111111,0.637268888888889,],
[0.3974133333333333,0.6025866666666666,],
[0.4566355555555556,0.5433644444444444,],
[0.5161977777777778,0.4838022222222222,],
[0.4993844444444444,0.5006155555555556,],
[0.4095755555555555,0.5904244444444444,],
[0.6032733333333334,0.3967266666666667,],
[0.3787911111111111,0.6212088888888889,],
[0.5009444444444444,0.4990555555555556,],
[0.4676333333333333,0.5323666666666667,],
[0.4965866666666667,0.5034133333333334,],
[0.5099800000000001,0.49002,],
[0.5060111111111111,0.4939888888888889,],
[0.5503511111111112,0.4496488888888889,],
[0.4882822222222222,0.5117177777777777,],
[0.5410111111111112,0.4589888888888889,],
[0.4173511111111111,0.5826488888888889,],
[0.6039711111111111,0.3960288888888889,],
[0.4359133333333333,0.5640866666666666,],
[0.643831111111111,0.3561688888888889,],
[0.4158666666666667,0.5841333333333333,],
[0.5036555555555555,0.4963444444444445,],
[0.3568488888888889,0.6431511111111111,],
[0.5102711111111111,0.4897288888888888,],
[0.4253777777777778,0.5746222222222223,],
[0.412331111111111,0.5876688888888888,],
[0.4528266666666667,0.5471733333333333,],
[0.5553955555555556,0.4446044444444444,],
[0.6620755555555554,0.3379244444444444,],
[0.5434777777777777,0.4565222222222223,],
[0.4973155555555556,0.5026844444444444,],
[0.59176,0.4082399999999999,],
[0.4659866666666667,0.5340133333333333,],
[0.5014022222222222,0.4985977777777778,],
[0.5798133333333333,0.4201866666666667,],
[0.4001377777777778,0.5998622222222223,],
[0.5763511111111111,0.4236488888888889,],
[0.5105999999999999,0.4893999999999999,],
[0.3757177777777778,0.6242822222222222,],
[0.5644622222222223,0.4355377777777777,],
[0.5022,0.4978,],
[0.5113844444444445,0.4886155555555556,],
[0.3789822222222222,0.6210177777777778,],
[0.5235666666666666,0.4764333333333333,],
[0.4490844444444445,0.5509155555555556,],
[0.5297355555555555,0.4702644444444445,],
[0.6090511111111111,0.3909488888888889,],
[0.4949622222222222,0.5050377777777778,],
[0.5236111111111111,0.4763888888888889,],
[0.4252088888888889,0.5747911111111113,],
[0.5818711111111112,0.4181288888888888,],
[0.3609222222222223,0.6390777777777779,],
[0.4441111111111111,0.5558888888888889,],
[0.3267244444444444,0.6732755555555555,],
[0.5797755555555556,0.4202244444444445,],
[0.5484933333333334,0.4515066666666667,],
[0.5142133333333333,0.4857866666666666,],
[0.3752844444444444,0.6247155555555556,],
[0.5036133333333334,0.4963866666666666,],
[0.4091977777777777,0.5908022222222221,],
[0.5267733333333333,0.4732266666666667,],
[0.5069399999999999,0.4930600000000001,],
[0.650368888888889,0.3496311111111111,],
[0.5202822222222222,0.4797177777777778,],
[0.42126,0.57874,],
[0.5788755555555555,0.4211244444444444,],
[0.5568400000000001,0.44316,],
[0.4984177777777778,0.5015822222222222,],
[0.4962844444444445,0.5037155555555556,],
[0.5433066666666666,0.4566933333333333,],
[0.6044,0.3956,],
[0.6403,0.3597,],
[0.3822644444444444,0.6177355555555555,],
[0.5720488888888888,0.4279511111111111,],
[0.4028022222222222,0.5971977777777777,],
[0.51406,0.48594,],
[0.4569377777777778,0.5430622222222222,],
[0.3603977777777778,0.6396022222222223,],
[0.5537044444444444,0.4462955555555556,],
[0.3611333333333333,0.6388666666666667,],
[0.4715711111111111,0.5284288888888889,],
[0.48812,0.51188,],
[0.4441688888888888,0.5558311111111111,],
[0.5157066666666665,0.4842933333333334,],
[0.4019333333333333,0.5980666666666666,],
[0.3855622222222222,0.6144377777777777,],
[0.4155377777777778,0.5844622222222222,],
[0.4982422222222223,0.5017577777777777,],
[0.6366333333333333,0.3633666666666667,],
[0.4864422222222222,0.5135577777777778,],
[0.5528533333333333,0.4471466666666667,],
[0.4758799999999999,0.5241199999999999,],
[0.5886422222222222,0.4113577777777778,],
[0.5109577777777778,0.4890422222222223,],
[0.5067577777777778,0.4932422222222222,],
[0.3052666666666666,0.6947333333333333,],
[0.4358377777777778,0.5641622222222222,],
[0.5333066666666666,0.4666933333333333,],
[0.54728,0.45272,],
[0.4402644444444444,0.5597355555555557,],
[0.4921133333333333,0.5078866666666666,],
[0.5978533333333333,0.4021466666666666,],
[0.5459266666666667,0.4540733333333334,],
[0.6703088888888888,0.3296911111111111,],
[0.3970377777777778,0.6029622222222222,],
[0.3692577777777777,0.6307422222222223,],
[0.47136,0.52864,],
[0.5425133333333333,0.4574866666666667,],
[0.3650266666666666,0.6349733333333334,],
[0.4666933333333333,0.5333066666666666,],
[0.4931666666666667,0.5068333333333334,],
[0.4066422222222222,0.5933577777777778,],
[0.5186666666666666,0.4813333333333333,],
[0.507531111111111,0.4924688888888889,],
[0.5165022222222222,0.4834977777777777,],
[0.3959777777777778,0.6040222222222222,],
[0.4409288888888889,0.5590711111111112,],
[0.3338222222222222,0.6661777777777776,],
[0.3583466666666666,0.6416533333333334,],
[0.4453066666666666,0.5546933333333333,],
[0.6432955555555556,0.3567044444444445,],
[0.4525511111111111,0.547448888888889,],
[0.5065822222222223,0.4934177777777778,],
[0.4727533333333334,0.5272466666666666,],
[0.39506,0.60494,],
[0.4521355555555556,0.5478644444444445,],
[0.6816644444444444,0.3183355555555555,],
[0.5607088888888888,0.4392911111111111,],
[0.5003111111111112,0.4996888888888889,],
[0.5860666666666667,0.4139333333333333,],
[0.3471066666666667,0.6528933333333333,],
[0.51344,0.48656,],
[0.3112733333333334,0.6887266666666666,],
[0.4619022222222223,0.5380977777777778,],
[0.49056,0.5094399999999999,],
[0.5019044444444445,0.4980955555555556,],
[0.5007666666666667,0.4992333333333333,],
[0.3504844444444444,0.6495155555555556,],
[0.4474666666666667,0.5525333333333333,],
[0.6779488888888888,0.3220511111111111,],
[0.3989311111111111,0.6010688888888889,],
[0.6373288888888889,0.3626711111111111,],
[0.4520911111111112,0.5479088888888889,],
[0.4523533333333334,0.5476466666666667,],
[0.3337377777777777,0.6662622222222222,],
[0.3964933333333333,0.6035066666666667,],
[0.4813622222222222,0.5186377777777778,],
[0.4000622222222223,0.5999377777777777,],
[0.4686333333333333,0.5313666666666668,],
[0.3383155555555555,0.6616844444444443,],
[0.48796,0.5120400000000001,],
[0.4801044444444444,0.5198955555555556,],
[0.5985266666666667,0.4014733333333333,],
[0.6174466666666667,0.3825533333333334,],
[0.6460688888888889,0.3539311111111111,],
[0.4923333333333333,0.5076666666666667,],
[0.4545444444444445,0.5454555555555556,],
[0.5169688888888888,0.4830311111111111,],
[0.2996444444444444,0.7003555555555555,],
[0.5896333333333333,0.4103666666666667,],
[0.4134155555555555,0.5865844444444445,],
[0.3567111111111111,0.6432888888888889,],
[0.4554044444444444,0.5445955555555555,],
[0.5872377777777777,0.4127622222222221,],
[0.4366466666666666,0.5633533333333334,],
[0.6468555555555555,0.3531444444444444,],
[0.4713888888888889,0.5286111111111111,],
[0.4638777777777778,0.5361222222222223,],
[0.5093533333333333,0.4906466666666667,],
[0.4190377777777777,0.5809622222222223,],
[0.3849888888888889,0.6150111111111111,],
[0.4004577777777777,0.5995422222222222,],
[0.5145688888888887,0.4854311111111111,],
[0.5068088888888889,0.4931911111111111,],
[0.4795977777777778,0.5204022222222222,],
[0.5052733333333332,0.4947266666666666,],
[0.4636533333333334,0.5363466666666666,],
[0.6143644444444445,0.3856355555555555,],
[0.4102155555555556,0.5897844444444444,],
[0.4846488888888889,0.515351111111111,],
[0.4283644444444444,0.5716355555555556,],
[0.5088711111111111,0.4911288888888889,],
[0.4899,0.5101,],
[0.4062733333333333,0.5937266666666666,],
[0.6252044444444445,0.3747955555555555,],
[0.5611977777777779,0.4388022222222223,],
[0.5462800000000001,0.45372,],
[0.4043066666666666,0.5956933333333333,],
[0.3931066666666667,0.6068933333333333,],
[0.6372888888888889,0.3627111111111111,],
[0.5383933333333334,0.4616066666666667,],
[0.3817888888888889,0.6182111111111112,],
[0.32688,0.6731199999999999,],
[0.4000466666666667,0.5999533333333333,],
[0.6202955555555556,0.3797044444444445,],
[0.4999955555555555,0.5000044444444445,],
[0.4831355555555555,0.5168644444444443,],
[0.4684911111111111,0.531508888888889,],
[0.5606466666666666,0.4393533333333333,],
[0.5253511111111111,0.4746488888888889,],
[0.6690222222222221,0.3309777777777777,],
[0.5435288888888888,0.4564711111111112,],
[0.321,0.6789999999999998,],
[0.4339133333333334,0.5660866666666667,],
[0.5014533333333333,0.4985466666666666,],
[0.6418977777777778,0.3581022222222222,],
[0.4454111111111111,0.5545888888888889,],
[0.5057199999999999,0.4942799999999999,],
[0.4169511111111111,0.5830488888888888,],
[0.4506555555555556,0.5493444444444444,],
[0.5296311111111112,0.4703688888888889,],
[0.6050133333333333,0.3949866666666667,],
[0.4841533333333334,0.5158466666666667,],
[0.5384311111111112,0.4615688888888889,],
[0.3664755555555555,0.6335244444444443,],
[0.5365022222222222,0.4634977777777778,],
[0.6647977777777777,0.3352022222222222,],
[0.597771111111111,0.4022288888888889,],
[0.4670933333333334,0.5329066666666666,],
[0.5075155555555555,0.4924844444444444,],
[0.3410177777777778,0.6589822222222222,],
[0.4577333333333333,0.5422666666666666,],
[0.4586600000000001,0.54134,],
[0.4160111111111111,0.5839888888888889,],
[0.6966199999999999,0.30338,],
[0.4900355555555556,0.5099644444444444,],
[0.5078711111111111,0.4921288888888889,],
[0.4797111111111111,0.5202888888888889,],
[0.4537533333333333,0.5462466666666668,],
[0.515231111111111,0.4847688888888889,],
[0.4232288888888889,0.5767711111111112,],
[0.6722022222222221,0.3277977777777778,],
[0.41706,0.58294,],
[0.6435755555555556,0.3564244444444444,],
[0.6199622222222222,0.3800377777777778,],
[0.6444088888888889,0.3555911111111111,],
[0.5681044444444445,0.4318955555555556,],
[0.61814,0.38186,],
[0.4908088888888889,0.509191111111111,],
[0.48398,0.5160199999999999,],
[0.5202044444444445,0.4797955555555556,],
[0.413731111111111,0.5862688888888888,],
[0.5991799999999999,0.40082,],
[0.5822111111111112,0.4177888888888889,],
[0.4441044444444444,0.5558955555555556,],
[0.3462688888888889,0.6537311111111112,],
[0.5985177777777777,0.4014822222222222,],
[0.3805466666666666,0.6194533333333334,],
[0.5376777777777778,0.4623222222222222,],
[0.6004733333333332,0.3995266666666666,],
[0.590111111111111,0.4098888888888888,],
[0.5406800000000002,0.45932,],
[0.4485222222222222,0.5514777777777777,],
[0.4202244444444445,0.5797755555555556,],
[0.5408422222222223,0.4591577777777778,],
[0.3896733333333333,0.6103266666666667,],
[0.4456622222222222,0.5543377777777778,],
[0.5182755555555555,0.4817244444444444,],
[0.5807133333333334,0.4192866666666666,],
[0.4818555555555555,0.5181444444444444,],
[0.5060244444444444,0.4939755555555556,],
[0.2943866666666666,0.7056133333333333,],
[0.55822,0.44178,],
[0.4019311111111111,0.5980688888888889,],
[0.5487511111111112,0.4512488888888889,],
[0.4107355555555555,0.5892644444444444,],
[0.4648088888888889,0.5351911111111111,],
[0.6145377777777777,0.3854622222222222,],
[0.4968844444444445,0.5031155555555556,],
[0.5598088888888889,0.440191111111111,],
[0.4803466666666666,0.5196533333333333,],
[0.547448888888889,0.4525511111111111,],
[0.6606155555555554,0.3393844444444444,],
[0.5111822222222222,0.4888177777777778,],
[0.6015111111111111,0.3984888888888889,],
[0.3302688888888888,0.6697311111111111,],
[0.5014066666666667,0.4985933333333333,],
[0.4469644444444444,0.5530355555555556,],
[0.4061133333333333,0.5938866666666667,],
[0.4303155555555555,0.5696844444444444,],
[0.5027377777777777,0.4972622222222223,],
[0.4102333333333333,0.5897666666666667,],
[0.4597622222222223,0.5402377777777778,],
[0.4778311111111111,0.5221688888888889,],
[0.4077466666666666,0.5922533333333333,],
[0.3302622222222221,0.6697377777777777,],
[0.50056,0.49944,],
[0.5032533333333333,0.4967466666666667,],
[0.4601866666666667,0.5398133333333334,],
[0.6375333333333334,0.3624666666666667,],
[0.48808,0.5119199999999999,],
[0.4484844444444444,0.5515155555555555,],
[0.4943511111111111,0.5056488888888888,],
[0.5468066666666667,0.4531933333333333,],
[0.3604777777777778,0.6395222222222223,],
[0.4830244444444445,0.5169755555555555,],
[0.5019422222222223,0.4980577777777778,],
[0.3789066666666667,0.6210933333333333,],
[0.5510244444444444,0.4489755555555556,],
[0.4076288888888888,0.5923711111111111,],
[0.3752377777777778,0.6247622222222222,],
[0.5717755555555556,0.4282244444444445,],
[0.42224,0.5777600000000001,],
[0.5065333333333333,0.4934666666666667,],
[0.4352977777777778,0.5647022222222222,],
[0.3675266666666666,0.6324733333333333,],
[0.5533933333333334,0.4466066666666667,],
[0.4488422222222222,0.5511577777777777,],
[0.3333422222222222,0.6666577777777777,],
[0.4863866666666666,0.5136133333333334,],
[0.34394,0.65606,],
[0.5492044444444445,0.4507955555555556,],
[0.4888711111111111,0.511128888888889,],
[0.5317733333333334,0.4682266666666667,],
[0.5832355555555555,0.4167644444444444,],
[0.3831333333333333,0.6168666666666667,],
[0.5201844444444446,0.4798155555555556,],
[0.5559666666666667,0.4440333333333333,],
];;
