gibbs_marginals := [
[0.53012,0.46988,],
[0.5934622222222222,0.4065377777777777,],
[0.4965911111111111,0.5034088888888889,],
[0.5395000000000001,0.4605000000000001,],
[0.4316599999999999,0.5683400000000001,],
[0.5491555555555556,0.4508444444444444,],
[0.581948888888889,0.418051111111111,],
[0.4863466666666666,0.5136533333333334,],
[0.5507066666666667,0.4492933333333333,],
[0.4961666666666667,0.5038333333333332,],
[0.3506844444444445,0.6493155555555556,],
[0.52976,0.47024,],
[0.6788822222222222,0.3211177777777778,],
[0.4236266666666667,0.5763733333333334,],
[0.5364377777777778,0.4635622222222222,],
[0.5231266666666666,0.4768733333333333,],
[0.5183866666666667,0.4816133333333333,],
[0.6014622222222222,0.3985377777777777,],
[0.39774,0.60226,],
[0.5592777777777779,0.4407222222222222,],
[0.6035044444444445,0.3964955555555555,],
[0.5843888888888888,0.4156111111111111,],
[0.5010844444444444,0.4989155555555556,],
[0.4862044444444444,0.5137955555555556,],
[0.4959311111111111,0.5040688888888889,],
[0.5702466666666668,0.4297533333333334,],
[0.4963088888888889,0.5036911111111111,],
[0.4873888888888889,0.5126111111111111,],
[0.5690533333333334,0.4309466666666666,],
[0.5419822222222221,0.4580177777777778,],
[0.3612511111111111,0.6387488888888889,],
[0.3436022222222223,0.6563977777777777,],
[0.5967266666666666,0.4032733333333333,],
[0.3949177777777778,0.6050822222222222,],
[0.39374,0.6062599999999999,],
[0.3332644444444444,0.6667355555555555,],
[0.5282733333333334,0.4717266666666667,],
[0.4723488888888889,0.5276511111111111,],
[0.623028888888889,0.3769711111111111,],
[0.4356222222222222,0.5643777777777779,],
[0.4670688888888889,0.5329311111111111,],
[0.5169022222222222,0.4830977777777778,],
[0.6442155555555557,0.3557844444444445,],
[0.5012199999999999,0.4987799999999999,],
[0.4417733333333333,0.5582266666666668,],
[0.4790777777777778,0.5209222222222222,],
[0.4789866666666667,0.5210133333333333,],
[0.4874155555555555,0.5125844444444444,],
[0.4038777777777777,0.5961222222222222,],
[0.38656,0.6134400000000001,],
[0.4003066666666666,0.5996933333333333,],
[0.3204511111111111,0.6795488888888888,],
[0.5295044444444444,0.4704955555555556,],
[0.5536666666666666,0.4463333333333333,],
[0.4146955555555555,0.5853044444444445,],
[0.5371066666666667,0.4628933333333333,],
[0.4320622222222222,0.5679377777777779,],
[0.3520711111111111,0.647928888888889,],
[0.4566622222222222,0.5433377777777777,],
[0.5896111111111111,0.4103888888888889,],
[0.3528177777777778,0.6471822222222222,],
[0.4544066666666666,0.5455933333333333,],
[0.4562822222222223,0.5437177777777777,],
[0.6060377777777777,0.3939622222222222,],
[0.4844511111111111,0.5155488888888888,],
[0.4429266666666667,0.5570733333333334,],
[0.5111022222222222,0.4888977777777778,],
[0.3941399999999999,0.60586,],
[0.4997644444444445,0.5002355555555557,],
[0.3445733333333333,0.6554266666666666,],
[0.5855244444444444,0.4144755555555555,],
[0.4533422222222222,0.5466577777777778,],
[0.6734155555555554,0.3265844444444445,],
[0.5116844444444445,0.4883155555555556,],
[0.6466511111111112,0.3533488888888889,],
[0.4360911111111111,0.5639088888888889,],
[0.3982733333333333,0.6017266666666666,],
[0.6648955555555556,0.3351044444444444,],
[0.6063955555555555,0.3936044444444444,],
[0.5384311111111112,0.4615688888888889,],
[0.4207466666666667,0.5792533333333334,],
[0.470548888888889,0.5294511111111111,],
[0.6678777777777778,0.3321222222222222,],
[0.6197844444444445,0.3802155555555555,],
[0.4668044444444444,0.5331955555555555,],
[0.5600999999999999,0.4399,],
[0.4183555555555555,0.5816444444444445,],
[0.4960244444444444,0.5039755555555555,],
[0.4930377777777778,0.5069622222222221,],
[0.6529666666666667,0.3470333333333334,],
[0.3752577777777777,0.6247422222222222,],
[0.548788888888889,0.4512111111111112,],
[0.6705199999999999,0.32948,],
[0.5919088888888889,0.4080911111111111,],
[0.5277155555555555,0.4722844444444445,],
[0.7168088888888888,0.2831911111111111,],
[0.5232222222222223,0.4767777777777777,],
[0.5975444444444444,0.4024555555555556,],
[0.3556444444444445,0.6443555555555556,],
[0.4858933333333333,0.5141066666666666,],
[0.5684711111111111,0.4315288888888889,],
[0.3761822222222221,0.6238177777777777,],
[0.5302488888888889,0.4697511111111112,],
[0.4488155555555555,0.5511844444444445,],
[0.5477355555555556,0.4522644444444445,],
[0.5094133333333333,0.4905866666666667,],
[0.3884177777777778,0.6115822222222221,],
[0.5809333333333333,0.4190666666666666,],
[0.4498022222222222,0.5501977777777778,],
[0.2987266666666666,0.7012733333333333,],
[0.5256911111111111,0.4743088888888889,],
[0.4821555555555555,0.5178444444444444,],
[0.6133866666666667,0.3866133333333333,],
[0.5626066666666667,0.4373933333333333,],
[0.3008933333333333,0.6991066666666667,],
[0.5924088888888889,0.4075911111111111,],
[0.4371466666666667,0.5628533333333333,],
[0.5622577777777779,0.4377422222222223,],
[0.5200533333333334,0.4799466666666667,],
[0.7023044444444444,0.2976955555555555,],
[0.5075422222222222,0.4924577777777778,],
[0.47446,0.5255399999999999,],
[0.353151111111111,0.6468488888888889,],
[0.5451977777777779,0.4548022222222223,],
[0.6771466666666667,0.3228533333333333,],
[0.5059622222222222,0.4940377777777778,],
[0.5064911111111111,0.4935088888888889,],
[0.5309955555555556,0.4690044444444445,],
[0.3940711111111111,0.6059288888888887,],
[0.60942,0.39058,],
[0.4761622222222222,0.5238377777777777,],
[0.3445199999999999,0.65548,],
[0.6224733333333334,0.3775266666666666,],
[0.4460333333333333,0.5539666666666666,],
[0.4969555555555555,0.5030444444444445,],
[0.6775088888888889,0.3224911111111111,],
[0.4527933333333334,0.5472066666666667,],
[0.6124911111111111,0.3875088888888889,],
[0.5862111111111112,0.4137888888888889,],
[0.5510066666666666,0.4489933333333334,],
[0.2694177777777778,0.7305822222222222,],
[0.5407422222222222,0.4592577777777778,],
[0.3874111111111111,0.612588888888889,],
[0.3430133333333333,0.6569866666666666,],
[0.3832644444444445,0.6167355555555556,],
[0.5112088888888888,0.4887911111111112,],
[0.5477777777777778,0.4522222222222222,],
[0.6620066666666665,0.3379933333333334,],
[0.42658,0.57342,],
[0.4111555555555556,0.5888444444444443,],
[0.4523200000000001,0.5476800000000001,],
[0.5145577777777778,0.4854422222222222,],
[0.5467000000000001,0.4533,],
[0.389,0.611,],
[0.3036155555555555,0.6963844444444444,],
[0.4847733333333333,0.5152266666666665,],
[0.4992333333333333,0.5007666666666667,],
[0.5571044444444445,0.4428955555555555,],
[0.4572244444444445,0.5427755555555556,],
[0.3598488888888889,0.6401511111111111,],
[0.3615644444444445,0.6384355555555556,],
[0.4850933333333333,0.5149066666666665,],
[0.4713377777777777,0.5286622222222223,],
[0.5318466666666668,0.4681533333333334,],
[0.4262866666666666,0.5737133333333335,],
[0.4855,0.5145,],
[0.5117644444444444,0.4882355555555556,],
[0.3620933333333333,0.6379066666666667,],
[0.3977555555555556,0.6022444444444445,],
[0.6325733333333334,0.3674266666666666,],
[0.43808,0.56192,],
[0.4691244444444445,0.5308755555555555,],
[0.3724133333333333,0.6275866666666666,],
[0.4138955555555555,0.5861044444444445,],
[0.5666377777777779,0.4333622222222222,],
[0.5090911111111112,0.4909088888888889,],
[0.6263488888888888,0.373651111111111,],
[0.4717000000000001,0.5283,],
[0.6138200000000001,0.38618,],
[0.5343022222222221,0.4656977777777778,],
[0.49432,0.5056799999999999,],
[0.5808377777777778,0.4191622222222222,],
[0.5420777777777778,0.4579222222222222,],
[0.4937377777777778,0.5062622222222222,],
[0.5856066666666667,0.4143933333333333,],
[0.5210466666666667,0.4789533333333333,],
[0.5203333333333333,0.4796666666666667,],
[0.2863044444444445,0.7136955555555556,],
[0.3922288888888889,0.6077711111111112,],
[0.4311222222222222,0.5688777777777779,],
[0.4379577777777778,0.5620422222222222,],
[0.3522755555555556,0.6477244444444444,],
[0.3730222222222222,0.6269777777777777,],
[0.3439888888888888,0.656011111111111,],
[0.545268888888889,0.4547311111111111,],
[0.4754711111111111,0.5245288888888888,],
[0.50386,0.49614,],
[0.5780355555555555,0.4219644444444444,],
[0.5073088888888888,0.4926911111111111,],
[0.5365622222222222,0.4634377777777778,],
[0.6753777777777777,0.3246222222222223,],
[0.3762199999999999,0.62378,],
[0.5316066666666668,0.4683933333333334,],
[0.6320866666666667,0.3679133333333333,],
[0.4950488888888889,0.504951111111111,],
[0.4208844444444444,0.5791155555555556,],
[0.5254799999999999,0.47452,],
[0.563288888888889,0.4367111111111111,],
[0.4887422222222222,0.5112577777777778,],
[0.4383955555555555,0.5616044444444445,],
[0.5416933333333334,0.4583066666666666,],
[0.2971711111111111,0.7028288888888889,],
[0.5655711111111112,0.4344288888888889,],
[0.2959688888888888,0.7040311111111111,],
[0.3802311111111111,0.6197688888888889,],
[0.5678577777777779,0.4321422222222222,],
[0.4200555555555556,0.5799444444444445,],
[0.4850733333333333,0.5149266666666665,],
[0.6046666666666667,0.3953333333333333,],
[0.4762755555555556,0.5237244444444443,],
[0.6537622222222222,0.3462377777777778,],
[0.5697488888888889,0.4302511111111111,],
[0.52956,0.47044,],
[0.5314911111111112,0.4685088888888889,],
[0.4634666666666667,0.5365333333333333,],
[0.5166422222222222,0.4833577777777778,],
[0.4492688888888889,0.5507311111111111,],
[0.5093911111111111,0.4906088888888889,],
[0.4541911111111111,0.5458088888888889,],
[0.50978,0.49022,],
[0.3646955555555556,0.6353044444444444,],
[0.4767422222222222,0.5232577777777778,],
[0.4946844444444444,0.5053155555555555,],
[0.3300622222222222,0.6699377777777776,],
[0.4705400000000001,0.52946,],
[0.6697688888888887,0.3302311111111111,],
[0.3871488888888889,0.6128511111111111,],
[0.4248644444444444,0.5751355555555557,],
[0.5897555555555555,0.4102444444444444,],
[0.5073822222222222,0.4926177777777778,],
[0.386031111111111,0.6139688888888889,],
[0.4883844444444445,0.5116155555555556,],
[0.5540911111111111,0.4459088888888889,],
[0.4724577777777778,0.5275422222222222,],
[0.5796444444444445,0.4203555555555555,],
[0.3509733333333333,0.6490266666666668,],
[0.4803688888888888,0.5196311111111112,],
[0.4472955555555556,0.5527044444444443,],
[0.4379155555555555,0.5620844444444445,],
[0.6874977777777778,0.3125022222222222,],
[0.5602200000000001,0.43978,],
[0.6101244444444445,0.3898755555555555,],
[0.3386288888888889,0.661371111111111,],
[0.5156822222222223,0.4843177777777778,],
[0.4188888888888889,0.5811111111111111,],
[0.5183311111111111,0.4816688888888889,],
[0.4226977777777777,0.5773022222222224,],
[0.3950822222222222,0.6049177777777778,],
[0.5355800000000001,0.4644200000000001,],
[0.6422755555555555,0.3577244444444444,],
[0.5752777777777779,0.4247222222222222,],
[0.422031111111111,0.577968888888889,],
[0.4253777777777778,0.5746222222222223,],
[0.5130733333333334,0.4869266666666667,],
[0.5905199999999999,0.4094799999999999,],
[0.5247222222222222,0.4752777777777778,],
[0.6621888888888888,0.3378111111111111,],
[0.3522577777777778,0.6477422222222222,],
[0.4135133333333333,0.5864866666666667,],
[0.3464688888888889,0.6535311111111112,],
[0.488748888888889,0.5112511111111111,],
[0.6034622222222222,0.3965377777777778,],
[0.6411933333333334,0.3588066666666667,],
[0.4639511111111111,0.5360488888888889,],
[0.4108511111111111,0.5891488888888887,],
[0.5631133333333334,0.4368866666666666,],
[0.5804533333333334,0.4195466666666667,],
[0.5968866666666666,0.4031133333333333,],
[0.5052288888888888,0.4947711111111111,],
[0.5888066666666666,0.4111933333333333,],
[0.3335022222222223,0.6664977777777776,],
[0.4925733333333333,0.5074266666666666,],
[0.5615955555555555,0.4384044444444444,],
[0.5193755555555556,0.4806244444444444,],
[0.4917866666666667,0.5082133333333333,],
[0.5235488888888888,0.476451111111111,],
[0.566788888888889,0.4332111111111111,],
[0.6246222222222222,0.3753777777777778,],
[0.44184,0.55816,],
[0.6786066666666666,0.3213933333333333,],
[0.575868888888889,0.4241311111111111,],
[0.42846,0.57154,],
[0.5584355555555556,0.4415644444444445,],
[0.5643577777777778,0.4356422222222222,],
[0.5925444444444443,0.4074555555555555,],
[0.4136244444444444,0.5863755555555555,],
[0.5194066666666666,0.4805933333333333,],
[0.4924577777777778,0.5075422222222222,],
[0.42238,0.5776200000000001,],
[0.3596311111111111,0.6403688888888889,],
[0.6052288888888889,0.3947711111111111,],
[0.6784533333333332,0.3215466666666667,],
[0.5208133333333334,0.4791866666666666,],
[0.5974755555555555,0.4025244444444444,],
[0.4113955555555556,0.5886044444444444,],
[0.4222422222222222,0.5777577777777778,],
[0.4042155555555555,0.5957844444444444,],
[0.3392066666666666,0.6607933333333331,],
[0.3866022222222222,0.6133977777777778,],
[0.64836,0.35164,],
[0.3966644444444444,0.6033355555555555,],
[0.5510133333333332,0.4489866666666667,],
[0.4816244444444444,0.5183755555555555,],
[0.4626688888888889,0.5373311111111111,],
[0.4718177777777778,0.5281822222222223,],
[0.4126644444444444,0.5873355555555555,],
[0.5939955555555556,0.4060044444444444,],
[0.45444,0.54556,],
[0.540908888888889,0.4590911111111111,],
[0.5444866666666667,0.4555133333333334,],
[0.5923866666666666,0.4076133333333332,],
[0.5681200000000001,0.43188,],
[0.4489555555555556,0.5510444444444444,],
[0.4030933333333332,0.5969066666666666,],
[0.5603244444444445,0.4396755555555555,],
[0.4022822222222222,0.5977177777777777,],
[0.4850844444444444,0.5149155555555555,],
[0.5153777777777777,0.4846222222222222,],
[0.5361066666666667,0.4638933333333334,],
[0.5263688888888889,0.4736311111111111,],
[0.651348888888889,0.3486511111111111,],
[0.5203444444444445,0.4796555555555556,],
[0.48816,0.51184,],
[0.30322,0.69678,],
[0.4548133333333333,0.5451866666666667,],
[0.44668,0.55332,],
[0.5837177777777778,0.4162822222222222,],
[0.541088888888889,0.4589111111111111,],
[0.4100088888888889,0.589991111111111,],
[0.5624244444444445,0.4375755555555556,],
[0.4567555555555556,0.5432444444444444,],
[0.4692133333333333,0.5307866666666666,],
[0.4229888888888889,0.5770111111111113,],
[0.5133577777777779,0.4866422222222223,],
[0.3987333333333333,0.6012666666666667,],
[0.7104933333333334,0.2895066666666666,],
[0.4781488888888889,0.5218511111111112,],
[0.4679933333333334,0.5320066666666667,],
[0.5126422222222222,0.4873577777777778,],
[0.6545222222222222,0.3454777777777778,],
[0.4296377777777778,0.5703622222222222,],
[0.5526822222222222,0.4473177777777778,],
[0.54904,0.45096,],
[0.4300911111111111,0.5699088888888889,],
[0.5087711111111112,0.4912288888888889,],
[0.6462844444444444,0.3537155555555555,],
[0.4806422222222222,0.5193577777777778,],
[0.53806,0.46194,],
[0.5272844444444444,0.4727155555555556,],
[0.3855177777777777,0.6144822222222222,],
[0.6273955555555556,0.3726044444444444,],
[0.4939155555555556,0.5060844444444443,],
[0.4909355555555556,0.5090644444444444,],
[0.5275866666666666,0.4724133333333334,],
[0.3261511111111111,0.6738488888888888,],
[0.5484977777777779,0.4515022222222222,],
[0.4517777777777778,0.5482222222222222,],
[0.5606866666666666,0.4393133333333333,],
[0.2555644444444445,0.7444355555555554,],
[0.4402044444444444,0.5597955555555555,],
[0.4157888888888889,0.5842111111111111,],
[0.3459688888888889,0.6540311111111111,],
[0.4914844444444444,0.5085155555555555,],
[0.4009799999999999,0.59902,],
[0.5356955555555555,0.4643044444444445,],
[0.5745955555555556,0.4254044444444444,],
[0.4581577777777778,0.5418422222222222,],
[0.4675244444444444,0.5324755555555556,],
[0.6123844444444445,0.3876155555555555,],
[0.3446444444444444,0.6553555555555556,],
[0.4736466666666667,0.5263533333333333,],
[0.59552,0.40448,],
[0.5453088888888888,0.4546911111111111,],
[0.6622844444444443,0.3377155555555555,],
[0.5373244444444444,0.4626755555555556,],
[0.6406511111111112,0.3593488888888889,],
[0.5274488888888889,0.4725511111111111,],
[0.4599422222222223,0.5400577777777779,],
[0.5413733333333334,0.4586266666666667,],
[0.3760355555555555,0.6239644444444444,],
[0.4216577777777777,0.5783422222222222,],
[0.6109311111111111,0.3890688888888889,],
[0.4775711111111111,0.5224288888888889,],
[0.44154,0.5584600000000001,],
[0.5222777777777778,0.4777222222222222,],
[0.5202111111111112,0.4797888888888889,],
[0.3782733333333333,0.6217266666666668,],
[0.5171444444444444,0.4828555555555555,],
[0.46188,0.53812,],
[0.4833066666666667,0.5166933333333333,],
[0.6338688888888889,0.3661311111111111,],
[0.3811022222222222,0.6188977777777778,],
[0.4557222222222223,0.5442777777777777,],
[0.4335466666666667,0.5664533333333334,],
[0.6238355555555555,0.3761644444444444,],
[0.6164622222222221,0.3835377777777778,],
[0.4359733333333333,0.5640266666666667,],
[0.4770733333333333,0.5229266666666667,],
[0.5152399999999999,0.48476,],
[0.6677955555555555,0.3322044444444444,],
[0.7282777777777777,0.2717222222222222,],
[0.3741977777777777,0.6258022222222223,],
[0.5821111111111111,0.4178888888888888,],
[0.3734355555555555,0.6265644444444445,],
[0.4827377777777778,0.5172622222222222,],
[0.5004311111111112,0.4995688888888889,],
[0.4303066666666666,0.5696933333333334,],
[0.7451999999999999,0.2548,],
[0.3903866666666667,0.6096133333333332,],
[0.4118155555555555,0.5881844444444444,],
[0.5280866666666667,0.4719133333333334,],
[0.6111555555555556,0.3888444444444444,],
[0.3496377777777778,0.6503622222222223,],
[0.3956,0.6044,],
[0.5217533333333333,0.4782466666666667,],
[0.5341422222222222,0.4658577777777778,],
[0.5246044444444444,0.4753955555555556,],
[0.5033933333333334,0.4966066666666667,],
[0.3556422222222222,0.6443577777777778,],
[0.5244266666666666,0.4755733333333333,],
[0.5693533333333334,0.4306466666666666,],
[0.4361666666666666,0.5638333333333333,],
[0.4765555555555555,0.5234444444444444,],
[0.4901466666666666,0.5098533333333334,],
[0.3569777777777778,0.6430222222222223,],
[0.4982,0.5018,],
[0.3190822222222222,0.6809177777777777,],
[0.411891111111111,0.5881088888888888,],
[0.3927666666666667,0.6072333333333333,],
[0.6486866666666667,0.3513133333333333,],
[0.6945266666666667,0.3054733333333333,],
[0.5516355555555554,0.4483644444444445,],
[0.4687066666666667,0.5312933333333334,],
[0.5928288888888888,0.4071711111111111,],
[0.5157288888888888,0.4842711111111111,],
[0.4944088888888889,0.505591111111111,],
[0.4742244444444444,0.5257755555555556,],
[0.5235311111111111,0.4764688888888888,],
[0.6329755555555555,0.3670244444444444,],
[0.5169822222222222,0.4830177777777778,],
[0.5002444444444445,0.4997555555555556,],
[0.6410622222222223,0.3589377777777777,],
[0.3315888888888888,0.6684111111111112,],
[0.6195955555555556,0.3804044444444444,],
[0.4548422222222222,0.5451577777777779,],
[0.4863866666666666,0.5136133333333334,],
[0.6262133333333333,0.3737866666666667,],
[0.5080355555555555,0.4919644444444444,],
[0.4865244444444445,0.5134755555555556,],
[0.53598,0.46402,],
[0.3816577777777777,0.6183422222222222,],
[0.5414511111111111,0.4585488888888889,],
[0.5324466666666667,0.4675533333333333,],
[0.5199777777777778,0.4800222222222222,],
[0.5535622222222222,0.4464377777777778,],
[0.3647422222222222,0.6352577777777778,],
[0.6319333333333335,0.3680666666666666,],
[0.5097933333333333,0.4902066666666667,],
[0.4039822222222222,0.5960177777777778,],
[0.4732911111111112,0.5267088888888889,],
[0.5794844444444445,0.4205155555555556,],
[0.5046933333333333,0.4953066666666667,],
[0.5566311111111112,0.4433688888888889,],
[0.4113155555555555,0.5886844444444443,],
[0.5834355555555555,0.4165644444444444,],
[0.4535533333333333,0.5464466666666666,],
[0.4751,0.5248999999999999,],
[0.5127955555555556,0.4872044444444444,],
[0.3923866666666667,0.6076133333333333,],
[0.5992777777777778,0.4007222222222222,],
[0.5984155555555555,0.4015844444444444,],
[0.6305044444444445,0.3694955555555555,],
[0.5628155555555556,0.4371844444444445,],
[0.4481088888888889,0.5518911111111111,],
[0.43534,0.5646600000000001,],
[0.4437377777777777,0.5562622222222222,],
[0.5907688888888889,0.409231111111111,],
[0.6900688888888888,0.3099311111111111,],
[0.6032533333333334,0.3967466666666667,],
[0.5276955555555555,0.4723044444444445,],
[0.5056799999999999,0.49432,],
[0.4024177777777778,0.5975822222222222,],
[0.5030377777777778,0.4969622222222222,],
[0.3675533333333333,0.6324466666666667,],
[0.4513155555555556,0.5486844444444445,],
[0.43632,0.5636800000000001,],
[0.5799088888888889,0.4200911111111111,],
[0.5265599999999999,0.47344,],
[0.3808022222222222,0.6191977777777778,],
[0.4018111111111111,0.5981888888888888,],
[0.3776599999999999,0.62234,],
[0.6126377777777778,0.3873622222222222,],
[0.5640888888888889,0.4359111111111111,],
[0.682411111111111,0.3175888888888889,],
[0.5942688888888888,0.4057311111111111,],
[0.7171977777777778,0.2828022222222223,],
[0.49792,0.50208,],
[0.4294422222222222,0.5705577777777778,],
[0.73754,0.26246,],
[0.5243088888888888,0.4756911111111111,],
[0.4078399999999999,0.59216,],
[0.5391111111111111,0.460888888888889,],
[0.5796666666666668,0.4203333333333333,],
[0.3722822222222222,0.6277177777777778,],
[0.6078444444444445,0.3921555555555555,],
[0.5037533333333333,0.4962466666666667,],
[0.6007444444444444,0.3992555555555555,],
[0.6327955555555556,0.3672044444444444,],
[0.3629088888888889,0.6370911111111112,],
[0.5807955555555556,0.4192044444444444,],
[0.3455533333333333,0.6544466666666667,],
[0.4964244444444444,0.5035755555555556,],
[0.6272466666666666,0.3727533333333333,],
[0.5037933333333333,0.4962066666666667,],
[0.342,0.6579999999999999,],
[0.4603066666666667,0.5396933333333334,],
[0.4874111111111111,0.5125888888888889,],
[0.5661511111111112,0.4338488888888889,],
[0.539548888888889,0.4604511111111111,],
[0.6354333333333334,0.3645666666666666,],
[0.473,0.527,],
[0.5108666666666667,0.4891333333333333,],
[0.4816044444444444,0.5183955555555555,],
[0.5520755555555557,0.4479244444444445,],
[0.5971066666666666,0.4028933333333333,],
[0.5517,0.4483,],
[0.4761355555555555,0.5238644444444445,],
[0.4802466666666667,0.5197533333333333,],
[0.4718911111111112,0.528108888888889,],
[0.3728644444444444,0.6271355555555557,],
[0.3601488888888889,0.6398511111111111,],
[0.4311777777777777,0.5688222222222223,],
[0.5764444444444445,0.4235555555555555,],
[0.5323288888888889,0.4676711111111111,],
[0.6525555555555556,0.3474444444444444,],
[0.5148022222222222,0.4851977777777777,],
[0.3632688888888889,0.6367311111111111,],
[0.30374,0.69626,],
[0.6314644444444445,0.3685355555555555,],
[0.5536088888888888,0.4463911111111111,],
[0.577348888888889,0.4226511111111111,],
[0.7241666666666667,0.2758333333333333,],
[0.34834,0.65166,],
[0.4997911111111111,0.5002088888888889,],
[0.5177733333333333,0.4822266666666666,],
[0.4739844444444445,0.5260155555555556,],
[0.5670533333333334,0.4329466666666666,],
[0.4804755555555555,0.5195244444444445,],
[0.3534244444444444,0.6465755555555556,],
[0.5274955555555555,0.4725044444444444,],
[0.4585888888888889,0.5414111111111112,],
[0.3707488888888889,0.6292511111111112,],
[0.5246977777777778,0.4753022222222222,],
[0.3532555555555555,0.6467444444444446,],
[0.3064866666666667,0.6935133333333333,],
[0.6284933333333333,0.3715066666666666,],
[0.5422377777777777,0.4577622222222222,],
[0.5768555555555557,0.4231444444444444,],
[0.3595444444444444,0.6404555555555556,],
[0.4747911111111111,0.5252088888888888,],
[0.6840444444444445,0.3159555555555556,],
[0.5757377777777779,0.4242622222222222,],
[0.5756533333333334,0.4243466666666666,],
[0.5095044444444443,0.4904955555555556,],
[0.4310355555555555,0.5689644444444445,],
[0.6084844444444444,0.3915155555555556,],
[0.5051822222222221,0.4948177777777777,],
[0.3477511111111111,0.6522488888888889,],
[0.6044511111111112,0.3955488888888889,],
[0.3618088888888889,0.6381911111111112,],
[0.6096555555555555,0.3903444444444444,],
[0.5371977777777779,0.4628022222222222,],
[0.6084822222222221,0.3915177777777778,],
[0.5944177777777778,0.4055822222222222,],
[0.568188888888889,0.4318111111111111,],
[0.4144599999999999,0.5855399999999999,],
[0.4788333333333333,0.5211666666666667,],
[0.4776711111111111,0.522328888888889,],
[0.4291933333333334,0.5708066666666667,],
[0.6289933333333333,0.3710066666666667,],
[0.6691133333333332,0.3308866666666666,],
[0.44826,0.55174,],
[0.3637577777777778,0.6362422222222223,],
[0.4969488888888889,0.5030511111111111,],
[0.3982555555555555,0.6017444444444444,],
[0.4613244444444445,0.5386755555555556,],
[0.6587422222222222,0.3412577777777777,],
[0.4977155555555556,0.5022844444444444,],
[0.4843888888888889,0.5156111111111111,],
[0.4969977777777778,0.5030022222222222,],
[0.5480622222222222,0.4519377777777778,],
[0.6338555555555556,0.3661444444444444,],
[0.6349733333333334,0.3650266666666666,],
[0.4506222222222223,0.5493777777777777,],
[0.4796955555555556,0.5203044444444445,],
[0.4500644444444445,0.5499355555555556,],
[0.6350911111111112,0.3649088888888889,],
[0.4951022222222222,0.5048977777777777,],
[0.5600444444444445,0.4399555555555555,],
[0.4744533333333333,0.5255466666666666,],
[0.6389777777777778,0.3610222222222222,],
[0.58638,0.41362,],
[0.5955577777777779,0.4044422222222221,],
[0.5677222222222224,0.4322777777777778,],
[0.4019466666666666,0.5980533333333332,],
[0.4634355555555555,0.5365644444444444,],
[0.3560133333333333,0.6439866666666667,],
[0.5538377777777778,0.4461622222222222,],
[0.4619222222222223,0.5380777777777778,],
[0.3773844444444444,0.6226155555555557,],
[0.4930644444444445,0.5069355555555555,],
[0.3953911111111111,0.604608888888889,],
[0.4791844444444445,0.5208155555555556,],
[0.31514,0.68486,],
[0.5048022222222223,0.4951977777777778,],
[0.3648022222222222,0.6351977777777778,],
[0.6050622222222222,0.3949377777777778,],
[0.5005088888888889,0.4994911111111111,],
[0.6731977777777778,0.3268022222222223,],
[0.6054066666666666,0.3945933333333333,],
[0.6192888888888889,0.3807111111111111,],
[0.4793711111111111,0.5206288888888889,],
[0.5282466666666666,0.4717533333333334,],
[0.4717288888888889,0.5282711111111111,],
[0.3451888888888888,0.6548111111111111,],
[0.6353711111111111,0.3646288888888888,],
[0.6227444444444445,0.3772555555555556,],
[0.4362799999999999,0.5637200000000001,],
[0.4103288888888889,0.589671111111111,],
[0.4916377777777778,0.5083622222222222,],
[0.46764,0.5323600000000001,],
[0.6223155555555556,0.3776844444444444,],
[0.4816755555555555,0.5183244444444444,],
[0.6068022222222221,0.3931977777777778,],
[0.5765266666666667,0.4234733333333333,],
[0.5385888888888889,0.4614111111111112,],
[0.3418622222222222,0.6581377777777778,],
[0.5443488888888889,0.4556511111111111,],
[0.5555911111111111,0.4444088888888889,],
[0.6466022222222223,0.3533977777777778,],
[0.4188644444444444,0.5811355555555555,],
[0.5607799999999999,0.43922,],
[0.4031288888888888,0.596871111111111,],
[0.3441555555555555,0.6558444444444445,],
[0.5467622222222223,0.4532377777777778,],
[0.2840244444444445,0.7159755555555555,],
[0.5180844444444445,0.4819155555555555,],
[0.5080022222222222,0.4919977777777778,],
[0.6146244444444444,0.3853755555555555,],
[0.5315355555555556,0.4684644444444445,],
[0.5019844444444445,0.4980155555555556,],
[0.4724022222222223,0.5275977777777778,],
[0.6421533333333334,0.3578466666666666,],
[0.5068866666666666,0.4931133333333333,],
[0.3834911111111111,0.6165088888888888,],
[0.4240333333333333,0.5759666666666668,],
[0.3733333333333333,0.6266666666666666,],
[0.5384933333333334,0.4615066666666667,],
[0.6370044444444444,0.3629955555555556,],
[0.4577688888888889,0.542231111111111,],
[0.3871488888888889,0.6128511111111111,],
[0.5754244444444445,0.4245755555555555,],
[0.3619422222222222,0.6380577777777777,],
[0.4902888888888888,0.5097111111111111,],
[0.5713155555555556,0.4286844444444444,],
[0.3625466666666666,0.6374533333333333,],
[0.65424,0.34576,],
[0.4315444444444444,0.5684555555555556,],
[0.5211866666666667,0.4788133333333333,],
[0.5376777777777778,0.4623222222222222,],
[0.4880088888888889,0.5119911111111111,],
[0.48452,0.5154799999999999,],
[0.6645911111111111,0.3354088888888888,],
[0.4494444444444444,0.5505555555555556,],
[0.5040688888888889,0.4959311111111111,],
[0.6098333333333333,0.3901666666666666,],
[0.4387755555555556,0.5612244444444444,],
[0.3446399999999999,0.6553599999999999,],
[0.4786066666666667,0.5213933333333334,],
[0.4779288888888889,0.522071111111111,],
[0.4985822222222222,0.5014177777777777,],
[0.5184799999999999,0.48152,],
[0.5390844444444444,0.4609155555555556,],
[0.5100377777777777,0.4899622222222222,],
[0.3193844444444445,0.6806155555555555,],
[0.4696666666666667,0.5303333333333334,],
[0.4560444444444445,0.5439555555555555,],
[0.5472888888888889,0.4527111111111111,],
[0.4075844444444444,0.5924155555555556,],
[0.4940866666666666,0.5059133333333332,],
[0.57498,0.42502,],
[0.5670200000000001,0.43298,],
[0.4654644444444445,0.5345355555555554,],
[0.54678,0.45322,],
[0.5751511111111112,0.4248488888888888,],
[0.5884111111111111,0.4115888888888889,],
[0.5294088888888889,0.4705911111111112,],
[0.5144266666666666,0.4855733333333333,],
[0.58242,0.41758,],
[0.6106333333333334,0.3893666666666666,],
[0.3730288888888889,0.6269711111111111,],
[0.4771644444444444,0.5228355555555555,],
[0.6723022222222221,0.3276977777777778,],
[0.3515155555555555,0.6484844444444445,],
[0.6143777777777778,0.3856222222222221,],
[0.4719466666666667,0.5280533333333334,],
[0.5205866666666666,0.4794133333333334,],
[0.5967199999999999,0.4032799999999999,],
[0.6772022222222223,0.3227977777777778,],
[0.3456755555555555,0.6543244444444445,],
[0.4506511111111112,0.5493488888888889,],
[0.4462044444444445,0.5537955555555556,],
[0.5714466666666668,0.4285533333333333,],
[0.5616888888888889,0.4383111111111112,],
[0.3506666666666667,0.6493333333333334,],
[0.47688,0.5231199999999999,],
[0.4438177777777778,0.5561822222222222,],
[0.3383311111111111,0.6616688888888888,],
[0.6773755555555556,0.3226244444444445,],
[0.5888466666666665,0.4111533333333333,],
[0.4606577777777778,0.5393422222222223,],
[0.3172933333333333,0.6827066666666667,],
[0.5930644444444445,0.4069355555555556,],
[0.4486711111111111,0.5513288888888889,],
[0.3719755555555555,0.6280244444444445,],
[0.6451488888888889,0.3548511111111111,],
[0.6501222222222224,0.3498777777777778,],
[0.55056,0.44944,],
[0.5880022222222221,0.4119977777777777,],
[0.5008177777777778,0.4991822222222222,],
[0.5880888888888888,0.4119111111111111,],
[0.3061288888888889,0.6938711111111111,],
[0.5709466666666666,0.4290533333333333,],
[0.5579866666666667,0.4420133333333333,],
[0.5504866666666667,0.4495133333333334,],
[0.6383377777777778,0.3616622222222223,],
[0.4350666666666666,0.5649333333333333,],
[0.5842133333333334,0.4157866666666666,],
[0.3904133333333333,0.6095866666666666,],
[0.5760466666666667,0.4239533333333333,],
[0.3465777777777778,0.6534222222222222,],
[0.5716955555555556,0.4283044444444444,],
[0.6625622222222222,0.3374377777777778,],
[0.3945888888888889,0.6054111111111111,],
[0.5885555555555555,0.4114444444444444,],
[0.7256333333333332,0.2743666666666667,],
[0.6775088888888889,0.3224911111111111,],
[0.4875711111111111,0.5124288888888889,],
[0.5571755555555556,0.4428244444444445,],
[0.3096088888888889,0.690391111111111,],
[0.4560933333333334,0.5439066666666666,],
[0.4507244444444444,0.5492755555555555,],
[0.39056,0.60944,],
[0.407651111111111,0.5923488888888888,],
[0.4111311111111111,0.5888688888888888,],
[0.52172,0.47828,],
[0.5675377777777778,0.4324622222222222,],
[0.4336377777777778,0.5663622222222222,],
[0.6645333333333333,0.3354666666666666,],
[0.4096377777777778,0.5903622222222221,],
[0.4720244444444445,0.5279755555555555,],
[0.3926311111111112,0.6073688888888887,],
[0.5194422222222221,0.4805577777777778,],
[0.5169066666666666,0.4830933333333334,],
[0.5525266666666666,0.4474733333333333,],
[0.53586,0.46414,],
[0.4854777777777778,0.5145222222222222,],
[0.5541933333333334,0.4458066666666667,],
[0.4544288888888889,0.5455711111111111,],
[0.6410222222222223,0.3589777777777778,],
[0.3809488888888888,0.6190511111111111,],
[0.62482,0.37518,],
[0.3939733333333333,0.6060266666666666,],
[0.4583177777777778,0.5416822222222222,],
[0.2821755555555556,0.7178244444444444,],
[0.5057155555555555,0.4942844444444444,],
[0.4521555555555555,0.5478444444444445,],
[0.3946044444444444,0.6053955555555555,],
[0.5348333333333334,0.4651666666666667,],
[0.5751222222222223,0.4248777777777777,],
[0.6427777777777778,0.3572222222222222,],
[0.5504755555555556,0.4495244444444444,],
[0.5603622222222222,0.4396377777777777,],
[0.6491888888888889,0.3508111111111111,],
[0.5252044444444444,0.4747955555555555,],
[0.4878866666666667,0.5121133333333334,],
[0.6221466666666666,0.3778533333333333,],
[0.3883333333333333,0.6116666666666667,],
[0.5655377777777778,0.4344622222222222,],
[0.5480666666666667,0.4519333333333334,],
[0.3965111111111111,0.603488888888889,],
[0.5982733333333332,0.4017266666666667,],
[0.5334933333333333,0.4665066666666667,],
[0.5611955555555557,0.4388044444444444,],
[0.4015155555555555,0.5984844444444444,],
[0.4897222222222222,0.5102777777777778,],
[0.4212022222222222,0.5787977777777779,],
[0.46338,0.53662,],
[0.6176955555555556,0.3823044444444444,],
[0.5196577777777778,0.4803422222222222,],
[0.5745155555555556,0.4254844444444444,],
[0.4240822222222222,0.575917777777778,],
[0.5836333333333333,0.4163666666666667,],
[0.3642977777777777,0.6357022222222223,],
[0.4366711111111111,0.563328888888889,],
[0.3128044444444444,0.6871955555555556,],
[0.5244533333333332,0.4755466666666667,],
[0.4762933333333333,0.5237066666666665,],
[0.5028311111111111,0.4971688888888889,],
[0.3112333333333334,0.6887666666666666,],
[0.5089666666666667,0.4910333333333334,],
[0.4232466666666667,0.5767533333333335,],
[0.5063577777777777,0.4936422222222223,],
[0.52844,0.47156,],
[0.6168666666666667,0.3831333333333333,],
[0.4776888888888889,0.5223111111111112,],
[0.3874822222222222,0.6125177777777778,],
[0.6770377777777778,0.3229622222222223,],
[0.5777377777777778,0.4222622222222221,],
[0.52622,0.47378,],
[0.5511022222222222,0.4488977777777778,],
[0.5940800000000001,0.4059199999999999,],
[0.61158,0.38842,],
[0.5957533333333334,0.4042466666666666,],
[0.2867844444444445,0.7132155555555556,],
[0.5819955555555556,0.4180044444444443,],
[0.3643555555555555,0.6356444444444445,],
[0.4995444444444445,0.5004555555555555,],
[0.4820222222222222,0.5179777777777778,],
[0.4184644444444444,0.5815355555555557,],
[0.5659911111111112,0.4340088888888889,],
[0.33056,0.6694399999999999,],
[0.5519511111111112,0.4480488888888889,],
[0.3791977777777777,0.6208022222222223,],
[0.4214333333333333,0.5785666666666667,],
[0.4236155555555555,0.5763844444444445,],
[0.3904822222222222,0.6095177777777778,],
[0.3539711111111111,0.6460288888888889,],
[0.4024155555555555,0.5975844444444445,],
[0.53876,0.46124,],
[0.6384511111111112,0.3615488888888889,],
[0.5008311111111111,0.4991688888888889,],
[0.5663733333333333,0.4336266666666667,],
[0.48866,0.51134,],
[0.5894644444444445,0.4105355555555555,],
[0.4924088888888889,0.5075911111111111,],
[0.4853311111111111,0.5146688888888888,],
[0.3214444444444444,0.6785555555555555,],
[0.4979822222222223,0.5020177777777778,],
[0.5076133333333334,0.4923866666666666,],
[0.5328799999999999,0.46712,],
[0.4386733333333334,0.5613266666666666,],
[0.4574622222222222,0.5425377777777777,],
[0.5780422222222222,0.4219577777777778,],
[0.4710622222222222,0.5289377777777777,],
[0.634711111111111,0.3652888888888889,],
[0.46744,0.5325599999999999,],
[0.3372977777777778,0.6627022222222222,],
[0.4283533333333333,0.5716466666666667,],
[0.5826866666666667,0.4173133333333333,],
[0.3822088888888888,0.6177911111111111,],
[0.4732488888888889,0.5267511111111111,],
[0.4855844444444444,0.5144155555555555,],
[0.3928777777777778,0.6071222222222221,],
[0.5296333333333334,0.4703666666666667,],
[0.5146266666666666,0.4853733333333333,],
[0.4528644444444445,0.5471355555555556,],
[0.4275044444444445,0.5724955555555556,],
[0.4086377777777777,0.5913622222222221,],
[0.31198,0.68802,],
[0.3849644444444444,0.6150355555555554,],
[0.4539022222222222,0.5460977777777778,],
[0.6388311111111112,0.3611688888888889,],
[0.4603933333333334,0.5396066666666667,],
[0.4934911111111112,0.5065088888888889,],
[0.4528755555555555,0.5471244444444444,],
[0.4150111111111111,0.5849888888888889,],
[0.4562555555555556,0.5437444444444444,],
[0.6819533333333333,0.3180466666666667,],
[0.5447266666666666,0.4552733333333334,],
[0.4293311111111111,0.5706688888888889,],
[0.5406200000000001,0.45938,],
[0.3540377777777778,0.6459622222222223,],
[0.5401311111111112,0.4598688888888889,],
[0.2971844444444445,0.7028155555555556,],
[0.4184977777777777,0.5815022222222223,],
[0.5020533333333332,0.4979466666666667,],
[0.4282755555555555,0.5717244444444445,],
[0.4881666666666667,0.5118333333333333,],
[0.3876133333333333,0.6123866666666667,],
[0.3842111111111111,0.6157888888888889,],
[0.7033133333333335,0.2966866666666667,],
[0.4178511111111111,0.5821488888888889,],
[0.672371111111111,0.3276288888888889,],
[0.4210622222222222,0.5789377777777778,],
[0.5034577777777778,0.4965422222222222,],
[0.3355266666666666,0.6644733333333332,],
[0.4334022222222222,0.5665977777777779,],
[0.4690711111111111,0.5309288888888889,],
[0.3885022222222222,0.6114977777777778,],
[0.4780933333333333,0.5219066666666667,],
[0.2907177777777778,0.7092822222222223,],
[0.5604177777777777,0.4395822222222222,],
[0.5217311111111111,0.4782688888888889,],
[0.6281155555555555,0.3718844444444444,],
[0.6155444444444444,0.3844555555555556,],
[0.6412022222222222,0.3587977777777778,],
[0.4859577777777778,0.5140422222222222,],
[0.38462,0.6153799999999999,],
[0.5105777777777777,0.4894222222222222,],
[0.3664266666666666,0.6335733333333332,],
[0.5205288888888889,0.4794711111111111,],
[0.4534644444444444,0.5465355555555556,],
[0.4214288888888888,0.578571111111111,],
[0.4134133333333333,0.5865866666666666,],
[0.6155688888888888,0.3844311111111111,],
[0.4274266666666666,0.5725733333333335,],
[0.6016377777777777,0.3983622222222222,],
[0.4863222222222222,0.5136777777777779,],
[0.46666,0.5333399999999999,],
[0.4922,0.5077999999999999,],
[0.4323688888888889,0.5676311111111112,],
[0.4237777777777778,0.5762222222222223,],
[0.4214555555555555,0.5785444444444445,],
[0.5873066666666666,0.4126933333333333,],
[0.5154244444444444,0.4845755555555555,],
[0.5654155555555556,0.4345844444444444,],
[0.597451111111111,0.4025488888888888,],
[0.3866711111111111,0.6133288888888889,],
[0.5629622222222221,0.4370377777777778,],
[0.4725844444444445,0.5274155555555555,],
[0.4975866666666667,0.5024133333333333,],
[0.3683444444444444,0.6316555555555556,],
[0.4552022222222223,0.5447977777777777,],
[0.46364,0.5363600000000001,],
[0.4455155555555556,0.5544844444444444,],
[0.5579577777777779,0.4420422222222222,],
[0.5502733333333334,0.4497266666666667,],
[0.54142,0.45858,],
[0.3445,0.6555,],
[0.3975733333333333,0.6024266666666667,],
[0.6703577777777777,0.3296422222222222,],
[0.5832733333333333,0.4167266666666666,],
[0.4154777777777778,0.5845222222222223,],
[0.3797755555555555,0.6202244444444445,],
[0.45944,0.54056,],
[0.6465222222222223,0.3534777777777778,],
[0.5294533333333333,0.4705466666666667,],
[0.5055288888888888,0.4944711111111111,],
[0.5017777777777778,0.4982222222222222,],
[0.6339333333333333,0.3660666666666667,],
[0.5832688888888888,0.4167311111111111,],
[0.6429088888888889,0.3570911111111111,],
[0.5499622222222224,0.4500377777777778,],
[0.3848155555555555,0.6151844444444444,],
[0.4643911111111111,0.5356088888888888,],
[0.5031266666666667,0.4968733333333334,],
[0.70198,0.29802,],
[0.4327822222222222,0.5672177777777778,],
[0.5235022222222222,0.4764977777777777,],
[0.4164777777777777,0.5835222222222222,],
[0.4574288888888889,0.542571111111111,],
[0.4862777777777778,0.5137222222222222,],
[0.576288888888889,0.423711111111111,],
[0.4406377777777777,0.5593622222222223,],
[0.5532955555555555,0.4467044444444445,],
[0.3980022222222223,0.6019977777777779,],
[0.5338733333333334,0.4661266666666667,],
[0.5773911111111113,0.4226088888888888,],
[0.54708,0.45292,],
[0.4301488888888889,0.5698511111111111,],
[0.5647622222222223,0.4352377777777778,],
[0.2640111111111111,0.7359888888888888,],
[0.4692133333333333,0.5307866666666666,],
[0.505631111111111,0.4943688888888889,],
[0.4735088888888889,0.5264911111111111,],
[0.7174888888888888,0.2825111111111111,],
[0.4328844444444444,0.5671155555555557,],
[0.4593555555555556,0.5406444444444446,],
[0.4725288888888889,0.5274711111111111,],
[0.4081844444444443,0.5918155555555555,],
[0.5164755555555555,0.4835244444444444,],
[0.4537777777777778,0.5462222222222223,],
[0.7030688888888889,0.2969311111111111,],
[0.3554022222222222,0.6445977777777777,],
[0.6528888888888889,0.3471111111111111,],
[0.5604511111111111,0.4395488888888889,],
[0.6475355555555556,0.3524644444444445,],
[0.5335711111111111,0.4664288888888889,],
[0.5968622222222221,0.4031377777777777,],
[0.5135288888888889,0.4864711111111111,],
[0.44086,0.5591400000000001,],
[0.5087244444444444,0.4912755555555555,],
[0.41076,0.5892399999999999,],
[0.6164022222222221,0.3835977777777778,],
[0.54164,0.45836,],
[0.4634888888888889,0.536511111111111,],
[0.3000822222222223,0.6999177777777779,],
[0.5808911111111111,0.4191088888888889,],
[0.4476888888888889,0.5523111111111111,],
[0.5469511111111112,0.4530488888888889,],
[0.5653577777777778,0.4346422222222222,],
[0.5077622222222221,0.4922377777777778,],
[0.5075711111111111,0.4924288888888889,],
[0.4236755555555555,0.5763244444444445,],
[0.4150222222222222,0.5849777777777778,],
[0.4155644444444445,0.5844355555555555,],
[0.3535444444444444,0.6464555555555557,],
[0.4943755555555556,0.5056244444444444,],
[0.5122222222222222,0.4877777777777778,],
[0.6267377777777777,0.3732622222222222,],
[0.4288266666666666,0.5711733333333333,],
[0.5367488888888888,0.4632511111111111,],
[0.2715555555555556,0.7284444444444444,],
[0.5556911111111111,0.4443088888888889,],
[0.3968177777777778,0.6031822222222223,],
[0.530768888888889,0.4692311111111111,],
[0.4667711111111111,0.5332288888888889,],
[0.4856822222222222,0.5143177777777778,],
[0.5784888888888889,0.4215111111111111,],
[0.5036977777777778,0.4963022222222223,],
[0.6336577777777778,0.3663422222222222,],
[0.5875822222222221,0.4124177777777777,],
[0.5515533333333332,0.4484466666666667,],
[0.6234866666666667,0.3765133333333333,],
[0.4977311111111111,0.5022688888888889,],
[0.6223422222222222,0.3776577777777777,],
[0.2719755555555556,0.7280244444444445,],
[0.4833222222222222,0.5166777777777778,],
[0.4050377777777777,0.5949622222222222,],
[0.3983466666666667,0.6016533333333333,],
[0.4437755555555555,0.5562244444444444,],
[0.5099777777777779,0.4900222222222222,],
[0.3924666666666666,0.6075333333333333,],
[0.4440666666666666,0.5559333333333334,],
[0.4060488888888888,0.5939511111111111,],
[0.4690222222222223,0.5309777777777778,],
[0.3244622222222223,0.6755377777777778,],
[0.4677644444444445,0.5322355555555556,],
[0.4985688888888889,0.501431111111111,],
[0.4838022222222222,0.5161977777777778,],
[0.6469955555555555,0.3530044444444444,],
[0.4960422222222222,0.5039577777777777,],
[0.3799022222222222,0.6200977777777777,],
[0.5138222222222222,0.4861777777777778,],
[0.5472288888888889,0.4527711111111111,],
[0.4266688888888889,0.5733311111111111,],
[0.4304888888888889,0.5695111111111111,],
[0.5163977777777777,0.4836022222222223,],
[0.3447044444444444,0.6552955555555556,],
[0.5894488888888888,0.4105511111111111,],
[0.4369644444444444,0.5630355555555555,],
[0.3692066666666666,0.6307933333333334,],
[0.5881488888888888,0.4118511111111111,],
[0.4221266666666667,0.5778733333333335,],
[0.4772,0.5228,],
[0.4758444444444444,0.5241555555555555,],
[0.3428088888888889,0.6571911111111111,],
[0.4758022222222222,0.5241977777777778,],
[0.4693066666666667,0.5306933333333334,],
[0.2867466666666667,0.7132533333333333,],
[0.5331533333333333,0.4668466666666667,],
[0.5021177777777778,0.4978822222222223,],
[0.5272266666666666,0.4727733333333334,],
[0.4565511111111111,0.5434488888888889,],
[0.5893888888888889,0.410611111111111,],
[0.530228888888889,0.4697711111111111,],
[0.3736444444444444,0.6263555555555554,],
[0.4988266666666666,0.5011733333333334,],
[0.4937377777777778,0.5062622222222222,],
];;
