nc_marginals := [
[0.5273577777777778,0.4726422222222222,],
[0.5774022222222224,0.4225977777777777,],
[0.5002222222222222,0.4997777777777778,],
[0.5278888888888889,0.4721111111111111,],
[0.4224377777777777,0.5775622222222223,],
[0.5115288888888888,0.4884711111111111,],
[0.5716933333333334,0.4283066666666666,],
[0.4863466666666666,0.5136533333333334,],
[0.5507066666666667,0.4492933333333333,],
[0.4984622222222223,0.5015377777777776,],
[0.3373088888888889,0.6626911111111111,],
[0.4987155555555555,0.5012844444444444,],
[0.6044133333333335,0.3955866666666666,],
[0.44868,0.5513199999999999,],
[0.4497288888888888,0.5502711111111112,],
[0.5716555555555556,0.4283444444444444,],
[0.5183866666666667,0.4816133333333333,],
[0.6014622222222222,0.3985377777777777,],
[0.4076088888888888,0.5923911111111111,],
[0.5511755555555555,0.4488244444444444,],
[0.6035044444444445,0.3964955555555555,],
[0.5843888888888888,0.4156111111111111,],
[0.5000355555555556,0.4999644444444444,],
[0.4862044444444444,0.5137955555555556,],
[0.4959311111111111,0.5040688888888889,],
[0.5932177777777777,0.4067822222222222,],
[0.5516466666666666,0.4483533333333333,],
[0.4873888888888889,0.5126111111111111,],
[0.5463733333333334,0.4536266666666667,],
[0.5102355555555556,0.4897644444444444,],
[0.3612511111111111,0.6387488888888889,],
[0.3436022222222223,0.6563977777777777,],
[0.6138266666666667,0.3861733333333333,],
[0.4537377777777777,0.5462622222222223,],
[0.4007688888888888,0.599231111111111,],
[0.3304555555555555,0.6695444444444444,],
[0.4995777777777778,0.5004222222222222,],
[0.5004977777777778,0.4995022222222222,],
[0.6270644444444445,0.3729355555555555,],
[0.4183844444444444,0.5816155555555557,],
[0.500608888888889,0.4993911111111111,],
[0.54674,0.45326,],
[0.6127844444444445,0.3872155555555555,],
[0.4742711111111111,0.5257288888888889,],
[0.4307955555555555,0.5692044444444444,],
[0.4995888888888889,0.5004111111111111,],
[0.5000511111111111,0.4999488888888889,],
[0.5087422222222222,0.4912577777777777,],
[0.3901111111111111,0.6098888888888889,],
[0.3739977777777778,0.6260022222222222,],
[0.4172111111111111,0.5827888888888889,],
[0.3057133333333333,0.6942866666666667,],
[0.5565311111111112,0.4434688888888889,],
[0.5262733333333333,0.4737266666666667,],
[0.4095688888888888,0.590431111111111,],
[0.4995911111111112,0.5004088888888889,],
[0.4812222222222222,0.5187777777777778,],
[0.3129555555555555,0.6870444444444445,],
[0.4566622222222222,0.5433377777777777,],
[0.5896111111111111,0.4103888888888889,],
[0.4274844444444444,0.5725155555555557,],
[0.515251111111111,0.4847488888888889,],
[0.4987288888888889,0.501271111111111,],
[0.5592311111111111,0.4407688888888888,],
[0.4816422222222222,0.5183577777777777,],
[0.5015577777777777,0.4984422222222222,],
[0.5751933333333333,0.4248066666666667,],
[0.3903133333333333,0.6096866666666666,],
[0.4996555555555556,0.5003444444444445,],
[0.40034,0.59966,],
[0.6500133333333334,0.3499866666666667,],
[0.4993533333333333,0.5006466666666667,],
[0.6458,0.3542,],
[0.5538044444444444,0.4461955555555556,],
[0.6466511111111112,0.3533488888888889,],
[0.4360911111111111,0.5639088888888889,],
[0.4156177777777778,0.5843822222222221,],
[0.6431955555555555,0.3568044444444445,],
[0.6063955555555555,0.3936044444444444,],
[0.5384311111111112,0.4615688888888889,],
[0.4569333333333334,0.5430666666666666,],
[0.5247444444444445,0.4752555555555556,],
[0.5955711111111112,0.4044288888888888,],
[0.5820444444444445,0.4179555555555555,],
[0.4902266666666666,0.5097733333333333,],
[0.5468488888888889,0.4531511111111111,],
[0.3731777777777777,0.6268222222222222,],
[0.4934088888888889,0.5065911111111111,],
[0.4930377777777778,0.5069622222222221,],
[0.6419888888888889,0.3580111111111111,],
[0.41514,0.58486,],
[0.548788888888889,0.4512111111111112,],
[0.6705199999999999,0.32948,],
[0.5919088888888889,0.4080911111111111,],
[0.5277155555555555,0.4722844444444445,],
[0.7168088888888888,0.2831911111111111,],
[0.4914733333333333,0.5085266666666666,],
[0.6099977777777779,0.3900022222222222,],
[0.3624066666666667,0.6375933333333333,],
[0.4846066666666667,0.5153933333333333,],
[0.5566844444444444,0.4433155555555556,],
[0.3062511111111111,0.693748888888889,],
[0.5705622222222223,0.4294377777777778,],
[0.5100977777777778,0.4899022222222222,],
[0.4995311111111111,0.500468888888889,],
[0.5026,0.4974,],
[0.3692088888888889,0.6307911111111112,],
[0.6164688888888888,0.3835311111111112,],
[0.4750977777777778,0.5249022222222222,],
[0.3395866666666666,0.6604133333333333,],
[0.5400355555555556,0.4599644444444445,],
[0.4803866666666666,0.5196133333333334,],
[0.6580622222222222,0.3419377777777778,],
[0.5626066666666667,0.4373933333333333,],
[0.3008933333333333,0.6991066666666667,],
[0.5924088888888889,0.4075911111111111,],
[0.4371466666666667,0.5628533333333333,],
[0.4993533333333333,0.5006466666666667,],
[0.501531111111111,0.4984688888888889,],
[0.6635733333333333,0.3364266666666667,],
[0.4999444444444444,0.5000555555555556,],
[0.47446,0.5255399999999999,],
[0.353151111111111,0.6468488888888889,],
[0.5200888888888889,0.4799111111111111,],
[0.6578422222222222,0.3421577777777778,],
[0.5001333333333333,0.4998666666666667,],
[0.501,0.499,],
[0.4846,0.5154,],
[0.3404333333333333,0.6595666666666666,],
[0.5772,0.4228,],
[0.4723644444444445,0.5276355555555555,],
[0.3445199999999999,0.65548,],
[0.6224733333333334,0.3775266666666666,],
[0.4311844444444444,0.5688155555555556,],
[0.524051111111111,0.4759488888888889,],
[0.6630088888888889,0.3369911111111111,],
[0.4980577777777778,0.5019422222222223,],
[0.6598622222222222,0.3401377777777777,],
[0.5408866666666667,0.4591133333333334,],
[0.5013733333333333,0.4986266666666667,],
[0.3394333333333333,0.6605666666666665,],
[0.5137088888888889,0.4862911111111111,],
[0.4011222222222222,0.5988777777777777,],
[0.3283666666666667,0.6716333333333333,],
[0.3684822222222222,0.6315177777777778,],
[0.5001444444444445,0.4998555555555556,],
[0.5477777777777778,0.4522222222222222,],
[0.6620066666666665,0.3379933333333334,],
[0.4632111111111112,0.5367888888888889,],
[0.4297155555555556,0.5702844444444445,],
[0.4989066666666667,0.5010933333333333,],
[0.5307644444444445,0.4692355555555556,],
[0.5467000000000001,0.4533,],
[0.3991,0.6009,],
[0.3292844444444444,0.6707155555555555,],
[0.5008711111111112,0.4991288888888889,],
[0.5099,0.4901,],
[0.6097222222222222,0.3902777777777778,],
[0.4452533333333333,0.5547466666666666,],
[0.3539888888888889,0.6460111111111111,],
[0.3615644444444445,0.6384355555555556,],
[0.4850933333333333,0.5149066666666665,],
[0.4769133333333333,0.5230866666666667,],
[0.5658866666666668,0.4341133333333334,],
[0.4262866666666666,0.5737133333333335,],
[0.4855,0.5145,],
[0.5117644444444444,0.4882355555555556,],
[0.3894155555555555,0.6105844444444445,],
[0.4238755555555556,0.5761244444444446,],
[0.6258644444444444,0.3741355555555556,],
[0.4180888888888888,0.5819111111111112,],
[0.4165866666666666,0.5834133333333332,],
[0.3036444444444444,0.6963555555555555,],
[0.3733333333333333,0.6266666666666666,],
[0.5808533333333333,0.4191466666666666,],
[0.5805888888888889,0.4194111111111111,],
[0.6269666666666667,0.3730333333333333,],
[0.4717000000000001,0.5283,],
[0.6141844444444444,0.3858155555555556,],
[0.5800266666666666,0.4199733333333334,],
[0.5005377777777779,0.4994622222222222,],
[0.6103444444444445,0.3896555555555555,],
[0.5700533333333333,0.4299466666666666,],
[0.4896244444444444,0.5103755555555555,],
[0.6263577777777777,0.3736422222222222,],
[0.4936977777777778,0.5063022222222221,],
[0.5194977777777777,0.4805022222222222,],
[0.3148933333333333,0.6851066666666668,],
[0.4294244444444444,0.5705755555555556,],
[0.4639377777777778,0.5360622222222222,],
[0.4446222222222222,0.5553777777777779,],
[0.3551622222222222,0.6448377777777777,],
[0.3502177777777777,0.6497822222222224,],
[0.3993422222222222,0.6006577777777777,],
[0.5012066666666666,0.4987933333333333,],
[0.45264,0.5473600000000001,],
[0.4893911111111111,0.5106088888888888,],
[0.65882,0.34118,],
[0.5194377777777778,0.4805622222222222,],
[0.5365622222222222,0.4634377777777778,],
[0.6753777777777777,0.3246222222222223,],
[0.3851955555555555,0.6148044444444444,],
[0.5460022222222222,0.4539977777777778,],
[0.6320866666666667,0.3679133333333333,],
[0.4950488888888889,0.504951111111111,],
[0.3888844444444444,0.6111155555555556,],
[0.5087844444444445,0.4912155555555556,],
[0.563288888888889,0.4367111111111111,],
[0.4887422222222222,0.5112577777777778,],
[0.4416977777777778,0.5583022222222223,],
[0.5179888888888888,0.4820111111111111,],
[0.3381377777777778,0.6618622222222221,],
[0.5013266666666666,0.4986733333333333,],
[0.3569977777777778,0.6430022222222223,],
[0.4162,0.5838,],
[0.5538888888888889,0.4461111111111111,],
[0.3537022222222222,0.6462977777777779,],
[0.4850733333333333,0.5149266666666665,],
[0.6046666666666667,0.3953333333333333,],
[0.4762755555555556,0.5237244444444443,],
[0.61092,0.38908,],
[0.5751977777777778,0.4248022222222222,],
[0.52956,0.47044,],
[0.4999533333333333,0.5000466666666666,],
[0.4634666666666667,0.5365333333333333,],
[0.5000333333333333,0.4999666666666667,],
[0.5010177777777778,0.4989822222222222,],
[0.5010733333333334,0.4989266666666667,],
[0.4541911111111111,0.5458088888888889,],
[0.50978,0.49022,],
[0.3646955555555556,0.6353044444444444,],
[0.4767422222222222,0.5232577777777778,],
[0.5765822222222222,0.4234177777777777,],
[0.3894688888888889,0.6105311111111111,],
[0.51286,0.48714,],
[0.6599777777777777,0.3400222222222222,],
[0.4123044444444444,0.5876955555555554,],
[0.5056755555555555,0.4943244444444444,],
[0.6410355555555557,0.3589644444444444,],
[0.4896288888888889,0.5103711111111111,],
[0.3735599999999999,0.62644,],
[0.5070177777777777,0.4929822222222222,],
[0.5694044444444445,0.4305955555555555,],
[0.4744111111111111,0.5255888888888889,],
[0.5998933333333333,0.4001066666666667,],
[0.3486888888888888,0.6513111111111112,],
[0.4741355555555556,0.5258644444444445,],
[0.4096622222222222,0.5903377777777776,],
[0.4003444444444444,0.5996555555555555,],
[0.6510333333333334,0.3489666666666666,],
[0.5094133333333333,0.4905866666666667,],
[0.6398311111111111,0.3601688888888889,],
[0.3734622222222222,0.6265377777777777,],
[0.5073755555555555,0.4926244444444445,],
[0.3594244444444444,0.6405755555555557,],
[0.4899111111111111,0.5100888888888888,],
[0.4226977777777777,0.5773022222222224,],
[0.3950822222222222,0.6049177777777778,],
[0.4984688888888889,0.501531111111111,],
[0.6148666666666667,0.3851333333333333,],
[0.5461888888888889,0.4538111111111111,],
[0.3937755555555555,0.6062244444444443,],
[0.4471066666666667,0.5528933333333333,],
[0.4900488888888889,0.5099511111111111,],
[0.5700444444444445,0.4299555555555555,],
[0.5561355555555555,0.4438644444444445,],
[0.68182,0.31818,],
[0.3522577777777778,0.6477422222222222,],
[0.4135133333333333,0.5864866666666667,],
[0.3398844444444444,0.6601155555555555,],
[0.4600111111111111,0.539988888888889,],
[0.555188888888889,0.4448111111111111,],
[0.6454977777777778,0.3545022222222222,],
[0.47506,0.52494,],
[0.4089666666666666,0.5910333333333333,],
[0.6104488888888888,0.389551111111111,],
[0.577988888888889,0.4220111111111111,],
[0.5968866666666666,0.4031133333333333,],
[0.5052288888888888,0.4947711111111111,],
[0.5516111111111111,0.4483888888888889,],
[0.4270222222222222,0.5729777777777778,],
[0.5023177777777779,0.4976822222222222,],
[0.6085622222222221,0.3914377777777778,],
[0.5004111111111111,0.4995888888888889,],
[0.4917866666666667,0.5082133333333333,],
[0.5235488888888888,0.476451111111111,],
[0.5404222222222222,0.4595777777777778,],
[0.6607533333333333,0.3392466666666666,],
[0.44184,0.55816,],
[0.6786066666666666,0.3213933333333333,],
[0.6058222222222222,0.3941777777777777,],
[0.4487022222222222,0.5512977777777777,],
[0.5584355555555556,0.4415644444444445,],
[0.5643577777777778,0.4356422222222222,],
[0.6765599999999999,0.32344,],
[0.3805333333333333,0.6194666666666667,],
[0.49966,0.50034,],
[0.4712755555555556,0.5287244444444444,],
[0.4226911111111111,0.577308888888889,],
[0.3776355555555555,0.6223644444444445,],
[0.6093977777777777,0.3906022222222222,],
[0.6574755555555555,0.3425244444444445,],
[0.4802711111111111,0.5197288888888888,],
[0.5811577777777778,0.4188422222222222,],
[0.3730955555555555,0.6269044444444445,],
[0.4222422222222222,0.5777577777777778,],
[0.4042155555555555,0.5957844444444444,],
[0.3392066666666666,0.6607933333333331,],
[0.3866022222222222,0.6133977777777778,],
[0.5932911111111111,0.4067088888888888,],
[0.4464288888888889,0.5535711111111111,],
[0.4990933333333333,0.5009066666666666,],
[0.4816244444444444,0.5183755555555555,],
[0.5005400000000001,0.49946,],
[0.4858066666666667,0.5141933333333334,],
[0.3614311111111111,0.638568888888889,],
[0.5909777777777777,0.4090222222222222,],
[0.4747688888888889,0.5252311111111111,],
[0.5584711111111111,0.4415288888888889,],
[0.4820577777777778,0.5179422222222223,],
[0.6100866666666668,0.3899133333333333,],
[0.5346711111111111,0.4653288888888889,],
[0.4194111111111111,0.5805888888888889,],
[0.3731044444444444,0.6268955555555555,],
[0.5692688888888889,0.4307311111111111,],
[0.4629844444444444,0.5370155555555556,],
[0.50134,0.49866,],
[0.4991488888888889,0.5008511111111111,],
[0.5217177777777777,0.4782822222222222,],
[0.5653133333333333,0.4346866666666667,],
[0.6616177777777776,0.3383822222222222,],
[0.5025333333333333,0.4974666666666667,],
[0.48816,0.51184,],
[0.30322,0.69678,],
[0.4548133333333333,0.5451866666666667,],
[0.44668,0.55332,],
[0.5719822222222223,0.4280177777777778,],
[0.5079444444444444,0.4920555555555556,],
[0.4224288888888889,0.5775711111111113,],
[0.5266666666666666,0.4733333333333333,],
[0.4567555555555556,0.5432444444444444,],
[0.4692133333333333,0.5307866666666666,],
[0.4293133333333333,0.5706866666666667,],
[0.5163444444444444,0.4836555555555556,],
[0.4010866666666666,0.5989133333333333,],
[0.6718022222222222,0.3281977777777778,],
[0.4781488888888889,0.5218511111111112,],
[0.4679933333333334,0.5320066666666667,],
[0.5005733333333334,0.4994266666666666,],
[0.61102,0.38898,],
[0.4523088888888889,0.5476911111111111,],
[0.47118,0.52882,],
[0.5779933333333334,0.4220066666666666,],
[0.4417755555555555,0.5582244444444445,],
[0.5178155555555556,0.4821844444444444,],
[0.6462844444444444,0.3537155555555555,],
[0.4806422222222222,0.5193577777777778,],
[0.53806,0.46194,],
[0.5846466666666666,0.4153533333333334,],
[0.3558444444444444,0.6441555555555556,],
[0.6265333333333333,0.3734666666666667,],
[0.5070022222222221,0.4929977777777778,],
[0.5176777777777778,0.4823222222222222,],
[0.5585733333333334,0.4414266666666666,],
[0.3413466666666666,0.6586533333333333,],
[0.5184444444444444,0.4815555555555556,],
[0.5085777777777777,0.4914222222222222,],
[0.5724822222222223,0.4275177777777778,],
[0.3062422222222222,0.6937577777777778,],
[0.4425977777777778,0.5574022222222222,],
[0.49988,0.50012,],
[0.3674088888888888,0.6325911111111112,],
[0.5017266666666667,0.4982733333333333,],
[0.4118288888888889,0.588171111111111,],
[0.5387888888888889,0.4612111111111112,],
[0.5000511111111111,0.4999488888888889,],
[0.4581577777777778,0.5418422222222222,],
[0.4675244444444444,0.5324755555555556,],
[0.556428888888889,0.4435711111111111,],
[0.3189888888888889,0.681011111111111,],
[0.4736466666666667,0.5263533333333333,],
[0.59552,0.40448,],
[0.5453088888888888,0.4546911111111111,],
[0.6622844444444443,0.3377155555555555,],
[0.5373244444444444,0.4626755555555556,],
[0.6406511111111112,0.3593488888888889,],
[0.5274488888888889,0.4725511111111111,],
[0.4599422222222223,0.5400577777777779,],
[0.5142755555555555,0.4857244444444444,],
[0.3412422222222222,0.6587577777777778,],
[0.4198555555555555,0.5801444444444445,],
[0.595288888888889,0.4047111111111111,],
[0.5004422222222222,0.4995577777777778,],
[0.4751577777777778,0.5248422222222222,],
[0.5424644444444443,0.4575355555555555,],
[0.4867311111111111,0.513268888888889,],
[0.4114444444444444,0.5885555555555555,],
[0.4991266666666667,0.5008733333333334,],
[0.4527377777777778,0.5472622222222222,],
[0.5112577777777778,0.4887422222222222,],
[0.6338688888888889,0.3661311111111111,],
[0.3811022222222222,0.6188977777777778,],
[0.4858711111111111,0.5141288888888889,],
[0.4114888888888888,0.5885111111111111,],
[0.6098866666666667,0.3901133333333333,],
[0.6215311111111111,0.3784688888888889,],
[0.4685288888888889,0.5314711111111112,],
[0.4865155555555556,0.5134844444444444,],
[0.5186911111111111,0.4813088888888889,],
[0.6857955555555555,0.3142044444444445,],
[0.6396866666666668,0.3603133333333334,],
[0.4909355555555556,0.5090644444444444,],
[0.5002555555555557,0.4997444444444445,],
[0.3679844444444444,0.6320155555555557,],
[0.5005111111111111,0.4994888888888889,],
[0.4999955555555555,0.5000044444444445,],
[0.4303066666666666,0.5696933333333334,],
[0.7451999999999999,0.2548,],
[0.4479755555555556,0.5520244444444445,],
[0.4282866666666666,0.5717133333333334,],
[0.4982711111111111,0.5017288888888889,],
[0.6095244444444444,0.3904755555555555,],
[0.3769311111111111,0.6230688888888889,],
[0.3908555555555556,0.6091444444444445,],
[0.4740688888888889,0.5259311111111111,],
[0.5435044444444445,0.4564955555555556,],
[0.4744688888888889,0.5255311111111111,],
[0.4572911111111111,0.5427088888888889,],
[0.3536377777777778,0.6463622222222223,],
[0.5547555555555556,0.4452444444444444,],
[0.6115111111111111,0.3884888888888889,],
[0.4360755555555555,0.5639244444444445,],
[0.4765555555555555,0.5234444444444444,],
[0.5085422222222221,0.4914577777777778,],
[0.3898844444444444,0.6101155555555556,],
[0.4994533333333333,0.5005466666666667,],
[0.3190822222222222,0.6809177777777777,],
[0.411891111111111,0.5881088888888888,],
[0.4197266666666666,0.5802733333333334,],
[0.59572,0.4042799999999999,],
[0.6945266666666667,0.3054733333333333,],
[0.5516355555555554,0.4483644444444445,],
[0.4687066666666667,0.5312933333333334,],
[0.5928288888888888,0.4071711111111111,],
[0.5000022222222222,0.4999977777777778,],
[0.5005955555555556,0.4994044444444444,],
[0.4742244444444444,0.5257755555555556,],
[0.5642,0.4358,],
[0.6116222222222222,0.3883777777777778,],
[0.5008666666666667,0.4991333333333333,],
[0.5000577777777778,0.4999422222222222,],
[0.5815066666666667,0.4184933333333333,],
[0.3746311111111111,0.6253688888888889,],
[0.5680311111111113,0.4319688888888888,],
[0.5247533333333334,0.4752466666666667,],
[0.4863866666666666,0.5136133333333334,],
[0.6262133333333333,0.3737866666666667,],
[0.5690355555555556,0.4309644444444444,],
[0.5381288888888889,0.4618711111111111,],
[0.5760311111111112,0.4239688888888888,],
[0.3893888888888889,0.6106111111111111,],
[0.5779333333333334,0.4220666666666666,],
[0.5284444444444445,0.4715555555555556,],
[0.4623577777777778,0.5376422222222222,],
[0.57106,0.42894,],
[0.3647422222222222,0.6352577777777778,],
[0.6319333333333335,0.3680666666666666,],
[0.5097933333333333,0.4902066666666667,],
[0.4039822222222222,0.5960177777777778,],
[0.4622711111111111,0.5377288888888889,],
[0.5888466666666665,0.4111533333333333,],
[0.5005644444444445,0.4994355555555555,],
[0.5566311111111112,0.4433688888888889,],
[0.3898444444444444,0.6101555555555556,],
[0.576188888888889,0.4238111111111111,],
[0.5248555555555555,0.4751444444444445,],
[0.4568777777777778,0.5431222222222222,],
[0.4706911111111112,0.5293088888888889,],
[0.4213288888888888,0.5786711111111111,],
[0.5992777777777778,0.4007222222222222,],
[0.5984155555555555,0.4015844444444444,],
[0.6145866666666666,0.3854133333333333,],
[0.5796666666666668,0.4203333333333333,],
[0.49978,0.5002200000000001,],
[0.43534,0.5646600000000001,],
[0.4437377777777777,0.5562622222222222,],
[0.6095355555555556,0.3904644444444444,],
[0.6222444444444445,0.3777555555555555,],
[0.6032533333333334,0.3967466666666667,],
[0.5276955555555555,0.4723044444444445,],
[0.5006911111111111,0.4993088888888889,],
[0.3697133333333333,0.6302866666666667,],
[0.4988888888888889,0.5011111111111111,],
[0.3595888888888889,0.6404111111111112,],
[0.4447777777777777,0.5552222222222223,],
[0.46206,0.53794,],
[0.5888422222222222,0.4111577777777778,],
[0.5190111111111112,0.4809888888888889,],
[0.3410866666666666,0.6589133333333334,],
[0.4163733333333333,0.5836266666666666,],
[0.3563111111111111,0.6436888888888889,],
[0.6127066666666666,0.3872933333333333,],
[0.5464733333333334,0.4535266666666667,],
[0.6816777777777778,0.3183222222222222,],
[0.5553755555555556,0.4446244444444444,],
[0.65138,0.3486199999999999,],
[0.5988244444444444,0.4011755555555556,],
[0.4435466666666667,0.5564533333333334,],
[0.6940066666666667,0.3059933333333333,],
[0.5243088888888888,0.4756911111111111,],
[0.4302977777777777,0.5697022222222222,],
[0.5367733333333332,0.4632266666666667,],
[0.5829666666666666,0.4170333333333333,],
[0.3575599999999999,0.64244,],
[0.6087533333333334,0.3912466666666667,],
[0.5092733333333332,0.4907266666666666,],
[0.5393688888888889,0.4606311111111112,],
[0.6608222222222221,0.3391777777777777,],
[0.3197311111111111,0.6802688888888888,],
[0.5884622222222222,0.4115377777777778,],
[0.3892044444444444,0.6107955555555555,],
[0.4919333333333333,0.5080666666666666,],
[0.638448888888889,0.3615511111111111,],
[0.4839133333333334,0.5160866666666666,],
[0.3564266666666667,0.6435733333333333,],
[0.4141622222222222,0.5858377777777778,],
[0.4998177777777777,0.5001822222222223,],
[0.5658577777777778,0.4341422222222223,],
[0.5237733333333333,0.4762266666666666,],
[0.6274933333333332,0.3725066666666666,],
[0.4938977777777778,0.5061022222222221,],
[0.4995711111111111,0.5004288888888889,],
[0.5003755555555556,0.4996244444444445,],
[0.5356177777777776,0.4643822222222223,],
[0.569591111111111,0.4304088888888888,],
[0.5005933333333334,0.4994066666666667,],
[0.4761355555555555,0.5238644444444445,],
[0.4802466666666667,0.5197533333333333,],
[0.4445244444444444,0.5554755555555556,],
[0.3554666666666667,0.6445333333333334,],
[0.37626,0.6237400000000001,],
[0.3906822222222222,0.6093177777777777,],
[0.5764444444444445,0.4235555555555555,],
[0.5323288888888889,0.4676711111111111,],
[0.6401711111111111,0.3598288888888889,],
[0.5104955555555556,0.4895044444444445,],
[0.3823466666666667,0.6176533333333333,],
[0.3233555555555556,0.6766444444444445,],
[0.6102088888888889,0.3897911111111111,],
[0.53632,0.46368,],
[0.5547288888888888,0.4452711111111111,],
[0.6823155555555556,0.3176844444444444,],
[0.3872466666666667,0.6127533333333334,],
[0.5363466666666666,0.4636533333333334,],
[0.4581377777777778,0.5418622222222222,],
[0.5245711111111111,0.4754288888888889,],
[0.5488488888888889,0.4511511111111111,],
[0.4883622222222223,0.5116377777777777,],
[0.3534244444444444,0.6465755555555556,],
[0.5274955555555555,0.4725044444444444,],
[0.4224711111111111,0.577528888888889,],
[0.38918,0.6108199999999999,],
[0.49966,0.50034,],
[0.4157711111111111,0.5842288888888889,],
[0.3561444444444445,0.6438555555555555,],
[0.6589022222222223,0.3410977777777777,],
[0.5203511111111111,0.4796488888888889,],
[0.5768555555555557,0.4231444444444444,],
[0.3595444444444444,0.6404555555555556,],
[0.4747911111111111,0.5252088888888888,],
[0.6840444444444445,0.3159555555555556,],
[0.5757377777777779,0.4242622222222222,],
[0.5756533333333334,0.4243466666666666,],
[0.5070733333333333,0.4929266666666667,],
[0.3911466666666666,0.6088533333333334,],
[0.6120355555555556,0.3879644444444444,],
[0.5618599999999999,0.43814,],
[0.3771644444444444,0.6228355555555556,],
[0.6097066666666666,0.3902933333333333,],
[0.3618088888888889,0.6381911111111112,],
[0.6096555555555555,0.3903444444444444,],
[0.5131822222222222,0.4868177777777778,],
[0.6600822222222221,0.3399177777777777,],
[0.6119444444444444,0.3880555555555556,],
[0.5467577777777778,0.4532422222222222,],
[0.4101399999999999,0.5898599999999999,],
[0.5242777777777776,0.4757222222222222,],
[0.4474444444444444,0.5525555555555556,],
[0.3943155555555555,0.6056844444444444,],
[0.5514111111111111,0.4485888888888889,],
[0.6053266666666666,0.3946733333333333,],
[0.4751244444444445,0.5248755555555555,],
[0.40938,0.59062,],
[0.4984044444444444,0.5015955555555555,],
[0.35862,0.6413800000000001,],
[0.5108488888888889,0.4891511111111111,],
[0.6579244444444444,0.3420755555555555,],
[0.4806866666666667,0.5193133333333334,],
[0.5242111111111111,0.4757888888888889,],
[0.4579977777777778,0.5420022222222222,],
[0.5480622222222222,0.4519377777777778,],
[0.6338555555555556,0.3661444444444444,],
[0.6349733333333334,0.3650266666666666,],
[0.4506222222222223,0.5493777777777777,],
[0.4998933333333334,0.5001066666666667,],
[0.4994311111111111,0.500568888888889,],
[0.6350911111111112,0.3649088888888889,],
[0.4951022222222222,0.5048977777777777,],
[0.5013088888888888,0.4986911111111111,],
[0.4744533333333333,0.5255466666666666,],
[0.6389777777777778,0.3610222222222222,],
[0.6120822222222222,0.3879177777777778,],
[0.5459933333333333,0.4540066666666667,],
[0.5759933333333335,0.4240066666666666,],
[0.3900133333333333,0.6099866666666667,],
[0.4634355555555555,0.5365644444444444,],
[0.3560133333333333,0.6439866666666667,],
[0.5538377777777778,0.4461622222222222,],
[0.4757155555555556,0.5242844444444443,],
[0.4088822222222222,0.5911177777777777,],
[0.4930644444444445,0.5069355555555555,],
[0.3953911111111111,0.604608888888889,],
[0.4999266666666666,0.5000733333333334,],
[0.31514,0.68486,],
[0.5048022222222223,0.4951977777777778,],
[0.3648022222222222,0.6351977777777778,],
[0.6050622222222222,0.3949377777777778,],
[0.5000911111111112,0.4999088888888889,],
[0.6711155555555555,0.3288844444444444,],
[0.6008600000000001,0.39914,],
[0.6192888888888889,0.3807111111111111,],
[0.4793711111111111,0.5206288888888889,],
[0.58074,0.41926,],
[0.4034644444444444,0.5965355555555555,],
[0.3225622222222223,0.6774377777777778,],
[0.6176177777777777,0.3823822222222222,],
[0.54138,0.45862,],
[0.4742977777777778,0.5257022222222222,],
[0.4103288888888889,0.589671111111111,],
[0.4916377777777778,0.5083622222222222,],
[0.4990555555555556,0.5009444444444444,],
[0.6223155555555556,0.3776844444444444,],
[0.4816755555555555,0.5183244444444444,],
[0.6068022222222221,0.3931977777777778,],
[0.5765266666666667,0.4234733333333333,],
[0.5385888888888889,0.4614111111111112,],
[0.3418622222222222,0.6581377777777778,],
[0.4533533333333333,0.5466466666666667,],
[0.4896533333333333,0.5103466666666666,],
[0.6138155555555557,0.3861844444444444,],
[0.4208288888888889,0.5791711111111112,],
[0.5607799999999999,0.43922,],
[0.4031288888888888,0.596871111111111,],
[0.32918,0.6708199999999999,],
[0.6004622222222221,0.3995377777777778,],
[0.3154711111111111,0.6845288888888889,],
[0.5191644444444444,0.4808355555555556,],
[0.5003933333333334,0.4996066666666667,],
[0.6316688888888891,0.3683311111111111,],
[0.5874555555555555,0.4125444444444444,],
[0.5044844444444445,0.4955155555555555,],
[0.4154666666666667,0.5845333333333332,],
[0.6434355555555555,0.3565644444444444,],
[0.5068866666666666,0.4931133333333333,],
[0.3834911111111111,0.6165088888888888,],
[0.4379111111111111,0.5620888888888889,],
[0.3894933333333333,0.6105066666666666,],
[0.5384933333333334,0.4615066666666667,],
[0.6397066666666668,0.3602933333333334,],
[0.4897311111111111,0.5102688888888889,],
[0.3736444444444444,0.6263555555555554,],
[0.5807355555555557,0.4192644444444444,],
[0.3400066666666666,0.6599933333333332,],
[0.4800777777777778,0.5199222222222222,],
[0.5467911111111111,0.4532088888888889,],
[0.38774,0.61226,],
[0.6599333333333333,0.3400666666666666,],
[0.4861111111111111,0.513888888888889,],
[0.4987044444444445,0.5012955555555555,],
[0.4886377777777778,0.5113622222222223,],
[0.531,0.469,],
[0.48452,0.5154799999999999,],
[0.6817377777777778,0.3182622222222222,],
[0.4454511111111111,0.554548888888889,],
[0.4934777777777778,0.5065222222222222,],
[0.6249888888888888,0.3750111111111111,],
[0.4124822222222222,0.5875177777777777,],
[0.3186155555555556,0.6813844444444443,],
[0.4786066666666667,0.5213933333333334,],
[0.4779288888888889,0.522071111111111,],
[0.4985822222222222,0.5014177777777777,],
[0.5184799999999999,0.48152,],
[0.5311888888888889,0.4688111111111112,],
[0.5558977777777778,0.4441022222222222,],
[0.3175022222222222,0.6824977777777776,],
[0.5035711111111111,0.4964288888888889,],
[0.41102,0.5889799999999999,],
[0.5472888888888889,0.4527111111111111,],
[0.4075844444444444,0.5924155555555556,],
[0.4940866666666666,0.5059133333333332,],
[0.6120088888888888,0.3879911111111111,],
[0.534491111111111,0.4655088888888889,],
[0.4654644444444445,0.5345355555555554,],
[0.54678,0.45322,],
[0.5504133333333333,0.4495866666666666,],
[0.572948888888889,0.4270511111111111,],
[0.5294088888888889,0.4705911111111112,],
[0.5261400000000001,0.47386,],
[0.5701933333333334,0.4298066666666667,],
[0.5549844444444444,0.4450155555555556,],
[0.3577844444444444,0.6422155555555555,],
[0.4431822222222223,0.5568177777777779,],
[0.6947133333333333,0.3052866666666667,],
[0.3495755555555556,0.6504244444444446,],
[0.5992622222222221,0.4007377777777777,],
[0.4571577777777778,0.5428422222222222,],
[0.5258688888888889,0.4741311111111111,],
[0.6007622222222222,0.3992377777777777,],
[0.6715311111111111,0.3284688888888889,],
[0.39542,0.60458,],
[0.4482911111111111,0.5517088888888888,],
[0.4553666666666667,0.5446333333333333,],
[0.6120955555555556,0.3879044444444444,],
[0.4984577777777778,0.5015422222222221,],
[0.4091733333333333,0.5908266666666666,],
[0.4756044444444444,0.5243955555555555,],
[0.4438533333333333,0.5561466666666667,],
[0.3553177777777778,0.6446822222222223,],
[0.6599666666666666,0.3400333333333333,],
[0.5390066666666667,0.4609933333333334,],
[0.4606577777777778,0.5393422222222223,],
[0.3172933333333333,0.6827066666666667,],
[0.5526311111111111,0.4473688888888889,],
[0.4080777777777777,0.5919222222222222,],
[0.3719755555555555,0.6280244444444445,],
[0.6451488888888889,0.3548511111111111,],
[0.6501222222222224,0.3498777777777778,],
[0.55056,0.44944,],
[0.5880022222222221,0.4119977777777777,],
[0.5008177777777778,0.4991822222222222,],
[0.5880888888888888,0.4119111111111111,],
[0.3061288888888889,0.6938711111111111,],
[0.5874266666666665,0.4125733333333333,],
[0.5379355555555555,0.4620644444444445,],
[0.5504866666666667,0.4495133333333334,],
[0.6383377777777778,0.3616622222222223,],
[0.4192311111111111,0.580768888888889,],
[0.6266022222222223,0.3733977777777778,],
[0.42876,0.5712400000000001,],
[0.5524888888888888,0.4475111111111111,],
[0.3465777777777778,0.6534222222222222,],
[0.5716955555555556,0.4283044444444444,],
[0.6625622222222222,0.3374377777777778,],
[0.3945888888888889,0.6054111111111111,],
[0.5571066666666667,0.4428933333333333,],
[0.6946911111111111,0.3053088888888889,],
[0.6585222222222221,0.3414777777777778,],
[0.5190600000000001,0.48094,],
[0.5821866666666667,0.4178133333333333,],
[0.3730799999999999,0.62692,],
[0.4275044444444445,0.5724955555555556,],
[0.44886,0.55114,],
[0.349,0.651,],
[0.4017288888888889,0.598271111111111,],
[0.4421466666666667,0.5578533333333334,],
[0.5174022222222222,0.4825977777777778,],
[0.5072244444444444,0.4927755555555556,],
[0.3748,0.6252,],
[0.6645333333333333,0.3354666666666666,],
[0.4096377777777778,0.5903622222222221,],
[0.4904577777777778,0.5095422222222221,],
[0.4534133333333333,0.5465866666666667,],
[0.4995311111111111,0.500468888888889,],
[0.4998355555555555,0.5001644444444445,],
[0.4991155555555555,0.5008844444444445,],
[0.53586,0.46414,],
[0.4854777777777778,0.5145222222222222,],
[0.5375422222222223,0.4624577777777777,],
[0.4303066666666666,0.5696933333333334,],
[0.6123800000000001,0.38762,],
[0.4394666666666666,0.5605333333333333,],
[0.6148377777777777,0.3851622222222222,],
[0.4200288888888889,0.5799711111111112,],
[0.5142377777777778,0.4857622222222222,],
[0.3625377777777777,0.6374622222222223,],
[0.4885266666666667,0.5114733333333333,],
[0.4289888888888889,0.5710111111111111,],
[0.4071466666666667,0.5928533333333333,],
[0.4478622222222222,0.5521377777777777,],
[0.5561088888888889,0.4438911111111111,],
[0.6819088888888889,0.3180911111111112,],
[0.5504755555555556,0.4495244444444444,],
[0.5603622222222222,0.4396377777777777,],
[0.5895333333333334,0.4104666666666666,],
[0.5145111111111111,0.4854888888888889,],
[0.4760888888888888,0.5239111111111111,],
[0.6171711111111111,0.3828288888888889,],
[0.4040422222222222,0.5959577777777777,],
[0.5820333333333334,0.4179666666666667,],
[0.5012244444444444,0.4987755555555555,],
[0.3879133333333333,0.6120866666666667,],
[0.54814,0.45186,],
[0.5009555555555555,0.4990444444444445,],
[0.4985533333333333,0.5014466666666667,],
[0.36774,0.63226,],
[0.5087155555555556,0.4912844444444444,],
[0.4268888888888889,0.5731111111111111,],
[0.46338,0.53662,],
[0.6176955555555556,0.3823044444444444,],
[0.4998977777777778,0.5001022222222222,],
[0.5745155555555556,0.4254844444444444,],
[0.4240822222222222,0.575917777777778,],
[0.6090466666666666,0.3909533333333334,],
[0.3777022222222222,0.6222977777777778,],
[0.4450488888888889,0.5549511111111111,],
[0.3172711111111111,0.6827288888888888,],
[0.5719111111111111,0.4280888888888889,],
[0.5501488888888889,0.4498511111111111,],
[0.5000511111111111,0.4999488888888889,],
[0.3691666666666666,0.6308333333333335,],
[0.5002088888888889,0.4997911111111111,],
[0.4097377777777778,0.5902622222222221,],
[0.5243733333333332,0.4756266666666666,],
[0.4989911111111111,0.5010088888888888,],
[0.6588822222222223,0.3411177777777777,],
[0.5140466666666667,0.4859533333333333,],
[0.3874822222222222,0.6125177777777778,],
[0.6770377777777778,0.3229622222222223,],
[0.56862,0.43138,],
[0.5248666666666666,0.4751333333333334,],
[0.5109222222222223,0.4890777777777778,],
[0.5475888888888889,0.4524111111111112,],
[0.6005577777777777,0.3994422222222223,],
[0.6499000000000001,0.3501,],
[0.3046044444444445,0.6953955555555557,],
[0.5807088888888889,0.4192911111111111,],
[0.3738622222222222,0.6261377777777778,],
[0.5065355555555555,0.4934644444444445,],
[0.4544377777777778,0.5455622222222223,],
[0.3870511111111111,0.612948888888889,],
[0.5659911111111112,0.4340088888888889,],
[0.33056,0.6694399999999999,],
[0.5519511111111112,0.4480488888888889,],
[0.3791977777777777,0.6208022222222223,],
[0.4214333333333333,0.5785666666666667,],
[0.4236155555555555,0.5763844444444445,],
[0.4197288888888888,0.5802711111111112,],
[0.4046822222222222,0.5953177777777778,],
[0.4024155555555555,0.5975844444444445,],
[0.53876,0.46124,],
[0.6576488888888888,0.3423511111111111,],
[0.4817488888888888,0.5182511111111111,],
[0.5730933333333333,0.4269066666666667,],
[0.4923,0.5077,],
[0.5894644444444445,0.4105355555555555,],
[0.4924088888888889,0.5075911111111111,],
[0.5179133333333333,0.4820866666666667,],
[0.31378,0.6862200000000001,],
[0.4678466666666667,0.5321533333333334,],
[0.5123800000000001,0.4876200000000001,],
[0.5328799999999999,0.46712,],
[0.4386733333333334,0.5613266666666666,],
[0.5003133333333334,0.4996866666666667,],
[0.6116377777777777,0.3883622222222222,],
[0.5621066666666666,0.4378933333333334,],
[0.6425,0.3575,],
[0.4162266666666666,0.5837733333333334,],
[0.3372977777777778,0.6627022222222222,],
[0.4283533333333333,0.5716466666666667,],
[0.5758266666666668,0.4241733333333333,],
[0.3899777777777777,0.6100222222222222,],
[0.4732488888888889,0.5267511111111111,],
[0.4994355555555555,0.5005644444444445,],
[0.4111577777777778,0.5888422222222222,],
[0.4868222222222222,0.5131777777777778,],
[0.49914,0.5008600000000001,],
[0.4991333333333333,0.5008666666666667,],
[0.3908311111111111,0.6091688888888889,],
[0.4455222222222223,0.5544777777777778,],
[0.31778,0.6822199999999999,],
[0.3866044444444444,0.6133955555555556,],
[0.4537755555555555,0.5462244444444445,],
[0.6388311111111112,0.3611688888888889,],
[0.4603933333333334,0.5396066666666667,],
[0.4893177777777778,0.5106822222222221,],
[0.4533222222222222,0.5466777777777778,],
[0.3883288888888889,0.6116711111111111,],
[0.4383666666666667,0.5616333333333333,],
[0.6819533333333333,0.3180466666666667,],
[0.5447266666666666,0.4552733333333334,],
[0.4993777777777778,0.5006222222222222,],
[0.5406200000000001,0.45938,],
[0.3540377777777778,0.6459622222222223,],
[0.5401311111111112,0.4598688888888889,],
[0.2971844444444445,0.7028155555555556,],
[0.4569311111111112,0.5430688888888888,],
[0.4742488888888889,0.5257511111111111,],
[0.5007155555555556,0.4992844444444444,],
[0.48202,0.51798,],
[0.3416311111111111,0.6583688888888889,],
[0.4436755555555555,0.5563244444444445,],
[0.6926088888888889,0.3073911111111111,],
[0.3998688888888889,0.6001311111111112,],
[0.6514799999999999,0.3485199999999999,],
[0.4210622222222222,0.5789377777777778,],
[0.5034577777777778,0.4965422222222222,],
[0.3238155555555556,0.6761844444444445,],
[0.3829333333333333,0.6170666666666667,],
[0.4690711111111111,0.5309288888888889,],
[0.3902555555555555,0.6097444444444444,],
[0.5009666666666667,0.4990333333333334,],
[0.3366399999999999,0.6633599999999999,],
[0.5015577777777777,0.4984422222222222,],
[0.4993822222222222,0.5006177777777778,],
[0.5810155555555556,0.4189844444444444,],
[0.59666,0.4033399999999999,],
[0.6376911111111112,0.3623088888888888,],
[0.4845555555555555,0.5154444444444444,],
[0.4272911111111111,0.5727088888888889,],
[0.50784,0.49216,],
[0.3664266666666666,0.6335733333333332,],
[0.5205288888888889,0.4794711111111111,],
[0.4534644444444444,0.5465355555555556,],
[0.4214288888888888,0.578571111111111,],
[0.4482644444444445,0.5517355555555555,],
[0.5921622222222223,0.4078377777777777,],
[0.4274266666666666,0.5725733333333335,],
[0.6016377777777777,0.3983622222222222,],
[0.4863222222222222,0.5136777777777779,],
[0.4420155555555556,0.5579844444444445,],
[0.5174133333333332,0.4825866666666667,],
[0.4193911111111111,0.580608888888889,],
[0.37452,0.62548,],
[0.4091822222222222,0.5908177777777777,],
[0.5248222222222222,0.4751777777777778,],
[0.4990911111111111,0.5009088888888888,],
[0.5654155555555556,0.4345844444444444,],
[0.5255266666666666,0.4744733333333334,],
[0.4574933333333334,0.5425066666666666,],
[0.5954777777777778,0.4045222222222222,],
[0.4201644444444444,0.5798355555555555,],
[0.4768977777777778,0.5231022222222221,],
[0.4345266666666667,0.5654733333333334,],
[0.4994222222222222,0.5005777777777778,],
[0.4763888888888889,0.5236111111111111,],
[0.4334155555555556,0.5665844444444446,],
[0.6125644444444445,0.3874355555555555,],
[0.54664,0.45336,],
[0.5386066666666667,0.4613933333333334,],
[0.4116088888888889,0.5883911111111111,],
[0.3975733333333333,0.6024266666666667,],
[0.6703577777777777,0.3296422222222222,],
[0.5832733333333333,0.4167266666666666,],
[0.4154777777777778,0.5845222222222223,],
[0.35748,0.64252,],
[0.4174155555555555,0.5825844444444445,],
[0.63146,0.3685399999999999,],
[0.4989666666666667,0.5010333333333333,],
[0.5056044444444444,0.4943955555555555,],
[0.4134799999999999,0.58652,],
[0.6339333333333333,0.3660666666666667,],
[0.5832688888888888,0.4167311111111111,],
[0.6610488888888888,0.3389511111111111,],
[0.5400333333333334,0.4599666666666667,],
[0.3848155555555555,0.6151844444444444,],
[0.4643911111111111,0.5356088888888888,],
[0.5014777777777777,0.4985222222222222,],
[0.6456288888888889,0.3543711111111111,],
[0.4440266666666666,0.5559733333333333,],
[0.4992888888888889,0.5007111111111111,],
[0.4294244444444444,0.5705755555555556,],
[0.45108,0.5489200000000001,],
[0.5253066666666666,0.4746933333333334,],
[0.5896844444444443,0.4103155555555555,],
[0.4855866666666666,0.5144133333333333,],
[0.5326266666666667,0.4673733333333333,],
[0.3980022222222223,0.6019977777777779,],
[0.5338733333333334,0.4661266666666667,],
[0.6415555555555555,0.3584444444444445,],
[0.5822933333333333,0.4177066666666666,],
[0.4517377777777778,0.5482622222222222,],
[0.5122577777777778,0.4877422222222222,],
[0.3399977777777777,0.6600022222222222,],
[0.46076,0.5392400000000001,],
[0.4488844444444444,0.5511155555555556,],
[0.4081355555555555,0.5918644444444445,],
[0.6847488888888889,0.3152511111111111,],
[0.4803377777777778,0.5196622222222222,],
[0.4593555555555556,0.5406444444444446,],
[0.4826288888888889,0.5173711111111111,],
[0.4418777777777778,0.5581222222222223,],
[0.5164755555555555,0.4835244444444444,],
[0.4537777777777778,0.5462222222222223,],
[0.6710644444444444,0.3289355555555556,],
[0.3991888888888889,0.6008111111111111,],
[0.6528888888888889,0.3471111111111111,],
[0.5604511111111111,0.4395488888888889,],
[0.6453622222222223,0.3546377777777778,],
[0.55466,0.44534,],
[0.6108266666666666,0.3891733333333333,],
[0.5077222222222223,0.4922777777777778,],
[0.5004088888888889,0.4995911111111112,],
[0.5064888888888889,0.4935111111111111,],
[0.3739933333333333,0.6260066666666667,],
[0.6130022222222222,0.3869977777777778,],
[0.5474422222222223,0.4525577777777778,],
[0.4441688888888888,0.5558311111111111,],
[0.3186866666666667,0.6813133333333332,],
[0.5808911111111111,0.4191088888888889,],
[0.4476888888888889,0.5523111111111111,],
[0.5469511111111112,0.4530488888888889,],
[0.5653577777777778,0.4346422222222222,],
[0.5719466666666667,0.4280533333333333,],
[0.5510888888888889,0.4489111111111111,],
[0.4632555555555556,0.5367444444444445,],
[0.4310644444444444,0.5689355555555555,],
[0.4155644444444445,0.5844355555555555,],
[0.3535444444444444,0.6464555555555557,],
[0.42068,0.5793200000000001,],
[0.470588888888889,0.5294111111111112,],
[0.6267377777777777,0.3732622222222222,],
[0.4288266666666666,0.5711733333333333,],
[0.5190377777777778,0.4809622222222222,],
[0.3145622222222222,0.6854377777777778,],
[0.5556911111111111,0.4443088888888889,],
[0.3968177777777778,0.6031822222222223,],
[0.5368955555555556,0.4631044444444445,],
[0.4306022222222222,0.5693977777777778,],
[0.4856822222222222,0.5143177777777778,],
[0.5784888888888889,0.4215111111111111,],
[0.4994377777777778,0.5005622222222222,],
[0.6336577777777778,0.3663422222222222,],
[0.5875822222222221,0.4124177777777777,],
[0.5395066666666668,0.4604933333333334,],
[0.6597755555555556,0.3402244444444444,],
[0.50532,0.49468,],
[0.6255999999999999,0.3744,],
[0.3372,0.6627999999999998,],
[0.4979222222222223,0.5020777777777777,],
[0.4476266666666667,0.5523733333333334,],
[0.4083222222222221,0.5916777777777777,],
[0.4321177777777778,0.5678822222222224,],
[0.4751266666666667,0.5248733333333333,],
[0.4078933333333333,0.5921066666666667,],
[0.4487844444444444,0.5512155555555556,],
[0.4764755555555555,0.5235244444444445,],
[0.43542,0.5645800000000001,],
[0.3372422222222222,0.6627577777777777,],
[0.5014799999999999,0.49852,],
[0.4991711111111111,0.5008288888888889,],
[0.4895533333333333,0.5104466666666666,],
[0.6394200000000001,0.36058,],
[0.4923955555555555,0.5076044444444444,],
[0.4265577777777777,0.5734422222222223,],
[0.5272288888888889,0.4727711111111111,],
[0.5775733333333334,0.4224266666666666,],
[0.3403488888888889,0.6596511111111111,],
[0.4818177777777777,0.5181822222222222,],
[0.4988488888888888,0.5011511111111111,],
[0.3892044444444444,0.6107955555555555,],
[0.5354377777777778,0.4645622222222223,],
[0.4199266666666667,0.5800733333333333,],
[0.3850222222222222,0.6149777777777776,],
[0.5881488888888888,0.4118511111111111,],
[0.4221266666666667,0.5778733333333335,],
[0.4772,0.5228,],
[0.4758444444444444,0.5241555555555555,],
[0.3428088888888889,0.6571911111111111,],
[0.4758022222222222,0.5241977777777778,],
[0.4608933333333334,0.5391066666666666,],
[0.3388733333333334,0.6611266666666666,],
[0.5015733333333332,0.4984266666666667,],
[0.5021177777777778,0.4978822222222223,],
[0.5272266666666666,0.4727733333333334,],
[0.4885911111111111,0.5114088888888889,],
[0.5483866666666667,0.4516133333333333,],
[0.5813355555555556,0.4186644444444444,],
[0.3731377777777777,0.6268622222222222,],
[0.4988266666666666,0.5011733333333334,],
[0.4937377777777778,0.5062622222222222,],
];;
