nc_marginals := [
[0.5191688888888889,0.4808311111111111,],
[0.5672844444444445,0.4327155555555555,],
[0.50188,0.49812,],
[0.5432111111111111,0.4567888888888889,],
[0.4240711111111111,0.575928888888889,],
[0.5070133333333332,0.4929866666666667,],
[0.5227111111111111,0.4772888888888889,],
[0.4863466666666666,0.5136533333333334,],
[0.5507066666666667,0.4492933333333333,],
[0.4742422222222222,0.5257577777777778,],
[0.3240177777777778,0.6759822222222223,],
[0.5005822222222223,0.4994177777777777,],
[0.62042,0.37958,],
[0.4331088888888889,0.5668911111111112,],
[0.5364377777777778,0.4635622222222222,],
[0.5231266666666666,0.4768733333333333,],
[0.5183866666666667,0.4816133333333333,],
[0.6014622222222222,0.3985377777777777,],
[0.4356555555555555,0.5643444444444445,],
[0.5828666666666666,0.4171333333333333,],
[0.6035044444444445,0.3964955555555555,],
[0.5843888888888888,0.4156111111111111,],
[0.5011088888888889,0.4988911111111111,],
[0.4862044444444444,0.5137955555555556,],
[0.4959311111111111,0.5040688888888889,],
[0.5702466666666668,0.4297533333333334,],
[0.4963088888888889,0.5036911111111111,],
[0.4873888888888889,0.5126111111111111,],
[0.5543111111111112,0.4456888888888889,],
[0.5312488888888889,0.4687511111111111,],
[0.3612511111111111,0.6387488888888889,],
[0.3436022222222223,0.6563977777777777,],
[0.5967266666666666,0.4032733333333333,],
[0.3949177777777778,0.6050822222222222,],
[0.4239088888888889,0.5760911111111112,],
[0.32484,0.67516,],
[0.5033933333333334,0.4966066666666667,],
[0.5018511111111111,0.4981488888888889,],
[0.6136488888888889,0.3863511111111111,],
[0.4112288888888889,0.5887711111111111,],
[0.5019155555555556,0.4980844444444444,],
[0.5575244444444445,0.4424755555555555,],
[0.5973955555555555,0.4026044444444444,],
[0.5068111111111111,0.4931888888888889,],
[0.4263999999999999,0.5736000000000001,],
[0.5011488888888889,0.4988511111111111,],
[0.5013622222222222,0.4986377777777777,],
[0.5254377777777777,0.4745622222222223,],
[0.3911022222222222,0.6088977777777778,],
[0.4008777777777777,0.5991222222222221,],
[0.41544,0.5845599999999999,],
[0.3221466666666666,0.6778533333333333,],
[0.5044133333333334,0.4955866666666667,],
[0.5440711111111112,0.4559288888888889,],
[0.4019199999999999,0.5980799999999999,],
[0.5013355555555555,0.4986644444444444,],
[0.4320622222222222,0.5679377777777779,],
[0.3520711111111111,0.647928888888889,],
[0.4566622222222222,0.5433377777777777,],
[0.5896111111111111,0.4103888888888889,],
[0.4522955555555556,0.5477044444444445,],
[0.5528866666666666,0.4471133333333334,],
[0.5019555555555556,0.4980444444444445,],
[0.5453688888888889,0.4546311111111112,],
[0.4944488888888889,0.5055511111111111,],
[0.5002911111111112,0.4997088888888889,],
[0.5609644444444445,0.4390355555555556,],
[0.3686466666666666,0.6313533333333333,],
[0.5021266666666666,0.4978733333333334,],
[0.39172,0.6082799999999999,],
[0.6528777777777778,0.3471222222222223,],
[0.5015088888888888,0.4984911111111111,],
[0.6503044444444445,0.3496955555555555,],
[0.5305933333333334,0.4694066666666667,],
[0.6466511111111112,0.3533488888888889,],
[0.4360911111111111,0.5639088888888889,],
[0.3997844444444444,0.6002155555555555,],
[0.64228,0.3577199999999999,],
[0.6063955555555555,0.3936044444444444,],
[0.5384311111111112,0.4615688888888889,],
[0.4541244444444444,0.5458755555555554,],
[0.5073933333333333,0.4926066666666667,],
[0.6035133333333333,0.3964866666666667,],
[0.6119155555555555,0.3880844444444445,],
[0.4300733333333334,0.5699266666666667,],
[0.5662733333333334,0.4337266666666667,],
[0.4183555555555555,0.5816444444444445,],
[0.4960244444444444,0.5039755555555555,],
[0.4930377777777778,0.5069622222222221,],
[0.6409,0.3591,],
[0.3982511111111111,0.6017488888888889,],
[0.548788888888889,0.4512111111111112,],
[0.6705199999999999,0.32948,],
[0.5919088888888889,0.4080911111111111,],
[0.5277155555555555,0.4722844444444445,],
[0.7168088888888888,0.2831911111111111,],
[0.5232222222222223,0.4767777777777777,],
[0.5975444444444444,0.4024555555555556,],
[0.3859266666666666,0.6140733333333334,],
[0.4609622222222223,0.5390377777777777,],
[0.5051355555555556,0.4948644444444444,],
[0.3215777777777777,0.6784222222222221,],
[0.5239466666666666,0.4760533333333333,],
[0.5086066666666667,0.4913933333333333,],
[0.50942,0.49058,],
[0.4945688888888889,0.5054311111111111,],
[0.3517000000000001,0.6483,],
[0.6341866666666667,0.3658133333333333,],
[0.4794577777777778,0.5205422222222221,],
[0.2987266666666666,0.7012733333333333,],
[0.5256911111111111,0.4743088888888889,],
[0.4798711111111111,0.520128888888889,],
[0.6492622222222223,0.3507377777777778,],
[0.5626066666666667,0.4373933333333333,],
[0.3008933333333333,0.6991066666666667,],
[0.5924088888888889,0.4075911111111111,],
[0.4371466666666667,0.5628533333333333,],
[0.5019244444444445,0.4980755555555555,],
[0.5294555555555556,0.4705444444444445,],
[0.6922777777777778,0.3077222222222222,],
[0.5011622222222223,0.4988377777777778,],
[0.47446,0.5255399999999999,],
[0.353151111111111,0.6468488888888889,],
[0.4990488888888889,0.500951111111111,],
[0.6340044444444445,0.3659955555555555,],
[0.5024711111111111,0.4975288888888889,],
[0.5019422222222223,0.4980577777777778,],
[0.5309955555555556,0.4690044444444445,],
[0.3940711111111111,0.6059288888888887,],
[0.5555111111111112,0.4444888888888889,],
[0.4916888888888889,0.5083111111111109,],
[0.3445199999999999,0.65548,],
[0.6224733333333334,0.3775266666666666,],
[0.4460333333333333,0.5539666666666666,],
[0.4969555555555555,0.5030444444444445,],
[0.6775088888888889,0.3224911111111111,],
[0.4527933333333334,0.5472066666666667,],
[0.6519977777777778,0.3480022222222223,],
[0.5687422222222223,0.4312577777777777,],
[0.5027933333333333,0.4972066666666667,],
[0.3493511111111111,0.6506488888888889,],
[0.5438644444444445,0.4561355555555556,],
[0.4209577777777778,0.5790422222222222,],
[0.3224399999999999,0.6775599999999999,],
[0.4043244444444444,0.5956755555555555,],
[0.5106155555555555,0.4893844444444445,],
[0.5477777777777778,0.4522222222222222,],
[0.6620066666666665,0.3379933333333334,],
[0.4493111111111111,0.5506888888888889,],
[0.4343222222222223,0.5656777777777779,],
[0.5011244444444445,0.4988755555555555,],
[0.5272444444444444,0.4727555555555556,],
[0.5467000000000001,0.4533,],
[0.4238644444444444,0.5761355555555556,],
[0.3249444444444445,0.6750555555555555,],
[0.5021599999999999,0.4978400000000001,],
[0.5049822222222222,0.4950177777777778,],
[0.5799933333333332,0.4200066666666666,],
[0.45672,0.54328,],
[0.3431466666666667,0.6568533333333333,],
[0.3615644444444445,0.6384355555555556,],
[0.4850933333333333,0.5149066666666665,],
[0.4713377777777777,0.5286622222222223,],
[0.5318466666666668,0.4681533333333334,],
[0.4262866666666666,0.5737133333333335,],
[0.4855,0.5145,],
[0.5117644444444444,0.4882355555555556,],
[0.3455866666666667,0.6544133333333334,],
[0.4273022222222222,0.5726977777777779,],
[0.6121155555555555,0.3878844444444444,],
[0.4127399999999999,0.58726,],
[0.4691244444444445,0.5308755555555555,],
[0.3724133333333333,0.6275866666666666,],
[0.3626444444444444,0.6373555555555557,],
[0.5913266666666667,0.4086733333333333,],
[0.5090911111111112,0.4909088888888889,],
[0.6263488888888888,0.373651111111111,],
[0.4717000000000001,0.5283,],
[0.6336911111111111,0.3663088888888889,],
[0.5600955555555556,0.4399044444444444,],
[0.4923866666666666,0.5076133333333334,],
[0.5873844444444444,0.4126155555555555,],
[0.5529888888888889,0.4470111111111111,],
[0.5315977777777779,0.4684022222222223,],
[0.6177622222222222,0.3822377777777777,],
[0.4896711111111111,0.5103288888888888,],
[0.4896155555555555,0.5103844444444444,],
[0.3038911111111111,0.6961088888888889,],
[0.4333866666666666,0.5666133333333334,],
[0.4507822222222223,0.5492177777777778,],
[0.4560555555555556,0.5439444444444445,],
[0.3434444444444444,0.6565555555555556,],
[0.3688088888888889,0.631191111111111,],
[0.3766244444444444,0.6233755555555556,],
[0.5013488888888888,0.4986511111111111,],
[0.4532777777777777,0.5467222222222222,],
[0.4745777777777778,0.5254222222222221,],
[0.6329466666666667,0.3670533333333333,],
[0.5001022222222222,0.4998977777777778,],
[0.5365622222222222,0.4634377777777778,],
[0.6753777777777777,0.3246222222222223,],
[0.3762199999999999,0.62378,],
[0.5316066666666668,0.4683933333333334,],
[0.6320866666666667,0.3679133333333333,],
[0.4950488888888889,0.504951111111111,],
[0.3898244444444445,0.6101755555555556,],
[0.5233422222222223,0.4766577777777777,],
[0.563288888888889,0.4367111111111111,],
[0.4887422222222222,0.5112577777777778,],
[0.4552422222222223,0.5447577777777777,],
[0.507751111111111,0.4922488888888889,],
[0.3348044444444443,0.6651955555555555,],
[0.4794977777777777,0.5205022222222223,],
[0.3541177777777778,0.6458822222222222,],
[0.4209933333333333,0.5790066666666667,],
[0.5693133333333333,0.4306866666666667,],
[0.3721488888888889,0.627851111111111,],
[0.4850733333333333,0.5149266666666665,],
[0.6046666666666667,0.3953333333333333,],
[0.4762755555555556,0.5237244444444443,],
[0.6242088888888888,0.375791111111111,],
[0.57108,0.42892,],
[0.52956,0.47044,],
[0.5028266666666666,0.4971733333333334,],
[0.4634666666666667,0.5365333333333333,],
[0.5009977777777778,0.4990022222222222,],
[0.5023822222222222,0.4976177777777778,],
[0.5011688888888889,0.4988311111111111,],
[0.4541911111111111,0.5458088888888889,],
[0.50978,0.49022,],
[0.3646955555555556,0.6353044444444444,],
[0.4767422222222222,0.5232577777777778,],
[0.56028,0.4397199999999999,],
[0.3678066666666666,0.6321933333333334,],
[0.4902422222222222,0.5097577777777778,],
[0.6387755555555557,0.3612244444444445,],
[0.4456222222222222,0.5543777777777779,],
[0.5273088888888889,0.4726911111111111,],
[0.6408533333333334,0.3591466666666667,],
[0.4530688888888889,0.5469311111111111,],
[0.3926622222222222,0.6073377777777776,],
[0.5148822222222221,0.4851177777777778,],
[0.5540911111111111,0.4459088888888889,],
[0.4724577777777778,0.5275422222222222,],
[0.6205333333333334,0.3794666666666667,],
[0.3287133333333333,0.6712866666666666,],
[0.4629466666666666,0.5370533333333334,],
[0.3864844444444444,0.6135155555555557,],
[0.3912644444444444,0.6087355555555556,],
[0.6533511111111112,0.3466488888888889,],
[0.5075266666666667,0.4924733333333334,],
[0.6442511111111112,0.3557488888888889,],
[0.3936955555555555,0.6063044444444443,],
[0.5153222222222221,0.4846777777777778,],
[0.4188888888888889,0.5811111111111111,],
[0.5183311111111111,0.4816688888888889,],
[0.4226977777777777,0.5773022222222224,],
[0.3950822222222222,0.6049177777777778,],
[0.5015133333333333,0.4984866666666667,],
[0.5989355555555556,0.4010644444444444,],
[0.5566022222222223,0.4433977777777778,],
[0.3827377777777777,0.6172622222222222,],
[0.4362266666666666,0.5637733333333333,],
[0.529931111111111,0.4700688888888889,],
[0.55284,0.44716,],
[0.5762066666666668,0.4237933333333333,],
[0.6672044444444445,0.3327955555555555,],
[0.3522577777777778,0.6477422222222222,],
[0.4135133333333333,0.5864866666666667,],
[0.3319977777777777,0.6680022222222223,],
[0.4746533333333333,0.5253466666666666,],
[0.5297177777777777,0.4702822222222223,],
[0.6498511111111113,0.3501488888888889,],
[0.4619955555555555,0.5380044444444444,],
[0.3850399999999999,0.61496,],
[0.6227200000000001,0.37728,],
[0.5706,0.4293999999999999,],
[0.5968866666666666,0.4031133333333333,],
[0.5052288888888888,0.4947711111111111,],
[0.5910644444444445,0.4089355555555555,],
[0.3750711111111111,0.6249288888888889,],
[0.4913933333333333,0.5086066666666667,],
[0.5887955555555555,0.4112044444444444,],
[0.5025333333333333,0.4974666666666667,],
[0.4917866666666667,0.5082133333333333,],
[0.5235488888888888,0.476451111111111,],
[0.5694111111111112,0.4305888888888889,],
[0.6516688888888889,0.3483311111111111,],
[0.44184,0.55816,],
[0.6786066666666666,0.3213933333333333,],
[0.6213444444444445,0.3786555555555555,],
[0.4335644444444445,0.5664355555555556,],
[0.5584355555555556,0.4415644444444445,],
[0.5643577777777778,0.4356422222222222,],
[0.5925444444444443,0.4074555555555555,],
[0.4136244444444444,0.5863755555555555,],
[0.5022777777777778,0.4977222222222222,],
[0.4822133333333333,0.5177866666666666,],
[0.4492466666666667,0.5507533333333333,],
[0.3607511111111111,0.6392488888888889,],
[0.5876999999999999,0.4122999999999999,],
[0.6490533333333335,0.3509466666666666,],
[0.4794066666666667,0.5205933333333334,],
[0.5912244444444444,0.4087755555555555,],
[0.3619622222222222,0.6380377777777777,],
[0.4222422222222222,0.5777577777777778,],
[0.4042155555555555,0.5957844444444444,],
[0.3392066666666666,0.6607933333333331,],
[0.3866022222222222,0.6133977777777778,],
[0.6152999999999998,0.3847,],
[0.4243822222222222,0.5756177777777778,],
[0.5021555555555556,0.4978444444444445,],
[0.4816244444444444,0.5183755555555555,],
[0.5022755555555556,0.4977244444444445,],
[0.4615822222222223,0.5384177777777779,],
[0.3868933333333333,0.6131066666666667,],
[0.5939955555555556,0.4060044444444444,],
[0.45444,0.54556,],
[0.5452622222222223,0.4547377777777778,],
[0.4956200000000001,0.5043800000000001,],
[0.5737688888888889,0.4262311111111111,],
[0.5399622222222222,0.4600377777777778,],
[0.4161444444444444,0.5838555555555556,],
[0.4000466666666667,0.5999533333333333,],
[0.5672555555555556,0.4327444444444444,],
[0.4359222222222222,0.5640777777777778,],
[0.5026288888888888,0.4973711111111112,],
[0.5012888888888888,0.4987111111111111,],
[0.5507666666666666,0.4492333333333333,],
[0.5268244444444444,0.4731755555555556,],
[0.6920400000000001,0.30796,],
[0.5321311111111112,0.4678688888888889,],
[0.48816,0.51184,],
[0.30322,0.69678,],
[0.4548133333333333,0.5451866666666667,],
[0.44668,0.55332,],
[0.5827844444444444,0.4172155555555555,],
[0.5380088888888889,0.4619911111111111,],
[0.4242311111111111,0.575768888888889,],
[0.5442777777777777,0.4557222222222223,],
[0.4567555555555556,0.5432444444444444,],
[0.4692133333333333,0.5307866666666666,],
[0.4541355555555556,0.5458644444444444,],
[0.55392,0.44608,],
[0.3624488888888889,0.6375511111111112,],
[0.712448888888889,0.2875511111111111,],
[0.4781488888888889,0.5218511111111112,],
[0.4679933333333334,0.5320066666666667,],
[0.5019044444444445,0.4980955555555556,],
[0.620608888888889,0.3793911111111111,],
[0.4115866666666667,0.5884133333333333,],
[0.4917511111111111,0.5082488888888889,],
[0.5554466666666668,0.4445533333333334,],
[0.45526,0.5447399999999999,],
[0.5077933333333333,0.4922066666666667,],
[0.6462844444444444,0.3537155555555555,],
[0.4806422222222222,0.5193577777777778,],
[0.53806,0.46194,],
[0.5585,0.4415,],
[0.3681,0.6319000000000001,],
[0.6062799999999999,0.39372,],
[0.52896,0.47104,],
[0.4909355555555556,0.5090644444444444,],
[0.5275866666666666,0.4724133333333334,],
[0.3717644444444444,0.6282355555555557,],
[0.5117911111111111,0.4882088888888889,],
[0.5391933333333333,0.4608066666666667,],
[0.5834488888888888,0.4165511111111111,],
[0.2555644444444445,0.7444355555555554,],
[0.4402044444444444,0.5597955555555555,],
[0.5023533333333333,0.4976466666666667,],
[0.3520755555555555,0.6479244444444445,],
[0.4947777777777778,0.5052222222222221,],
[0.4051955555555555,0.5948044444444444,],
[0.5404044444444445,0.4595955555555555,],
[0.5024866666666666,0.4975133333333334,],
[0.4581577777777778,0.5418422222222222,],
[0.4675244444444444,0.5324755555555556,],
[0.568228888888889,0.4317711111111111,],
[0.3208066666666667,0.6791933333333332,],
[0.4736466666666667,0.5263533333333333,],
[0.59552,0.40448,],
[0.5453088888888888,0.4546911111111111,],
[0.6622844444444443,0.3377155555555555,],
[0.5373244444444444,0.4626755555555556,],
[0.6406511111111112,0.3593488888888889,],
[0.5274488888888889,0.4725511111111111,],
[0.4599422222222223,0.5400577777777779,],
[0.5442933333333333,0.4557066666666667,],
[0.3503511111111111,0.6496488888888889,],
[0.40866,0.59134,],
[0.577017777777778,0.4229822222222221,],
[0.501191111111111,0.4988088888888889,],
[0.4384844444444444,0.5615155555555555,],
[0.5913755555555554,0.4086244444444444,],
[0.5063622222222222,0.4936377777777778,],
[0.4077133333333333,0.5922866666666666,],
[0.5022533333333333,0.4977466666666667,],
[0.4407088888888889,0.5592911111111112,],
[0.5012044444444443,0.4987955555555555,],
[0.6338688888888889,0.3661311111111111,],
[0.3811022222222222,0.6188977777777778,],
[0.5069977777777777,0.4930022222222222,],
[0.4095155555555555,0.5904844444444444,],
[0.6154377777777778,0.3845622222222222,],
[0.6004088888888889,0.3995911111111111,],
[0.4359733333333333,0.5640266666666667,],
[0.4770733333333333,0.5229266666666667,],
[0.5152399999999999,0.48476,],
[0.6677955555555555,0.3322044444444444,],
[0.6398377777777778,0.3601622222222223,],
[0.4523444444444445,0.5476555555555556,],
[0.5016333333333333,0.4983666666666667,],
[0.3525733333333333,0.6474266666666667,],
[0.4941288888888888,0.505871111111111,],
[0.50144,0.49856,],
[0.4303066666666666,0.5696933333333334,],
[0.7451999999999999,0.2548,],
[0.4685622222222223,0.5314377777777779,],
[0.4403644444444444,0.5596355555555556,],
[0.5280866666666667,0.4719133333333334,],
[0.6111555555555556,0.3888444444444444,],
[0.3833555555555555,0.6166444444444444,],
[0.3912088888888889,0.6087911111111111,],
[0.4380533333333334,0.5619466666666666,],
[0.5916355555555555,0.4083644444444444,],
[0.5084688888888889,0.4915311111111111,],
[0.4811977777777777,0.5188022222222222,],
[0.3715377777777777,0.6284622222222223,],
[0.5687666666666668,0.4312333333333333,],
[0.5891999999999998,0.4108,],
[0.40118,0.5988199999999999,],
[0.4765555555555555,0.5234444444444444,],
[0.5251755555555555,0.4748244444444444,],
[0.3916133333333333,0.6083866666666666,],
[0.5021066666666666,0.4978933333333334,],
[0.3190822222222222,0.6809177777777777,],
[0.411891111111111,0.5881088888888888,],
[0.4067911111111111,0.5932088888888889,],
[0.5773377777777779,0.4226622222222222,],
[0.6945266666666667,0.3054733333333333,],
[0.5516355555555554,0.4483644444444445,],
[0.4687066666666667,0.5312933333333334,],
[0.5928288888888888,0.4071711111111111,],
[0.5017911111111111,0.4982088888888889,],
[0.5033288888888889,0.4966711111111111,],
[0.4742244444444444,0.5257755555555556,],
[0.5198044444444444,0.4801955555555555,],
[0.6034311111111111,0.3965688888888889,],
[0.5017933333333333,0.4982066666666667,],
[0.5015866666666666,0.4984133333333333,],
[0.5911866666666666,0.4088133333333333,],
[0.3628288888888889,0.6371711111111111,],
[0.6143711111111112,0.3856288888888889,],
[0.5329688888888888,0.4670311111111111,],
[0.4863866666666666,0.5136133333333334,],
[0.6262133333333333,0.3737866666666667,],
[0.5826933333333333,0.4173066666666666,],
[0.5398533333333334,0.4601466666666666,],
[0.5613533333333334,0.4386466666666667,],
[0.3687,0.6313,],
[0.5687266666666667,0.4312733333333333,],
[0.5203355555555556,0.4796644444444445,],
[0.4339488888888889,0.5660511111111112,],
[0.5653866666666667,0.4346133333333334,],
[0.3647422222222222,0.6352577777777778,],
[0.6319333333333335,0.3680666666666666,],
[0.5097933333333333,0.4902066666666667,],
[0.4039822222222222,0.5960177777777778,],
[0.4546044444444445,0.5453955555555555,],
[0.6054488888888888,0.3945511111111111,],
[0.5019111111111111,0.4980888888888889,],
[0.5566311111111112,0.4433688888888889,],
[0.36872,0.63128,],
[0.5618799999999999,0.43812,],
[0.5077022222222223,0.4922977777777778,],
[0.4538644444444444,0.5461355555555556,],
[0.4836088888888889,0.516391111111111,],
[0.4503155555555555,0.5496844444444445,],
[0.5992777777777778,0.4007222222222222,],
[0.5984155555555555,0.4015844444444444,],
[0.6343466666666666,0.3656533333333333,],
[0.5589844444444445,0.4410155555555556,],
[0.5019644444444444,0.4980355555555556,],
[0.43534,0.5646600000000001,],
[0.4437377777777777,0.5562622222222222,],
[0.6148733333333333,0.3851266666666666,],
[0.6009044444444445,0.3990955555555555,],
[0.6032533333333334,0.3967466666666667,],
[0.5276955555555555,0.4723044444444445,],
[0.5093799999999999,0.49062,],
[0.4038222222222221,0.5961777777777778,],
[0.5102177777777778,0.4897822222222222,],
[0.3675533333333333,0.6324466666666667,],
[0.4513155555555556,0.5486844444444445,],
[0.4531555555555555,0.5468444444444445,],
[0.6036333333333334,0.3963666666666667,],
[0.5110511111111111,0.4889488888888889,],
[0.3707222222222222,0.6292777777777778,],
[0.4192533333333333,0.5807466666666667,],
[0.3553977777777778,0.6446022222222222,],
[0.5998711111111111,0.4001288888888889,],
[0.5573377777777778,0.4426622222222222,],
[0.6649955555555556,0.3350044444444444,],
[0.5762422222222223,0.4237577777777777,],
[0.6614088888888888,0.3385911111111111,],
[0.5764244444444445,0.4235755555555555,],
[0.4468333333333334,0.5531666666666667,],
[0.7059288888888888,0.2940711111111111,],
[0.5243088888888888,0.4756911111111111,],
[0.4163911111111111,0.5836088888888888,],
[0.53408,0.4659200000000001,],
[0.5584088888888888,0.4415911111111112,],
[0.3668577777777777,0.6331422222222223,],
[0.5799777777777778,0.4200222222222222,],
[0.5044466666666667,0.4955533333333333,],
[0.5690000000000001,0.4309999999999999,],
[0.6521733333333334,0.3478266666666667,],
[0.3629088888888889,0.6370911111111112,],
[0.5807955555555556,0.4192044444444444,],
[0.3455533333333333,0.6544466666666667,],
[0.4964244444444444,0.5035755555555556,],
[0.6603622222222222,0.3396377777777778,],
[0.5211111111111111,0.4788888888888889,],
[0.3558266666666667,0.6441733333333334,],
[0.4208933333333333,0.5791066666666667,],
[0.5021822222222222,0.4978177777777778,],
[0.5263888888888889,0.4736111111111111,],
[0.5524222222222221,0.4475777777777777,],
[0.6179911111111112,0.3820088888888888,],
[0.4892644444444444,0.5107355555555555,],
[0.5024799999999999,0.49752,],
[0.5028177777777777,0.4971822222222222,],
[0.5387200000000001,0.46128,],
[0.581728888888889,0.4182711111111111,],
[0.5034200000000001,0.49658,],
[0.4761355555555555,0.5238644444444445,],
[0.4802466666666667,0.5197533333333333,],
[0.4556155555555556,0.5443844444444444,],
[0.3438733333333333,0.6561266666666666,],
[0.3845888888888889,0.615411111111111,],
[0.3909933333333333,0.6090066666666666,],
[0.5764444444444445,0.4235555555555555,],
[0.5323288888888889,0.4676711111111111,],
[0.64584,0.35416,],
[0.505831111111111,0.4941688888888889,],
[0.4046177777777777,0.5953822222222223,],
[0.2986288888888888,0.7013711111111112,],
[0.5735444444444445,0.4264555555555555,],
[0.5391266666666666,0.4608733333333334,],
[0.5772555555555556,0.4227444444444444,],
[0.6637733333333333,0.3362266666666666,],
[0.3450355555555555,0.6549644444444445,],
[0.5204511111111112,0.4795488888888889,],
[0.4537911111111111,0.546208888888889,],
[0.5059755555555555,0.4940244444444444,],
[0.565968888888889,0.4340311111111111,],
[0.4299555555555555,0.5700444444444445,],
[0.3534244444444444,0.6465755555555556,],
[0.5274955555555555,0.4725044444444444,],
[0.4265266666666666,0.5734733333333334,],
[0.3441311111111111,0.6558688888888888,],
[0.5020355555555556,0.4979644444444445,],
[0.4187533333333333,0.5812466666666667,],
[0.3543911111111111,0.6456088888888889,],
[0.6335355555555555,0.3664644444444444,],
[0.4993577777777777,0.5006422222222222,],
[0.5768555555555557,0.4231444444444444,],
[0.3595444444444444,0.6404555555555556,],
[0.4747911111111111,0.5252088888888888,],
[0.6840444444444445,0.3159555555555556,],
[0.5757377777777779,0.4242622222222222,],
[0.5756533333333334,0.4243466666666666,],
[0.5249044444444444,0.4750955555555556,],
[0.3916488888888889,0.6083511111111111,],
[0.6028533333333332,0.3971466666666667,],
[0.5210777777777778,0.4789222222222222,],
[0.3610266666666667,0.6389733333333334,],
[0.5878555555555555,0.4121444444444444,],
[0.3618088888888889,0.6381911111111112,],
[0.6096555555555555,0.3903444444444444,],
[0.49046,0.5095399999999999,],
[0.6378288888888889,0.3621711111111111,],
[0.5954466666666667,0.4045533333333333,],
[0.5591622222222223,0.4408377777777778,],
[0.4013133333333333,0.5986866666666667,],
[0.5425066666666666,0.4574933333333334,],
[0.4361644444444444,0.5638355555555555,],
[0.3833555555555555,0.6166444444444444,],
[0.6289933333333333,0.3710066666666667,],
[0.6691133333333332,0.3308866666666666,],
[0.4608844444444445,0.5391155555555556,],
[0.3855155555555555,0.6144844444444444,],
[0.5026355555555555,0.4973644444444444,],
[0.3982555555555555,0.6017444444444444,],
[0.4613244444444445,0.5386755555555556,],
[0.6490022222222224,0.3509977777777778,],
[0.4777822222222222,0.5222177777777778,],
[0.5076288888888889,0.4923711111111111,],
[0.4527044444444445,0.5472955555555556,],
[0.5480622222222222,0.4519377777777778,],
[0.6338555555555556,0.3661444444444444,],
[0.6349733333333334,0.3650266666666666,],
[0.4506222222222223,0.5493777777777777,],
[0.5027466666666666,0.4972533333333334,],
[0.5021066666666666,0.4978933333333334,],
[0.6350911111111112,0.3649088888888889,],
[0.4951022222222222,0.5048977777777777,],
[0.5022688888888889,0.4977311111111111,],
[0.4744533333333333,0.5255466666666666,],
[0.6389777777777778,0.3610222222222222,],
[0.5974488888888888,0.4025511111111111,],
[0.5584733333333334,0.4415266666666667,],
[0.5622377777777778,0.4377622222222222,],
[0.3679622222222221,0.6320377777777778,],
[0.4634355555555555,0.5365644444444444,],
[0.3560133333333333,0.6439866666666667,],
[0.5538377777777778,0.4461622222222222,],
[0.4630266666666666,0.5369733333333333,],
[0.3873644444444444,0.6126355555555556,],
[0.4930644444444445,0.5069355555555555,],
[0.3953911111111111,0.604608888888889,],
[0.5021377777777778,0.4978622222222223,],
[0.31514,0.68486,],
[0.5048022222222223,0.4951977777777778,],
[0.3648022222222222,0.6351977777777778,],
[0.6050622222222222,0.3949377777777778,],
[0.5020177777777778,0.4979822222222223,],
[0.6673133333333333,0.3326866666666666,],
[0.6033733333333333,0.3966266666666667,],
[0.6192888888888889,0.3807111111111111,],
[0.4793711111111111,0.5206288888888889,],
[0.5485066666666667,0.4514933333333334,],
[0.41112,0.5888799999999998,],
[0.3451888888888888,0.6548111111111111,],
[0.6353711111111111,0.3646288888888888,],
[0.590271111111111,0.4097288888888889,],
[0.4392977777777778,0.5607022222222221,],
[0.4103288888888889,0.589671111111111,],
[0.4916377777777778,0.5083622222222222,],
[0.5023355555555555,0.4976644444444445,],
[0.6223155555555556,0.3776844444444444,],
[0.4816755555555555,0.5183244444444444,],
[0.6068022222222221,0.3931977777777778,],
[0.5765266666666667,0.4234733333333333,],
[0.5385888888888889,0.4614111111111112,],
[0.3418622222222222,0.6581377777777778,],
[0.4547822222222223,0.5452177777777778,],
[0.4763355555555555,0.5236644444444444,],
[0.6226844444444445,0.3773155555555555,],
[0.4123977777777777,0.5876022222222221,],
[0.5607799999999999,0.43922,],
[0.4031288888888888,0.596871111111111,],
[0.3441555555555555,0.6558444444444445,],
[0.5467622222222223,0.4532377777777778,],
[0.30302,0.6969799999999999,],
[0.4889266666666667,0.5110733333333334,],
[0.5080022222222222,0.4919977777777778,],
[0.6146244444444444,0.3853755555555555,],
[0.5315355555555556,0.4684644444444445,],
[0.5019844444444445,0.4980155555555556,],
[0.4001755555555556,0.5998244444444445,],
[0.6424977777777777,0.3575022222222222,],
[0.5068866666666666,0.4931133333333333,],
[0.3834911111111111,0.6165088888888888,],
[0.4141533333333333,0.5858466666666666,],
[0.3881066666666667,0.6118933333333333,],
[0.5384933333333334,0.4615066666666667,],
[0.6412644444444445,0.3587355555555555,],
[0.4529955555555555,0.5470044444444444,],
[0.3626533333333333,0.6373466666666667,],
[0.5899844444444443,0.4100155555555555,],
[0.36704,0.63296,],
[0.4747711111111111,0.5252288888888889,],
[0.5903933333333332,0.4096066666666666,],
[0.3478555555555556,0.6521444444444445,],
[0.65424,0.34576,],
[0.4315444444444444,0.5684555555555556,],
[0.5032644444444444,0.4967355555555556,],
[0.4830688888888889,0.5169311111111111,],
[0.5470422222222222,0.4529577777777778,],
[0.48452,0.5154799999999999,],
[0.6645911111111111,0.3354088888888888,],
[0.4494444444444444,0.5505555555555556,],
[0.4872666666666666,0.5127333333333334,],
[0.6179377777777778,0.3820622222222222,],
[0.4387755555555556,0.5612244444444444,],
[0.3446399999999999,0.6553599999999999,],
[0.4786066666666667,0.5213933333333334,],
[0.4779288888888889,0.522071111111111,],
[0.4985822222222222,0.5014177777777777,],
[0.5184799999999999,0.48152,],
[0.525151111111111,0.4748488888888889,],
[0.5678377777777779,0.4321622222222222,],
[0.3208644444444445,0.6791355555555555,],
[0.5277488888888888,0.4722511111111112,],
[0.4461622222222222,0.5538377777777778,],
[0.5472888888888889,0.4527111111111111,],
[0.4075844444444444,0.5924155555555556,],
[0.4940866666666666,0.5059133333333332,],
[0.5744288888888889,0.4255711111111111,],
[0.53798,0.46202,],
[0.4654644444444445,0.5345355555555554,],
[0.54678,0.45322,],
[0.5588777777777779,0.4411222222222222,],
[0.5901977777777777,0.4098022222222222,],
[0.5294088888888889,0.4705911111111112,],
[0.5325088888888888,0.4674911111111111,],
[0.615411111111111,0.3845888888888889,],
[0.6106333333333334,0.3893666666666666,],
[0.3730288888888889,0.6269711111111111,],
[0.4455222222222223,0.5544777777777778,],
[0.7068066666666667,0.2931933333333334,],
[0.3298377777777777,0.6701622222222221,],
[0.6220711111111111,0.3779288888888889,],
[0.4528488888888889,0.5471511111111111,],
[0.5067933333333333,0.4932066666666667,],
[0.6029933333333334,0.3970066666666667,],
[0.6675022222222222,0.3324977777777778,],
[0.3820977777777778,0.6179022222222222,],
[0.4378733333333333,0.5621266666666667,],
[0.4135222222222222,0.5864777777777779,],
[0.6205644444444445,0.3794355555555555,],
[0.50162,0.49838,],
[0.3846133333333333,0.6153866666666665,],
[0.4609355555555557,0.5390644444444445,],
[0.4564933333333334,0.5435066666666667,],
[0.3440355555555555,0.6559644444444444,],
[0.6517822222222222,0.3482177777777777,],
[0.5697822222222222,0.4302177777777778,],
[0.4606577777777778,0.5393422222222223,],
[0.3172933333333333,0.6827066666666667,],
[0.5832022222222222,0.4167977777777777,],
[0.4354222222222222,0.5645777777777778,],
[0.3719755555555555,0.6280244444444445,],
[0.6451488888888889,0.3548511111111111,],
[0.6501222222222224,0.3498777777777778,],
[0.55056,0.44944,],
[0.5880022222222221,0.4119977777777777,],
[0.5008177777777778,0.4991822222222222,],
[0.5880888888888888,0.4119111111111111,],
[0.3061288888888889,0.6938711111111111,],
[0.5709466666666666,0.4290533333333333,],
[0.5579866666666667,0.4420133333333333,],
[0.5504866666666667,0.4495133333333334,],
[0.6383377777777778,0.3616622222222223,],
[0.4134799999999999,0.58652,],
[0.613488888888889,0.3865111111111111,],
[0.3756044444444444,0.6243955555555555,],
[0.5916822222222222,0.4083177777777777,],
[0.3465777777777778,0.6534222222222222,],
[0.5716955555555556,0.4283044444444444,],
[0.6625622222222222,0.3374377777777778,],
[0.3945888888888889,0.6054111111111111,],
[0.5885555555555555,0.4114444444444444,],
[0.7256333333333332,0.2743666666666667,],
[0.6335266666666666,0.3664733333333333,],
[0.4989711111111111,0.5010288888888889,],
[0.5899577777777777,0.4100422222222221,],
[0.3616022222222223,0.6383977777777778,],
[0.44014,0.55986,],
[0.4708622222222223,0.5291377777777778,],
[0.3691066666666666,0.6308933333333334,],
[0.37608,0.6239199999999999,],
[0.45304,0.54696,],
[0.5081955555555555,0.4918044444444444,],
[0.5156755555555556,0.4843244444444444,],
[0.3925266666666667,0.6074733333333333,],
[0.6645333333333333,0.3354666666666666,],
[0.4096377777777778,0.5903622222222221,],
[0.4746888888888889,0.5253111111111111,],
[0.45336,0.54664,],
[0.5022911111111111,0.4977088888888889,],
[0.5010733333333334,0.4989266666666667,],
[0.5028177777777777,0.4971822222222222,],
[0.53586,0.46414,],
[0.4854777777777778,0.5145222222222222,],
[0.5340111111111111,0.465988888888889,],
[0.4167666666666666,0.5832333333333333,],
[0.5883844444444444,0.4116155555555555,],
[0.4022133333333333,0.5977866666666666,],
[0.6231822222222223,0.3768177777777778,],
[0.4130111111111111,0.5869888888888889,],
[0.4583177777777778,0.5416822222222222,],
[0.2821755555555556,0.7178244444444444,],
[0.5057155555555555,0.4942844444444444,],
[0.4521555555555555,0.5478444444444445,],
[0.4051466666666667,0.5948533333333332,],
[0.4482622222222222,0.5517377777777778,],
[0.5760022222222223,0.4239977777777778,],
[0.665471111111111,0.3345288888888888,],
[0.5504755555555556,0.4495244444444444,],
[0.5603622222222222,0.4396377777777777,],
[0.6491888888888889,0.3508111111111111,],
[0.5252044444444444,0.4747955555555555,],
[0.4787244444444444,0.5212755555555556,],
[0.6335577777777777,0.3664422222222222,],
[0.4113066666666667,0.5886933333333333,],
[0.5470422222222222,0.4529577777777778,],
[0.50206,0.49794,],
[0.34682,0.6531800000000001,],
[0.5920888888888889,0.4079111111111111,],
[0.5029111111111111,0.4970888888888889,],
[0.5100288888888889,0.4899711111111111,],
[0.4055088888888888,0.5944911111111111,],
[0.4974155555555556,0.5025844444444445,],
[0.4051444444444444,0.5948555555555555,],
[0.46338,0.53662,],
[0.6176955555555556,0.3823044444444444,],
[0.5023844444444444,0.4976155555555556,],
[0.5745155555555556,0.4254844444444444,],
[0.4240822222222222,0.575917777777778,],
[0.5877777777777776,0.4122222222222222,],
[0.3615777777777778,0.6384222222222223,],
[0.4351555555555555,0.5648444444444445,],
[0.3045911111111111,0.695408888888889,],
[0.5899177777777778,0.4100822222222222,],
[0.55998,0.44002,],
[0.4944133333333333,0.5055866666666666,],
[0.3539466666666667,0.6460533333333333,],
[0.5023311111111111,0.4976688888888889,],
[0.4006355555555555,0.5993644444444444,],
[0.54306,0.4569400000000001,],
[0.5025844444444445,0.4974155555555556,],
[0.6385644444444446,0.3614355555555556,],
[0.4905,0.5095,],
[0.3874822222222222,0.6125177777777778,],
[0.6770377777777778,0.3229622222222223,],
[0.6151399999999999,0.3848599999999999,],
[0.5310488888888889,0.4689511111111112,],
[0.5311399999999999,0.4688600000000001,],
[0.5553400000000001,0.44466,],
[0.575408888888889,0.4245911111111111,],
[0.6625733333333332,0.3374266666666667,],
[0.2867844444444445,0.7132155555555556,],
[0.5819955555555556,0.4180044444444443,],
[0.3915022222222223,0.6084977777777777,],
[0.5150266666666666,0.4849733333333333,],
[0.4425822222222222,0.5574177777777778,],
[0.4192244444444444,0.5807755555555556,],
[0.5659911111111112,0.4340088888888889,],
[0.33056,0.6694399999999999,],
[0.5519511111111112,0.4480488888888889,],
[0.3791977777777777,0.6208022222222223,],
[0.4214333333333333,0.5785666666666667,],
[0.4236155555555555,0.5763844444444445,],
[0.3904822222222222,0.6095177777777778,],
[0.3539711111111111,0.6460288888888889,],
[0.4024155555555555,0.5975844444444445,],
[0.53876,0.46124,],
[0.6498577777777779,0.3501422222222222,],
[0.4800688888888889,0.5199311111111111,],
[0.5663733333333333,0.4336266666666667,],
[0.48866,0.51134,],
[0.5894644444444445,0.4105355555555555,],
[0.4924088888888889,0.5075911111111111,],
[0.4904733333333334,0.5095266666666666,],
[0.30396,0.69604,],
[0.4979822222222223,0.5020177777777778,],
[0.5076133333333334,0.4923866666666666,],
[0.5328799999999999,0.46712,],
[0.4386733333333334,0.5613266666666666,],
[0.502651111111111,0.497348888888889,],
[0.6035511111111111,0.3964488888888889,],
[0.5188311111111111,0.4811688888888888,],
[0.6430333333333333,0.3569666666666667,],
[0.3991,0.6009,],
[0.3372977777777778,0.6627022222222222,],
[0.4283533333333333,0.5716466666666667,],
[0.5610844444444445,0.4389155555555556,],
[0.3688422222222222,0.6311577777777778,],
[0.4732488888888889,0.5267511111111111,],
[0.5022066666666667,0.4977933333333334,],
[0.4081822222222221,0.5918177777777778,],
[0.5063777777777777,0.4936222222222222,],
[0.5020844444444444,0.4979155555555556,],
[0.4528644444444445,0.5471355555555556,],
[0.4275044444444445,0.5724955555555556,],
[0.4350799999999999,0.56492,],
[0.3064822222222223,0.6935177777777778,],
[0.4181711111111111,0.581828888888889,],
[0.4435555555555556,0.5564444444444445,],
[0.6388311111111112,0.3611688888888889,],
[0.4603933333333334,0.5396066666666667,],
[0.4745711111111112,0.5254288888888888,],
[0.4532977777777777,0.5467022222222222,],
[0.3887155555555555,0.6112844444444444,],
[0.4139422222222222,0.5860577777777778,],
[0.6819533333333333,0.3180466666666667,],
[0.5447266666666666,0.4552733333333334,],
[0.5016688888888888,0.4983311111111112,],
[0.5406200000000001,0.45938,],
[0.3540377777777778,0.6459622222222223,],
[0.5401311111111112,0.4598688888888889,],
[0.2971844444444445,0.7028155555555556,],
[0.48132,0.5186799999999999,],
[0.5079844444444445,0.4920155555555555,],
[0.5024333333333333,0.4975666666666667,],
[0.4743755555555556,0.5256244444444444,],
[0.3666888888888888,0.633311111111111,],
[0.4470866666666667,0.5529133333333334,],
[0.7053355555555556,0.2946644444444444,],
[0.3909955555555555,0.6090044444444443,],
[0.6525577777777778,0.3474422222222223,],
[0.4210622222222222,0.5789377777777778,],
[0.5034577777777778,0.4965422222222222,],
[0.2989977777777778,0.7010022222222223,],
[0.4046222222222222,0.5953777777777778,],
[0.4690711111111111,0.5309288888888889,],
[0.3885022222222222,0.6114977777777778,],
[0.4780933333333333,0.5219066666666667,],
[0.3353688888888888,0.6646311111111111,],
[0.4783444444444444,0.5216555555555557,],
[0.5025066666666667,0.4974933333333333,],
[0.6131866666666667,0.3868133333333333,],
[0.6028666666666667,0.3971333333333333,],
[0.6594866666666667,0.3405133333333333,],
[0.5205000000000001,0.4795,],
[0.4031155555555554,0.5968844444444443,],
[0.4988933333333333,0.5011066666666667,],
[0.3664266666666666,0.6335733333333332,],
[0.5205288888888889,0.4794711111111111,],
[0.4534644444444444,0.5465355555555556,],
[0.4214288888888888,0.578571111111111,],
[0.4244733333333334,0.5755266666666667,],
[0.615031111111111,0.3849688888888889,],
[0.4274266666666666,0.5725733333333335,],
[0.6016377777777777,0.3983622222222222,],
[0.4863222222222222,0.5136777777777779,],
[0.4552733333333334,0.5447266666666666,],
[0.5084866666666666,0.4915133333333334,],
[0.4159244444444444,0.5840755555555556,],
[0.4009022222222222,0.5990977777777777,],
[0.4016533333333333,0.5983466666666666,],
[0.5433933333333333,0.4566066666666667,],
[0.5020022222222222,0.4979977777777778,],
[0.5654155555555556,0.4345844444444444,],
[0.5075466666666666,0.4924533333333334,],
[0.4531,0.5469000000000001,],
[0.5785400000000001,0.4214599999999999,],
[0.4064488888888889,0.5935511111111111,],
[0.4418977777777777,0.5581022222222223,],
[0.43446,0.56554,],
[0.50292,0.49708,],
[0.4407577777777777,0.5592422222222223,],
[0.4330533333333333,0.5669466666666667,],
[0.5975555555555555,0.4024444444444444,],
[0.5575933333333334,0.4424066666666667,],
[0.5415822222222222,0.4584177777777778,],
[0.4058488888888889,0.5941511111111112,],
[0.3975733333333333,0.6024266666666667,],
[0.6703577777777777,0.3296422222222222,],
[0.5832733333333333,0.4167266666666666,],
[0.4154777777777778,0.5845222222222223,],
[0.3548933333333333,0.6451066666666667,],
[0.4185133333333333,0.5814866666666667,],
[0.6465222222222223,0.3534777777777778,],
[0.5294533333333333,0.4705466666666667,],
[0.5274555555555556,0.4725444444444445,],
[0.4451222222222223,0.5548777777777778,],
[0.6339333333333333,0.3660666666666667,],
[0.5832688888888888,0.4167311111111111,],
[0.6515177777777778,0.3484822222222222,],
[0.5695244444444444,0.4304755555555555,],
[0.3848155555555555,0.6151844444444444,],
[0.4643911111111111,0.5356088888888888,],
[0.5027177777777777,0.4972822222222223,],
[0.70198,0.29802,],
[0.4327822222222222,0.5672177777777778,],
[0.5027866666666666,0.4972133333333333,],
[0.4408244444444444,0.5591755555555556,],
[0.4704311111111111,0.529568888888889,],
[0.4862777777777778,0.5137222222222222,],
[0.576288888888889,0.423711111111111,],
[0.48382,0.51618,],
[0.5462688888888889,0.4537311111111111,],
[0.3980022222222223,0.6019977777777779,],
[0.5338733333333334,0.4661266666666667,],
[0.5773911111111113,0.4226088888888888,],
[0.54708,0.45292,],
[0.4417222222222222,0.5582777777777779,],
[0.5000600000000001,0.49994,],
[0.3314799999999999,0.66852,],
[0.4755644444444445,0.5244355555555554,],
[0.4481933333333333,0.5518066666666667,],
[0.4043444444444443,0.5956555555555555,],
[0.7174888888888888,0.2825111111111111,],
[0.4328844444444444,0.5671155555555557,],
[0.4593555555555556,0.5406444444444446,],
[0.4725288888888889,0.5274711111111111,],
[0.4081844444444443,0.5918155555555555,],
[0.5164755555555555,0.4835244444444444,],
[0.4537777777777778,0.5462222222222223,],
[0.7124355555555556,0.2875644444444445,],
[0.3610266666666667,0.6389733333333334,],
[0.6528888888888889,0.3471111111111111,],
[0.5604511111111111,0.4395488888888889,],
[0.649728888888889,0.3502711111111111,],
[0.5311777777777777,0.4688222222222223,],
[0.5803577777777779,0.4196422222222222,],
[0.5053688888888889,0.4946311111111111,],
[0.5024444444444444,0.4975555555555556,],
[0.5143622222222222,0.4856377777777778,],
[0.3924666666666666,0.6075333333333333,],
[0.5976444444444443,0.4023555555555555,],
[0.55842,0.44158,],
[0.4360644444444444,0.5639355555555556,],
[0.3048066666666666,0.6951933333333333,],
[0.5808911111111111,0.4191088888888889,],
[0.4476888888888889,0.5523111111111111,],
[0.5469511111111112,0.4530488888888889,],
[0.5653577777777778,0.4346422222222222,],
[0.5917622222222222,0.4082377777777777,],
[0.5615066666666666,0.4384933333333333,],
[0.4515400000000001,0.5484600000000001,],
[0.4338488888888889,0.5661511111111112,],
[0.4155644444444445,0.5844355555555555,],
[0.3535444444444444,0.6464555555555557,],
[0.4502977777777777,0.5497022222222223,],
[0.4826333333333334,0.5173666666666666,],
[0.6267377777777777,0.3732622222222222,],
[0.4288266666666666,0.5711733333333333,],
[0.4891066666666666,0.5108933333333333,],
[0.3034177777777777,0.6965822222222222,],
[0.5556911111111111,0.4443088888888889,],
[0.3968177777777778,0.6031822222222223,],
[0.5320111111111111,0.4679888888888889,],
[0.4174799999999999,0.58252,],
[0.4856822222222222,0.5143177777777778,],
[0.5784888888888889,0.4215111111111111,],
[0.5014688888888889,0.4985311111111111,],
[0.6336577777777778,0.3663422222222222,],
[0.5875822222222221,0.4124177777777777,],
[0.5704777777777779,0.4295222222222222,],
[0.6524422222222223,0.3475577777777778,],
[0.5282333333333333,0.4717666666666667,],
[0.607891111111111,0.3921088888888889,],
[0.3235333333333333,0.6764666666666667,],
[0.4738044444444444,0.5261955555555555,],
[0.4488444444444444,0.5511555555555555,],
[0.4064555555555556,0.5935444444444444,],
[0.4260222222222221,0.5739777777777779,],
[0.5050688888888889,0.4949311111111111,],
[0.4039755555555555,0.5960244444444445,],
[0.4483866666666667,0.5516133333333333,],
[0.44118,0.5588200000000001,],
[0.4335022222222222,0.5664977777777778,],
[0.3356488888888888,0.664351111111111,],
[0.4788755555555555,0.5211244444444445,],
[0.5010133333333333,0.4989866666666667,],
[0.4527111111111111,0.5472888888888889,],
[0.6390822222222223,0.3609177777777778,],
[0.4960422222222222,0.5039577777777777,],
[0.3799022222222222,0.6200977777777777,],
[0.5188844444444445,0.4811155555555555,],
[0.5663488888888889,0.4336511111111111,],
[0.3666977777777777,0.6333022222222222,],
[0.4750222222222222,0.5249777777777778,],
[0.5019911111111112,0.4980088888888889,],
[0.3443044444444445,0.6556955555555555,],
[0.5195622222222223,0.4804377777777777,],
[0.4369644444444444,0.5630355555555555,],
[0.3692066666666666,0.6307933333333334,],
[0.5881488888888888,0.4118511111111111,],
[0.4221266666666667,0.5778733333333335,],
[0.4772,0.5228,],
[0.4758444444444444,0.5241555555555555,],
[0.3428088888888889,0.6571911111111111,],
[0.4758022222222222,0.5241977777777778,],
[0.4753666666666667,0.5246333333333333,],
[0.3321377777777777,0.6678622222222222,],
[0.5027822222222221,0.4972177777777778,],
[0.5021177777777778,0.4978822222222223,],
[0.5272266666666666,0.4727733333333334,],
[0.4305422222222222,0.5694577777777777,],
[0.566748888888889,0.4332511111111111,],
[0.5898511111111111,0.4101488888888888,],
[0.3619155555555555,0.6380844444444445,],
[0.4988266666666666,0.5011733333333334,],
[0.4937377777777778,0.5062622222222222,],
];;
