block_marginals := [
[0.5347777777777778,0.4652222222222222,],
[0.5090511111111111,0.4909488888888889,],
[0.5022666666666666,0.4977333333333334,],
[0.3345333333333333,0.6654666666666665,],
[0.4953488888888889,0.5046511111111111,],
[0.5615622222222222,0.4384377777777778,],
[0.4868088888888889,0.5131911111111112,],
[0.4155955555555555,0.5844044444444444,],
[0.6280688888888889,0.371931111111111,],
[0.5248355555555555,0.4751644444444444,],
[0.4515488888888889,0.5484511111111112,],
[0.5056444444444443,0.4943555555555555,],
[0.4592266666666667,0.5407733333333333,],
[0.6611222222222222,0.3388777777777778,],
[0.3895533333333333,0.6104466666666666,],
[0.6514377777777778,0.3485622222222222,],
[0.5165599999999999,0.48344,],
[0.4433622222222223,0.5566377777777779,],
[0.5306200000000001,0.4693800000000001,],
[0.3489266666666667,0.6510733333333334,],
[0.4917333333333334,0.5082666666666666,],
[0.5087777777777778,0.4912222222222222,],
[0.5025222222222222,0.4974777777777779,],
[0.3117555555555555,0.6882444444444443,],
[0.5044711111111111,0.4955288888888889,],
[0.4172111111111111,0.5827888888888889,],
[0.5071022222222221,0.4928977777777778,],
[0.5573688888888889,0.4426311111111111,],
[0.4910977777777777,0.5089022222222221,],
[0.552711111111111,0.4472888888888889,],
[0.5945422222222222,0.4054577777777778,],
[0.45542,0.54458,],
[0.3685466666666666,0.6314533333333334,],
[0.4396711111111111,0.5603288888888889,],
[0.6069311111111111,0.3930688888888889,],
[0.5691511111111112,0.4308488888888888,],
[0.3537933333333333,0.6462066666666667,],
[0.5446133333333333,0.4553866666666667,],
[0.4991644444444445,0.5008355555555556,],
[0.53746,0.46254,],
[0.4890844444444445,0.5109155555555556,],
[0.4544022222222222,0.5455977777777777,],
[0.5522955555555555,0.4477044444444445,],
[0.3766288888888888,0.6233711111111111,],
[0.56406,0.43594,],
[0.6210533333333333,0.3789466666666667,],
[0.5368888888888889,0.4631111111111111,],
[0.6438488888888888,0.3561511111111111,],
[0.3696222222222222,0.6303777777777778,],
[0.5606888888888888,0.4393111111111111,],
[0.5066666666666666,0.4933333333333334,],
[0.6454800000000001,0.35452,],
[0.3791133333333334,0.6208866666666667,],
[0.5640866666666666,0.4359133333333333,],
[0.4078777777777777,0.5921222222222222,],
[0.6413000000000001,0.3587,],
[0.6056088888888888,0.3943911111111111,],
[0.4790177777777778,0.5209822222222222,],
[0.4515155555555556,0.5484844444444446,],
[0.5008777777777779,0.4991222222222222,],
[0.41042,0.58958,],
[0.3655422222222222,0.6344577777777778,],
[0.4306755555555555,0.5693244444444444,],
[0.3421466666666667,0.6578533333333334,],
[0.5476022222222222,0.4523977777777778,],
[0.5805444444444445,0.4194555555555555,],
[0.6629155555555555,0.3370844444444444,],
[0.5749666666666667,0.4250333333333334,],
[0.3411888888888889,0.6588111111111111,],
[0.3803199999999999,0.61968,],
[0.48922,0.51078,],
[0.4080111111111111,0.5919888888888889,],
[0.6572488888888889,0.3427511111111111,],
[0.53682,0.46318,],
[0.5547533333333333,0.4452466666666667,],
[0.3667044444444444,0.6332955555555555,],
[0.5361311111111112,0.4638688888888889,],
[0.5625444444444445,0.4374555555555555,],
[0.3405133333333333,0.6594866666666667,],
[0.5725200000000001,0.42748,],
[0.4361044444444444,0.5638955555555556,],
[0.6451688888888889,0.3548311111111111,],
[0.6035711111111112,0.3964288888888889,],
[0.3478888888888889,0.6521111111111112,],
[0.4281977777777778,0.5718022222222222,],
[0.62984,0.37016,],
[0.5603977777777778,0.4396022222222222,],
[0.3395866666666666,0.6604133333333333,],
[0.52978,0.47022,],
[0.4381088888888889,0.5618911111111111,],
[0.4435622222222222,0.5564377777777778,],
[0.47558,0.5244199999999999,],
[0.3582622222222221,0.6417377777777777,],
[0.3811933333333333,0.6188066666666666,],
[0.4922577777777778,0.5077422222222221,],
[0.6275088888888889,0.3724911111111111,],
[0.4954888888888889,0.5045111111111111,],
[0.6050155555555555,0.3949844444444444,],
[0.5070111111111111,0.4929888888888889,],
[0.5510711111111111,0.4489288888888889,],
[0.3889111111111111,0.6110888888888889,],
[0.5826555555555556,0.4173444444444444,],
[0.56918,0.43082,],
[0.3896111111111111,0.610388888888889,],
[0.4848377777777778,0.5151622222222221,],
[0.583211111111111,0.4167888888888888,],
[0.551271111111111,0.4487288888888888,],
[0.4913311111111111,0.5086688888888888,],
[0.3504244444444444,0.6495755555555556,],
[0.3998822222222222,0.6001177777777778,],
[0.41776,0.5822400000000001,],
[0.3662,0.6338,],
[0.6104244444444444,0.3895755555555555,],
[0.6706022222222222,0.3293977777777778,],
[0.5816622222222223,0.4183377777777778,],
[0.6439466666666667,0.3560533333333333,],
[0.40016,0.59984,],
[0.3458977777777777,0.6541022222222223,],
[0.6082955555555555,0.3917044444444444,],
[0.3334911111111111,0.6665088888888888,],
[0.5740377777777778,0.4259622222222221,],
[0.3721999999999999,0.6277999999999999,],
[0.3699888888888889,0.6300111111111112,],
[0.46474,0.5352600000000001,],
[0.5054755555555555,0.4945244444444444,],
[0.5470777777777778,0.4529222222222222,],
[0.49348,0.50652,],
[0.5359733333333333,0.4640266666666667,],
[0.4013222222222222,0.5986777777777778,],
[0.4588622222222222,0.5411377777777778,],
[0.3658177777777777,0.6341822222222222,],
[0.48662,0.5133800000000001,],
[0.49964,0.50036,],
[0.4121222222222222,0.5878777777777777,],
[0.4843555555555556,0.5156444444444445,],
[0.5854444444444444,0.4145555555555555,],
[0.4769111111111111,0.5230888888888889,],
[0.5493933333333334,0.4506066666666667,],
[0.6346688888888888,0.3653311111111111,],
[0.4260866666666666,0.5739133333333334,],
[0.4793488888888889,0.5206511111111111,],
[0.65776,0.34224,],
[0.4614600000000001,0.53854,],
[0.6200844444444444,0.3799155555555555,],
[0.3406088888888888,0.659391111111111,],
[0.4432933333333334,0.5567066666666667,],
[0.4454622222222222,0.5545377777777778,],
[0.6537577777777778,0.3462422222222222,],
[0.4285088888888889,0.5714911111111112,],
[0.4878755555555556,0.5121244444444445,],
[0.5525711111111111,0.4474288888888889,],
[0.6605622222222221,0.3394377777777777,],
[0.3952488888888888,0.6047511111111111,],
[0.4452266666666667,0.5547733333333333,],
[0.6614622222222222,0.3385377777777778,],
[0.4424777777777777,0.5575222222222223,],
[0.3192733333333334,0.6807266666666666,],
[0.5031933333333333,0.4968066666666667,],
[0.3290088888888889,0.6709911111111111,],
[0.5192511111111111,0.4807488888888889,],
[0.5103133333333333,0.4896866666666666,],
[0.5516466666666666,0.4483533333333333,],
[0.5173733333333334,0.4826266666666666,],
[0.6503911111111111,0.3496088888888889,],
[0.4770177777777777,0.5229822222222222,],
[0.6417177777777777,0.3582822222222222,],
[0.4397866666666667,0.5602133333333333,],
[0.3268444444444444,0.6731555555555555,],
[0.5077333333333333,0.4922666666666667,],
[0.4320133333333333,0.5679866666666669,],
[0.4579488888888889,0.5420511111111112,],
[0.6074377777777777,0.3925622222222223,],
[0.5102333333333333,0.4897666666666666,],
[0.4475177777777778,0.5524822222222222,],
[0.5637088888888889,0.4362911111111111,],
[0.3362911111111111,0.6637088888888888,],
[0.5143622222222222,0.4856377777777778,],
[0.4537666666666667,0.5462333333333333,],
[0.4939111111111111,0.5060888888888887,],
[0.2968866666666666,0.7031133333333334,],
[0.4125822222222222,0.5874177777777777,],
[0.5531644444444445,0.4468355555555556,],
[0.3578622222222222,0.6421377777777778,],
[0.5749000000000001,0.4251,],
[0.5771933333333334,0.4228066666666667,],
[0.3720844444444444,0.6279155555555556,],
[0.67794,0.32206,],
[0.5643911111111112,0.4356088888888889,],
[0.5734511111111111,0.4265488888888888,],
[0.5212044444444445,0.4787955555555555,],
[0.5224466666666667,0.4775533333333333,],
[0.4836844444444445,0.5163155555555554,],
[0.5021599999999999,0.4978400000000001,],
[0.6598688888888888,0.3401311111111111,],
[0.6407622222222223,0.3592377777777778,],
[0.5521866666666666,0.4478133333333334,],
[0.6719177777777777,0.3280822222222222,],
[0.5719533333333334,0.4280466666666667,],
[0.3958666666666666,0.6041333333333333,],
[0.5564111111111112,0.4435888888888889,],
[0.4544111111111111,0.5455888888888889,],
[0.5788533333333332,0.4211466666666666,],
[0.4193822222222222,0.5806177777777778,],
[0.5413511111111111,0.4586488888888889,],
[0.53542,0.46458,],
[0.4943755555555556,0.5056244444444444,],
[0.4091466666666667,0.5908533333333332,],
[0.5099555555555556,0.4900444444444444,],
[0.6582177777777777,0.3417822222222222,],
[0.4515933333333333,0.5484066666666667,],
[0.5734577777777778,0.4265422222222222,],
[0.6150555555555555,0.3849444444444444,],
[0.568028888888889,0.4319711111111111,],
[0.6779666666666666,0.3220333333333333,],
[0.6743222222222222,0.3256777777777778,],
[0.5033066666666667,0.4966933333333334,],
[0.5994244444444443,0.4005755555555555,],
[0.4454755555555556,0.5545244444444445,],
[0.5191044444444445,0.4808955555555555,],
[0.5728911111111111,0.4271088888888888,],
[0.3568711111111111,0.6431288888888889,],
[0.5176377777777778,0.4823622222222222,],
[0.64372,0.35628,],
[0.3861711111111111,0.613828888888889,],
[0.5387355555555556,0.4612644444444445,],
[0.5549444444444445,0.4450555555555555,],
[0.5274555555555556,0.4725444444444445,],
[0.6279288888888889,0.3720711111111111,],
[0.5706933333333333,0.4293066666666667,],
[0.4822777777777777,0.5177222222222222,],
[0.5417088888888889,0.4582911111111111,],
[0.35134,0.6486600000000001,],
[0.6263622222222222,0.3736377777777777,],
[0.6518866666666666,0.3481133333333333,],
[0.6364355555555555,0.3635644444444445,],
[0.3797622222222222,0.6202377777777779,],
[0.65772,0.34228,],
[0.56428,0.4357199999999999,],
[0.6204444444444445,0.3795555555555556,],
[0.5602133333333333,0.4397866666666667,],
[0.3601355555555556,0.6398644444444446,],
[0.4174599999999999,0.5825400000000001,],
[0.5976777777777778,0.4023222222222222,],
[0.3728955555555555,0.6271044444444445,],
[0.5094266666666667,0.4905733333333333,],
[0.5617844444444444,0.4382155555555556,],
[0.5705466666666668,0.4294533333333333,],
[0.3709022222222222,0.6290977777777778,],
[0.50044,0.49956,],
[0.4290666666666667,0.5709333333333333,],
[0.5192355555555556,0.4807644444444444,],
[0.4427111111111112,0.5572888888888888,],
[0.5315533333333334,0.4684466666666667,],
[0.3511044444444445,0.6488955555555557,],
[0.5865888888888888,0.4134111111111111,],
[0.5121977777777779,0.4878022222222222,],
[0.6019088888888889,0.3980911111111111,],
[0.4128555555555555,0.5871444444444444,],
[0.5850155555555556,0.4149844444444444,],
[0.4773666666666667,0.5226333333333334,],
[0.6014755555555555,0.3985244444444444,],
[0.63946,0.36054,],
[0.4344955555555555,0.5655044444444445,],
[0.653588888888889,0.3464111111111111,],
[0.5727444444444445,0.4272555555555556,],
[0.3928755555555555,0.6071244444444444,],
[0.5094333333333333,0.4905666666666667,],
[0.3982355555555555,0.6017644444444444,],
[0.4054244444444444,0.5945755555555555,],
[0.5146733333333333,0.4853266666666667,],
[0.4493,0.5507,],
[0.5141733333333334,0.4858266666666666,],
[0.6664244444444445,0.3335755555555556,],
[0.54564,0.45436,],
[0.4237777777777778,0.5762222222222223,],
[0.4900066666666666,0.5099933333333334,],
[0.6283733333333333,0.3716266666666666,],
[0.4835488888888889,0.5164511111111111,],
[0.4205466666666667,0.5794533333333334,],
[0.6301555555555556,0.3698444444444444,],
[0.3536377777777778,0.6463622222222223,],
[0.5155222222222222,0.4844777777777778,],
[0.6014022222222222,0.3985977777777778,],
[0.4390133333333334,0.5609866666666666,],
[0.6554266666666666,0.3445733333333333,],
[0.3728577777777777,0.6271422222222223,],
[0.5208711111111111,0.4791288888888889,],
[0.3386511111111111,0.6613488888888888,],
[0.3359377777777777,0.6640622222222221,],
[0.4305666666666666,0.5694333333333333,],
[0.5582866666666667,0.4417133333333333,],
[0.3497533333333333,0.6502466666666668,],
[0.5599155555555556,0.4400844444444444,],
[0.3630444444444444,0.6369555555555555,],
[0.4736755555555555,0.5263244444444444,],
[0.3644133333333333,0.6355866666666666,],
[0.3205977777777778,0.6794022222222222,],
[0.4350155555555555,0.5649844444444445,],
[0.549908888888889,0.4500911111111112,],
[0.4978466666666667,0.5021533333333333,],
[0.4072266666666666,0.5927733333333333,],
[0.62984,0.37016,],
[0.5335088888888888,0.4664911111111111,],
[0.4458244444444445,0.5541755555555556,],
[0.694068888888889,0.3059311111111111,],
[0.4796711111111112,0.5203288888888888,],
[0.4358577777777778,0.5641422222222222,],
[0.647628888888889,0.3523711111111111,],
[0.4265488888888888,0.5734511111111111,],
[0.3793511111111111,0.6206488888888889,],
[0.5123066666666667,0.4876933333333333,],
[0.4308755555555555,0.5691244444444445,],
[0.5469400000000001,0.45306,],
[0.6234133333333334,0.3765866666666666,],
[0.5775555555555556,0.4224444444444444,],
[0.3291288888888889,0.670871111111111,],
[0.5768577777777779,0.4231422222222221,],
[0.3802266666666666,0.6197733333333334,],
[0.628608888888889,0.371391111111111,],
[0.4433822222222222,0.5566177777777779,],
[0.6472466666666666,0.3527533333333333,],
[0.5733400000000001,0.42666,],
[0.49482,0.50518,],
[0.5324577777777778,0.4675422222222222,],
[0.4288377777777778,0.5711622222222222,],
[0.5333955555555554,0.4666044444444445,],
[0.3468577777777778,0.6531422222222223,],
[0.625291111111111,0.3747088888888889,],
[0.4551288888888889,0.5448711111111111,],
[0.4538755555555555,0.5461244444444444,],
[0.5736933333333335,0.4263066666666666,],
[0.6044511111111112,0.3955488888888889,],
[0.5038955555555555,0.4961044444444445,],
[0.3636644444444445,0.6363355555555555,],
[0.6511688888888889,0.3488311111111111,],
[0.5197666666666666,0.4802333333333333,],
[0.4383977777777778,0.5616022222222222,],
[0.53706,0.46294,],
[0.51484,0.4851599999999999,],
[0.3662022222222222,0.6337977777777778,],
[0.3860355555555555,0.6139644444444444,],
[0.413871111111111,0.5861288888888889,],
[0.4985666666666667,0.5014333333333333,],
[0.3760888888888889,0.6239111111111111,],
[0.4950133333333334,0.5049866666666666,],
[0.2998444444444444,0.7001555555555555,],
[0.3212933333333333,0.6787066666666666,],
[0.5433577777777777,0.4566422222222223,],
[0.3543177777777777,0.6456822222222223,],
[0.5701355555555556,0.4298644444444444,],
[0.4534088888888889,0.5465911111111111,],
[0.5061288888888887,0.4938711111111111,],
[0.4113777777777778,0.5886222222222222,],
[0.5536155555555555,0.4463844444444445,],
[0.3251444444444445,0.6748555555555555,],
[0.5633911111111112,0.4366088888888889,],
[0.4444933333333333,0.5555066666666668,],
[0.6765777777777777,0.3234222222222222,],
[0.4874311111111111,0.5125688888888889,],
[0.4835488888888889,0.5164511111111111,],
[0.4077977777777777,0.5922022222222223,],
[0.5940555555555556,0.4059444444444444,],
[0.4314155555555556,0.5685844444444446,],
[0.6157155555555556,0.3842844444444444,],
[0.44108,0.5589200000000002,],
[0.5038377777777777,0.4961622222222223,],
[0.4411266666666667,0.5588733333333334,],
[0.5297977777777778,0.4702022222222222,],
[0.5421488888888889,0.4578511111111111,],
[0.4186888888888888,0.5813111111111111,],
[0.4859244444444444,0.5140755555555555,],
[0.5761111111111112,0.4238888888888889,],
[0.4057355555555556,0.5942644444444445,],
[0.4075222222222222,0.5924777777777778,],
[0.4701111111111111,0.529888888888889,],
[0.6440333333333333,0.3559666666666667,],
[0.4549288888888889,0.5450711111111112,],
[0.6845822222222222,0.3154177777777778,],
[0.5911511111111111,0.4088488888888888,],
[0.4593644444444445,0.5406355555555556,],
[0.4252,0.5748000000000001,],
[0.3355622222222222,0.6644377777777777,],
[0.4543155555555555,0.5456844444444444,],
[0.4103355555555555,0.5896644444444443,],
[0.3997155555555555,0.6002844444444444,],
[0.5362044444444444,0.4637955555555556,],
[0.5776666666666668,0.4223333333333333,],
[0.4551622222222222,0.5448377777777778,],
[0.3609355555555556,0.6390644444444445,],
[0.4097133333333333,0.5902866666666665,],
[0.5018977777777778,0.4981022222222222,],
[0.3784466666666667,0.6215533333333334,],
[0.5879133333333333,0.4120866666666666,],
[0.5272066666666667,0.4727933333333334,],
[0.5824555555555556,0.4175444444444444,],
[0.3817733333333333,0.6182266666666667,],
[0.3703244444444444,0.6296755555555557,],
[0.5534577777777778,0.4465422222222222,],
[0.4913511111111111,0.5086488888888888,],
[0.4578288888888888,0.542171111111111,],
[0.6482911111111112,0.351708888888889,],
[0.4318422222222222,0.5681577777777779,],
[0.590551111111111,0.4094488888888889,],
[0.6186799999999999,0.3813199999999999,],
[0.4379822222222222,0.5620177777777777,],
[0.6540222222222222,0.3459777777777778,],
[0.4401955555555555,0.5598044444444444,],
[0.6569111111111111,0.3430888888888889,],
[0.4177488888888888,0.5822511111111112,],
[0.3709022222222222,0.6290977777777778,],
[0.4444422222222222,0.5555577777777778,],
[0.5176888888888889,0.4823111111111111,],
[0.3409177777777778,0.6590822222222222,],
[0.5069244444444443,0.4930755555555556,],
[0.5016644444444444,0.4983355555555556,],
[0.6691755555555555,0.3308244444444444,],
[0.6323755555555556,0.3676244444444444,],
[0.4985022222222222,0.5014977777777777,],
[0.5065377777777778,0.4934622222222222,],
[0.4216244444444444,0.5783755555555555,],
[0.4443955555555555,0.5556044444444445,],
[0.4903155555555555,0.5096844444444444,],
[0.4975222222222223,0.5024777777777778,],
[0.5503622222222223,0.4496377777777778,],
[0.5945222222222222,0.4054777777777777,],
[0.5377022222222222,0.4622977777777778,],
[0.3722177777777777,0.6277822222222221,],
[0.4250333333333334,0.5749666666666667,],
[0.3714288888888888,0.6285711111111112,],
[0.5894044444444444,0.4105955555555555,],
[0.5798577777777778,0.4201422222222222,],
[0.6463222222222222,0.3536777777777778,],
[0.4714333333333334,0.5285666666666666,],
[0.47682,0.52318,],
[0.4124266666666666,0.5875733333333333,],
[0.3260288888888889,0.6739711111111111,],
[0.5118355555555555,0.4881644444444445,],
[0.4186222222222222,0.5813777777777778,],
[0.4575444444444444,0.5424555555555555,],
[0.5025533333333333,0.4974466666666667,],
[0.5474911111111113,0.452508888888889,],
[0.3508244444444444,0.6491755555555556,],
[0.6303000000000001,0.3697,],
[0.5673600000000001,0.43264,],
[0.3922355555555556,0.6077644444444444,],
[0.4403733333333333,0.5596266666666667,],
[0.5552933333333334,0.4447066666666666,],
[0.4799488888888889,0.5200511111111111,],
[0.4991711111111111,0.5008288888888889,],
[0.3118333333333334,0.6881666666666666,],
[0.4572355555555556,0.5427644444444444,],
[0.4111288888888889,0.588871111111111,],
[0.5650288888888889,0.4349711111111111,],
[0.4876844444444444,0.5123155555555555,],
[0.3389733333333333,0.6610266666666665,],
[0.5560888888888889,0.4439111111111111,],
[0.6519044444444444,0.3480955555555555,],
[0.4826066666666667,0.5173933333333334,],
[0.6198933333333333,0.3801066666666666,],
[0.577288888888889,0.4227111111111111,],
[0.3900911111111111,0.6099088888888889,],
[0.4343355555555556,0.5656644444444445,],
[0.6302777777777778,0.3697222222222222,],
[0.4853266666666667,0.5146733333333333,],
[0.6296488888888889,0.3703511111111111,],
[0.4224533333333333,0.5775466666666668,],
[0.5171755555555555,0.4828244444444444,],
[0.4335177777777778,0.5664822222222222,],
[0.3757533333333333,0.6242466666666666,],
[0.5862488888888888,0.4137511111111111,],
[0.5431,0.4569000000000001,],
[0.4107933333333333,0.5892066666666665,],
[0.6346288888888888,0.3653711111111111,],
[0.5231888888888889,0.4768111111111111,],
[0.6017355555555555,0.3982644444444444,],
[0.51764,0.48236,],
[0.5231711111111111,0.4768288888888889,],
[0.4449955555555556,0.5550044444444444,],
[0.5762222222222223,0.4237777777777778,],
[0.6141933333333334,0.3858066666666667,],
[0.4446244444444444,0.5553755555555556,],
[0.5208377777777777,0.4791622222222222,],
[0.578188888888889,0.4218111111111111,],
[0.5375022222222222,0.4624977777777778,],
[0.416911111111111,0.5830888888888889,],
[0.519348888888889,0.4806511111111111,],
[0.5660733333333333,0.4339266666666666,],
[0.3346288888888889,0.665371111111111,],
[0.5680333333333335,0.4319666666666667,],
[0.5093777777777777,0.4906222222222222,],
[0.3440777777777777,0.6559222222222222,],
[0.6139822222222222,0.3860177777777777,],
[0.513751111111111,0.4862488888888889,],
[0.4106355555555555,0.5893644444444444,],
[0.4517777777777778,0.5482222222222222,],
[0.4271044444444444,0.5728955555555556,],
[0.5242177777777778,0.4757822222222222,],
[0.40012,0.5998800000000001,],
[0.5550044444444444,0.4449955555555556,],
[0.6192466666666666,0.3807533333333333,],
[0.5173711111111111,0.4826288888888889,],
[0.5562866666666667,0.4437133333333333,],
[0.4543555555555556,0.5456444444444444,],
[0.6449222222222222,0.3550777777777778,],
[0.49756,0.50244,],
[0.4680311111111111,0.5319688888888889,],
[0.3773688888888889,0.6226311111111112,],
[0.6139688888888889,0.386031111111111,],
[0.4383355555555555,0.5616644444444444,],
[0.5144355555555555,0.4855644444444444,],
[0.5599977777777778,0.4400022222222222,],
[0.4141688888888889,0.5858311111111111,],
[0.4972244444444445,0.5027755555555555,],
[0.4636155555555556,0.5363844444444444,],
[0.5712600000000001,0.42874,],
[0.3622977777777777,0.6377022222222223,],
[0.694868888888889,0.3051311111111111,],
[0.5447066666666667,0.4552933333333333,],
[0.4380555555555556,0.5619444444444445,],
[0.55516,0.44484,],
[0.4273422222222222,0.5726577777777778,],
[0.6150533333333332,0.3849466666666666,],
[0.4843711111111111,0.5156288888888889,],
[0.3503222222222222,0.6496777777777779,],
[0.39856,0.60144,],
[0.4519,0.5481,],
[0.5043377777777778,0.4956622222222222,],
[0.3936911111111111,0.6063088888888888,],
[0.5533488888888889,0.4466511111111112,],
[0.5142022222222222,0.4857977777777778,],
[0.47442,0.5255799999999999,],
[0.3675177777777777,0.6324822222222223,],
[0.6010422222222221,0.3989577777777777,],
[0.6379733333333334,0.3620266666666667,],
[0.4254555555555555,0.5745444444444445,],
[0.4575088888888889,0.542491111111111,],
[0.6628177777777776,0.3371822222222222,],
[0.4399622222222222,0.5600377777777779,],
[0.3787222222222222,0.6212777777777778,],
[0.4943111111111111,0.5056888888888889,],
[0.4269422222222222,0.5730577777777778,],
[0.3800644444444444,0.6199355555555556,],
[0.3603977777777778,0.6396022222222223,],
[0.4991,0.5009,],
[0.5078422222222222,0.4921577777777778,],
[0.4356022222222222,0.5643977777777779,],
[0.6422355555555556,0.3577644444444444,],
[0.5029577777777778,0.4970422222222223,],
[0.5604088888888888,0.4395911111111111,],
[0.6425466666666667,0.3574533333333333,],
[0.5801155555555555,0.4198844444444444,],
[0.6688733333333333,0.3311266666666666,],
[0.5460511111111112,0.4539488888888889,],
[0.6403088888888889,0.3596911111111111,],
[0.4184555555555555,0.5815444444444445,],
[0.4562355555555556,0.5437644444444444,],
[0.4298355555555555,0.5701644444444445,],
[0.5141155555555555,0.4858844444444445,],
[0.50436,0.49564,],
[0.4143488888888889,0.5856511111111111,],
[0.5552488888888889,0.444751111111111,],
[0.6492866666666668,0.3507133333333334,],
[0.5698488888888888,0.4301511111111111,],
[0.6552733333333334,0.3447266666666666,],
[0.59518,0.40482,],
[0.56236,0.43764,],
[0.4900822222222223,0.5099177777777778,],
[0.5928288888888888,0.4071711111111111,],
[0.60598,0.39402,],
[0.6104711111111111,0.3895288888888889,],
[0.3964266666666666,0.6035733333333334,],
[0.5061644444444443,0.4938355555555555,],
[0.6243222222222222,0.3756777777777777,],
[0.4188488888888888,0.5811511111111111,],
[0.5772111111111112,0.4227888888888889,],
[0.6092311111111112,0.3907688888888888,],
[0.4572555555555556,0.5427444444444445,],
[0.39422,0.60578,],
[0.5920644444444444,0.4079355555555555,],
[0.4673311111111111,0.5326688888888889,],
[0.5128511111111111,0.4871488888888889,],
[0.4572666666666667,0.5427333333333333,],
[0.6364844444444445,0.3635155555555555,],
[0.5824822222222222,0.4175177777777777,],
[0.5908644444444444,0.4091355555555555,],
[0.5055577777777777,0.4944422222222222,],
[0.4976777777777778,0.5023222222222222,],
[0.5648577777777779,0.4351422222222222,],
[0.4418244444444445,0.5581755555555556,],
[0.6594444444444444,0.3405555555555555,],
[0.4981066666666667,0.5018933333333333,],
[0.5666622222222223,0.4333377777777778,],
[0.3358711111111111,0.6641288888888889,],
[0.5083733333333332,0.4916266666666667,],
[0.3538911111111111,0.6461088888888888,],
[0.4883244444444444,0.5116755555555556,],
[0.5543644444444445,0.4456355555555556,],
[0.4931711111111111,0.5068288888888889,],
[0.4544177777777778,0.5455822222222222,],
[0.2950844444444444,0.7049155555555555,],
];;
