gibbs_marginals := [
[0.5479488888888889,0.4520511111111111,],
[0.5476977777777778,0.4523022222222223,],
[0.4878822222222222,0.5121177777777778,],
[0.3324488888888888,0.6675511111111111,],
[0.5355622222222223,0.4644377777777778,],
[0.5427533333333333,0.4572466666666667,],
[0.4488288888888889,0.5511711111111112,],
[0.4668822222222223,0.5331177777777777,],
[0.5993533333333332,0.4006466666666666,],
[0.5524488888888889,0.4475511111111111,],
[0.4175466666666666,0.5824533333333334,],
[0.5124977777777778,0.4875022222222222,],
[0.4502466666666667,0.5497533333333334,],
[0.6479822222222222,0.3520177777777778,],
[0.3629,0.6371,],
[0.6209555555555555,0.3790444444444444,],
[0.5439644444444445,0.4560355555555556,],
[0.4680533333333333,0.5319466666666667,],
[0.5190666666666667,0.4809333333333333,],
[0.3679088888888888,0.6320911111111112,],
[0.4182644444444444,0.5817355555555556,],
[0.4786622222222222,0.5213377777777779,],
[0.4710355555555556,0.5289644444444445,],
[0.3303422222222221,0.6696577777777777,],
[0.5079266666666666,0.4920733333333334,],
[0.37542,0.6245799999999999,],
[0.5497355555555556,0.4502644444444445,],
[0.5620244444444444,0.4379755555555556,],
[0.4977577777777778,0.5022422222222223,],
[0.4986022222222222,0.5013977777777777,],
[0.6140088888888889,0.3859911111111111,],
[0.4771822222222222,0.5228177777777777,],
[0.36374,0.63626,],
[0.4340533333333333,0.5659466666666667,],
[0.598211111111111,0.4017888888888889,],
[0.5709911111111111,0.4290088888888889,],
[0.3733777777777778,0.6266222222222222,],
[0.5642088888888889,0.4357911111111111,],
[0.5203866666666667,0.4796133333333333,],
[0.6078422222222223,0.3921577777777778,],
[0.5053955555555555,0.4946044444444445,],
[0.4792511111111111,0.5207488888888889,],
[0.5165288888888888,0.4834711111111111,],
[0.4080844444444444,0.5919155555555556,],
[0.6121622222222223,0.3878377777777778,],
[0.6083688888888888,0.3916311111111111,],
[0.5458999999999999,0.4541000000000001,],
[0.6674955555555555,0.3325044444444444,],
[0.371391111111111,0.628608888888889,],
[0.5371511111111111,0.4628488888888889,],
[0.4486177777777777,0.5513822222222222,],
[0.5959244444444444,0.4040755555555555,],
[0.3442955555555556,0.6557044444444444,],
[0.5788599999999999,0.42114,],
[0.3986066666666667,0.6013933333333333,],
[0.6652133333333333,0.3347866666666666,],
[0.5813244444444444,0.4186755555555555,],
[0.49082,0.50918,],
[0.4479422222222222,0.5520577777777779,],
[0.5052644444444444,0.4947355555555555,],
[0.4289066666666667,0.5710933333333333,],
[0.3173466666666666,0.6826533333333333,],
[0.4362288888888888,0.5637711111111111,],
[0.33256,0.6674399999999999,],
[0.5015955555555555,0.4984044444444444,],
[0.6015777777777778,0.3984222222222222,],
[0.64922,0.35078,],
[0.6114311111111111,0.3885688888888889,],
[0.3152088888888889,0.684791111111111,],
[0.3457488888888888,0.6542511111111111,],
[0.5070199999999999,0.49298,],
[0.3718755555555555,0.6281244444444445,],
[0.6309866666666667,0.3690133333333333,],
[0.4934066666666667,0.5065933333333333,],
[0.5973999999999999,0.4026,],
[0.4063133333333334,0.5936866666666666,],
[0.5260311111111111,0.4739688888888889,],
[0.5850755555555556,0.4149244444444444,],
[0.3289088888888889,0.671091111111111,],
[0.5643444444444445,0.4356555555555555,],
[0.4999311111111111,0.5000688888888889,],
[0.6496377777777779,0.3503622222222222,],
[0.5637555555555557,0.4362444444444444,],
[0.4054577777777778,0.5945422222222222,],
[0.42904,0.5709599999999999,],
[0.5878266666666666,0.4121733333333332,],
[0.5643377777777778,0.4356622222222222,],
[0.3178066666666667,0.6821933333333333,],
[0.5697355555555556,0.4302644444444444,],
[0.3831666666666667,0.6168333333333333,],
[0.4847755555555556,0.5152244444444444,],
[0.5359555555555555,0.4640444444444445,],
[0.3490244444444444,0.6509755555555556,],
[0.35168,0.64832,],
[0.4660555555555557,0.5339444444444444,],
[0.6507422222222223,0.3492577777777777,],
[0.4897577777777777,0.5102422222222223,],
[0.6322822222222223,0.3677177777777778,],
[0.4656111111111112,0.5343888888888889,],
[0.4843977777777778,0.5156022222222222,],
[0.3662688888888889,0.6337311111111111,],
[0.565868888888889,0.4341311111111111,],
[0.5678977777777779,0.4321022222222222,],
[0.35996,0.6400400000000001,],
[0.4724244444444445,0.5275755555555556,],
[0.5826977777777778,0.4173022222222221,],
[0.57902,0.42098,],
[0.4678133333333334,0.5321866666666667,],
[0.3493111111111111,0.650688888888889,],
[0.4257844444444444,0.5742155555555556,],
[0.4241022222222222,0.575897777777778,],
[0.4066355555555555,0.5933644444444444,],
[0.5954333333333334,0.4045666666666666,],
[0.6483800000000001,0.35162,],
[0.5497555555555557,0.4502444444444444,],
[0.6279333333333333,0.3720666666666666,],
[0.4285866666666667,0.5714133333333334,],
[0.4103733333333333,0.5896266666666666,],
[0.5609822222222223,0.4390177777777778,],
[0.3515444444444444,0.6484555555555556,],
[0.5925022222222222,0.4074977777777777,],
[0.3831044444444445,0.6168955555555556,],
[0.3862955555555556,0.6137044444444445,],
[0.4427444444444444,0.5572555555555555,],
[0.5197644444444444,0.4802355555555555,],
[0.5801044444444444,0.4198955555555556,],
[0.5302777777777778,0.4697222222222223,],
[0.5819044444444446,0.4180955555555555,],
[0.4024977777777777,0.5975022222222222,],
[0.4765111111111111,0.5234888888888889,],
[0.3461422222222222,0.6538577777777778,],
[0.5001022222222222,0.4998977777777778,],
[0.4360088888888889,0.5639911111111111,],
[0.4020288888888889,0.597971111111111,],
[0.5108622222222222,0.4891377777777778,],
[0.5822044444444445,0.4177955555555555,],
[0.4658,0.5341999999999999,],
[0.5677977777777778,0.4322022222222222,],
[0.5945977777777778,0.4054022222222222,],
[0.4252533333333333,0.5747466666666667,],
[0.4765311111111111,0.5234688888888889,],
[0.6409377777777778,0.3590622222222222,],
[0.4825155555555556,0.5174844444444443,],
[0.6279511111111111,0.3720488888888888,],
[0.3439355555555555,0.6560644444444443,],
[0.4109155555555555,0.5890844444444443,],
[0.4222355555555555,0.5777644444444445,],
[0.6671977777777778,0.3328022222222222,],
[0.4114911111111111,0.5885088888888889,],
[0.5177755555555555,0.4822244444444445,],
[0.5163999999999999,0.4836,],
[0.6816511111111111,0.3183488888888889,],
[0.4428,0.5572,],
[0.4906422222222223,0.5093577777777778,],
[0.6835377777777777,0.3164622222222222,],
[0.4181888888888889,0.5818111111111112,],
[0.3538422222222222,0.6461577777777778,],
[0.4783755555555556,0.5216244444444446,],
[0.3593333333333333,0.6406666666666667,],
[0.5037755555555555,0.4962244444444445,],
[0.51484,0.4851599999999999,],
[0.5704577777777778,0.4295422222222222,],
[0.5397622222222223,0.4602377777777778,],
[0.6275733333333333,0.3724266666666666,],
[0.5321955555555555,0.4678044444444445,],
[0.5901911111111111,0.4098088888888888,],
[0.4420266666666667,0.5579733333333334,],
[0.3141955555555556,0.6858044444444443,],
[0.4857777777777778,0.5142222222222222,],
[0.4259644444444444,0.5740355555555555,],
[0.4938688888888889,0.506131111111111,],
[0.5872355555555555,0.4127644444444444,],
[0.4623911111111111,0.5376088888888888,],
[0.4878022222222222,0.5121977777777779,],
[0.5670266666666668,0.4329733333333333,],
[0.35094,0.6490600000000001,],
[0.5281400000000001,0.4718600000000001,],
[0.4092511111111111,0.5907488888888889,],
[0.4514022222222223,0.5485977777777779,],
[0.3235288888888889,0.676471111111111,],
[0.4313066666666667,0.5686933333333334,],
[0.5285733333333333,0.4714266666666667,],
[0.3545644444444444,0.6454355555555555,],
[0.5546555555555557,0.4453444444444444,],
[0.6309355555555556,0.3690644444444444,],
[0.4212888888888888,0.5787111111111111,],
[0.6183755555555556,0.3816244444444444,],
[0.5995888888888888,0.4004111111111111,],
[0.5718355555555555,0.4281644444444444,],
[0.5396955555555556,0.4603044444444445,],
[0.5490511111111112,0.4509488888888889,],
[0.5039822222222222,0.4960177777777778,],
[0.5341222222222223,0.4658777777777778,],
[0.6221111111111111,0.3778888888888888,],
[0.649837777777778,0.3501622222222222,],
[0.5294955555555556,0.4705044444444445,],
[0.6374222222222223,0.3625777777777778,],
[0.5770600000000001,0.42294,],
[0.3620422222222222,0.6379577777777778,],
[0.5626244444444445,0.4373755555555555,],
[0.5161266666666666,0.4838733333333333,],
[0.5543511111111112,0.4456488888888889,],
[0.4530222222222222,0.5469777777777778,],
[0.5044155555555556,0.4955844444444445,],
[0.6027555555555555,0.3972444444444445,],
[0.4932488888888889,0.506751111111111,],
[0.4313511111111111,0.5686488888888889,],
[0.4846044444444444,0.5153955555555555,],
[0.6636888888888888,0.3363111111111111,],
[0.5271177777777778,0.4728822222222223,],
[0.5881799999999999,0.41182,],
[0.5836555555555555,0.4163444444444444,],
[0.5772466666666668,0.4227533333333333,],
[0.6663711111111111,0.3336288888888889,],
[0.6684777777777777,0.3315222222222222,],
[0.4964244444444444,0.5035755555555556,],
[0.6386466666666667,0.3613533333333334,],
[0.4110444444444444,0.5889555555555555,],
[0.5046955555555556,0.4953044444444444,],
[0.6253888888888889,0.3746111111111111,],
[0.3795822222222223,0.6204177777777777,],
[0.5197799999999999,0.48022,],
[0.6526222222222222,0.3473777777777778,],
[0.3612644444444445,0.6387355555555556,],
[0.50064,0.49936,],
[0.5411666666666667,0.4588333333333333,],
[0.5214222222222222,0.4785777777777778,],
[0.6613755555555555,0.3386244444444445,],
[0.5461133333333333,0.4538866666666667,],
[0.4587688888888889,0.5412311111111112,],
[0.5005088888888889,0.4994911111111111,],
[0.4096044444444444,0.5903955555555555,],
[0.5877577777777777,0.4122422222222222,],
[0.6533444444444445,0.3466555555555556,],
[0.5831288888888888,0.416871111111111,],
[0.3537155555555555,0.6462844444444444,],
[0.6547311111111112,0.3452688888888888,],
[0.5674400000000001,0.43256,],
[0.6361955555555556,0.3638044444444444,],
[0.5402266666666666,0.4597733333333334,],
[0.3231133333333334,0.6768866666666666,],
[0.42566,0.57434,],
[0.5741533333333334,0.4258466666666666,],
[0.3337,0.6663,],
[0.5440533333333334,0.4559466666666667,],
[0.5806,0.4194,],
[0.5749266666666667,0.4250733333333334,],
[0.3365622222222222,0.6634377777777778,],
[0.4390244444444445,0.5609755555555556,],
[0.4435444444444445,0.5564555555555556,],
[0.5252022222222221,0.4747977777777778,],
[0.4232777777777778,0.5767222222222222,],
[0.5234911111111111,0.4765088888888889,],
[0.3714933333333333,0.6285066666666667,],
[0.57054,0.42946,],
[0.5192577777777778,0.4807422222222222,],
[0.6298533333333334,0.3701466666666666,],
[0.43894,0.56106,],
[0.5772333333333335,0.4227666666666667,],
[0.4983444444444445,0.5016555555555555,],
[0.6331111111111111,0.3668888888888888,],
[0.6633311111111111,0.3366688888888889,],
[0.3906733333333333,0.6093266666666666,],
[0.6978266666666666,0.3021733333333333,],
[0.5156177777777777,0.4843822222222223,],
[0.36442,0.63558,],
[0.4506022222222222,0.5493977777777778,],
[0.3624533333333333,0.6375466666666667,],
[0.3918222222222222,0.6081777777777777,],
[0.4968977777777778,0.5031022222222222,],
[0.4533155555555555,0.5466844444444445,],
[0.5105222222222222,0.4894777777777778,],
[0.6789488888888888,0.3210511111111111,],
[0.6103844444444445,0.3896155555555555,],
[0.4826511111111111,0.5173488888888889,],
[0.52796,0.47204,],
[0.631988888888889,0.3680111111111111,],
[0.5264355555555555,0.4735644444444445,],
[0.3837466666666666,0.6162533333333333,],
[0.6441444444444445,0.3558555555555555,],
[0.3396933333333333,0.6603066666666666,],
[0.5169977777777778,0.4830022222222222,],
[0.5972355555555554,0.4027644444444444,],
[0.49582,0.5041800000000001,],
[0.6262933333333334,0.3737066666666666,],
[0.4054488888888889,0.594551111111111,],
[0.4900377777777778,0.5099622222222223,],
[0.3443222222222222,0.6556777777777777,],
[0.3187866666666667,0.6812133333333333,],
[0.3685977777777777,0.6314022222222223,],
[0.5378422222222222,0.4621577777777778,],
[0.3622355555555555,0.6377644444444445,],
[0.5530622222222222,0.4469377777777778,],
[0.3754377777777778,0.6245622222222221,],
[0.4553422222222223,0.5446577777777778,],
[0.3360799999999999,0.6639199999999998,],
[0.3476777777777778,0.6523222222222222,],
[0.4138177777777777,0.5861822222222223,],
[0.5743577777777777,0.4256422222222222,],
[0.5371533333333334,0.4628466666666667,],
[0.3689577777777777,0.6310422222222223,],
[0.6953044444444445,0.3046955555555556,],
[0.50332,0.49668,],
[0.4621511111111111,0.5378488888888889,],
[0.665391111111111,0.3346088888888888,],
[0.4640022222222223,0.5359977777777778,],
[0.4575822222222222,0.5424177777777778,],
[0.6657266666666667,0.3342733333333333,],
[0.4288288888888889,0.5711711111111112,],
[0.3700622222222222,0.6299377777777778,],
[0.5639733333333333,0.4360266666666667,],
[0.4620822222222222,0.5379177777777777,],
[0.59968,0.40032,],
[0.6429866666666667,0.3570133333333333,],
[0.6224555555555557,0.3775444444444444,],
[0.339391111111111,0.6606088888888888,],
[0.4995977777777778,0.5004022222222222,],
[0.3555688888888889,0.6444311111111112,],
[0.6202177777777779,0.3797822222222222,],
[0.45758,0.54242,],
[0.6852733333333333,0.3147266666666667,],
[0.5710555555555555,0.4289444444444445,],
[0.5164933333333332,0.4835066666666666,],
[0.5635066666666667,0.4364933333333333,],
[0.3980244444444445,0.6019755555555556,],
[0.533511111111111,0.4664888888888889,],
[0.3250888888888889,0.6749111111111111,],
[0.6438066666666666,0.3561933333333334,],
[0.4686711111111111,0.531328888888889,],
[0.4651466666666667,0.5348533333333333,],
[0.5830977777777778,0.4169022222222221,],
[0.6342977777777778,0.3657022222222222,],
[0.4929066666666667,0.5070933333333333,],
[0.3464777777777778,0.6535222222222222,],
[0.6168511111111111,0.3831488888888889,],
[0.4546533333333334,0.5453466666666666,],
[0.4273022222222222,0.5726977777777779,],
[0.5748133333333335,0.4251866666666667,],
[0.5411688888888889,0.4588311111111111,],
[0.3089466666666666,0.6910533333333333,],
[0.4027111111111111,0.5972888888888888,],
[0.4680577777777777,0.5319422222222222,],
[0.5038577777777777,0.4961422222222223,],
[0.3832177777777778,0.6167822222222222,],
[0.4990688888888889,0.5009311111111111,],
[0.3202244444444445,0.6797755555555556,],
[0.3373177777777778,0.6626822222222222,],
[0.538688888888889,0.4613111111111111,],
[0.4114222222222222,0.5885777777777776,],
[0.6265311111111111,0.3734688888888889,],
[0.4402444444444444,0.5597555555555557,],
[0.4753355555555556,0.5246644444444445,],
[0.4442066666666666,0.5557933333333335,],
[0.5473266666666667,0.4526733333333334,],
[0.3064911111111111,0.6935088888888888,],
[0.56166,0.43834,],
[0.46052,0.5394800000000001,],
[0.6277977777777777,0.3722022222222222,],
[0.4984111111111111,0.5015888888888889,],
[0.5082933333333333,0.4917066666666667,],
[0.4721577777777778,0.5278422222222222,],
[0.6409155555555556,0.3590844444444445,],
[0.4147088888888888,0.5852911111111111,],
[0.6286888888888889,0.371311111111111,],
[0.453,0.5469999999999999,],
[0.5191955555555555,0.4808044444444444,],
[0.4344955555555555,0.5655044444444445,],
[0.5329199999999999,0.46708,],
[0.5364266666666667,0.4635733333333333,],
[0.4282955555555555,0.5717044444444446,],
[0.5197733333333333,0.4802266666666666,],
[0.6332111111111111,0.3667888888888888,],
[0.4428644444444445,0.5571355555555556,],
[0.4364377777777778,0.5635622222222223,],
[0.4903133333333333,0.5096866666666666,],
[0.6461244444444444,0.3538755555555556,],
[0.4208777777777777,0.5791222222222222,],
[0.6485311111111112,0.3514688888888889,],
[0.6662644444444444,0.3337355555555556,],
[0.5173866666666667,0.4826133333333333,],
[0.4014088888888888,0.5985911111111111,],
[0.28218,0.71782,],
[0.4793111111111111,0.5206888888888889,],
[0.3777466666666666,0.6222533333333333,],
[0.4455955555555555,0.5544044444444445,],
[0.5334644444444444,0.4665355555555556,],
[0.6316711111111112,0.3683288888888889,],
[0.42092,0.57908,],
[0.3388955555555556,0.6611044444444444,],
[0.4532955555555555,0.5467044444444444,],
[0.5005822222222223,0.4994177777777777,],
[0.33448,0.6655199999999999,],
[0.5507511111111111,0.4492488888888889,],
[0.5505311111111112,0.4494688888888889,],
[0.5733733333333334,0.4266266666666666,],
[0.4081577777777777,0.5918422222222223,],
[0.3840755555555556,0.6159244444444444,],
[0.5746822222222223,0.4253177777777778,],
[0.565408888888889,0.4345911111111111,],
[0.3987555555555555,0.6012444444444445,],
[0.6414933333333334,0.3585066666666667,],
[0.3686844444444444,0.6313155555555555,],
[0.59812,0.40188,],
[0.6067022222222223,0.3932977777777778,],
[0.4218888888888888,0.5781111111111111,],
[0.6567977777777777,0.3432022222222222,],
[0.4333511111111111,0.566648888888889,],
[0.5972511111111111,0.4027488888888889,],
[0.4008711111111111,0.5991288888888888,],
[0.3641311111111111,0.6358688888888888,],
[0.4172111111111111,0.5827888888888889,],
[0.5389511111111112,0.461048888888889,],
[0.2771088888888889,0.7228911111111112,],
[0.5391955555555555,0.4608044444444445,],
[0.5549444444444445,0.4450555555555555,],
[0.671371111111111,0.3286288888888889,],
[0.6185777777777778,0.3814222222222222,],
[0.4765555555555555,0.5234444444444444,],
[0.4418133333333333,0.5581866666666667,],
[0.3903733333333333,0.6096266666666665,],
[0.4151555555555555,0.5848444444444444,],
[0.4676577777777778,0.5323422222222223,],
[0.5049911111111111,0.4950088888888889,],
[0.5544177777777778,0.4455822222222222,],
[0.5958844444444444,0.4041155555555555,],
[0.5418200000000001,0.45818,],
[0.3560911111111111,0.6439088888888889,],
[0.4053266666666667,0.5946733333333334,],
[0.4121355555555555,0.5878644444444444,],
[0.5916688888888889,0.408331111111111,],
[0.6122244444444445,0.3877755555555555,],
[0.6452022222222222,0.3547977777777778,],
[0.5377666666666667,0.4622333333333333,],
[0.4803622222222222,0.5196377777777778,],
[0.4290222222222222,0.5709777777777777,],
[0.3172111111111111,0.6827888888888889,],
[0.4829511111111111,0.5170488888888889,],
[0.4077644444444443,0.5922355555555555,],
[0.4639311111111111,0.5360688888888889,],
[0.4850466666666666,0.5149533333333333,],
[0.56752,0.43248,],
[0.3657266666666666,0.6342733333333334,],
[0.6286355555555555,0.3713644444444443,],
[0.6152333333333333,0.3847666666666666,],
[0.3688488888888888,0.6311511111111112,],
[0.4666511111111111,0.5333488888888888,],
[0.5117999999999999,0.4882,],
[0.4896777777777777,0.5103222222222221,],
[0.4931333333333333,0.5068666666666667,],
[0.2963733333333333,0.7036266666666667,],
[0.3951866666666666,0.6048133333333333,],
[0.40054,0.5994599999999999,],
[0.60232,0.39768,],
[0.5237333333333333,0.4762666666666667,],
[0.3310488888888888,0.6689511111111111,],
[0.5288688888888888,0.4711311111111112,],
[0.658391111111111,0.3416088888888889,],
[0.4616555555555556,0.5383444444444445,],
[0.63176,0.36824,],
[0.6012333333333334,0.3987666666666667,],
[0.3822444444444444,0.6177555555555555,],
[0.4510711111111111,0.548928888888889,],
[0.6404044444444444,0.3595955555555556,],
[0.5317666666666667,0.4682333333333334,],
[0.6330888888888889,0.366911111111111,],
[0.4244444444444445,0.5755555555555556,],
[0.5739733333333334,0.4260266666666666,],
[0.4517311111111111,0.5482688888888889,],
[0.3661866666666667,0.6338133333333333,],
[0.5931155555555555,0.4068844444444444,],
[0.5537911111111111,0.4462088888888889,],
[0.413311111111111,0.5866888888888889,],
[0.636248888888889,0.3637511111111111,],
[0.5215866666666668,0.4784133333333333,],
[0.6123155555555556,0.3876844444444444,],
[0.5240288888888888,0.4759711111111111,],
[0.5366577777777778,0.4633422222222223,],
[0.4620466666666667,0.5379533333333333,],
[0.4900355555555556,0.5099644444444444,],
[0.5648177777777779,0.4351822222222222,],
[0.4478377777777778,0.5521622222222222,],
[0.5233777777777777,0.4766222222222222,],
[0.5253577777777778,0.4746422222222222,],
[0.5192311111111111,0.4807688888888889,],
[0.3983488888888889,0.601651111111111,],
[0.4912111111111112,0.508788888888889,],
[0.5174066666666666,0.4825933333333333,],
[0.32774,0.6722599999999999,],
[0.573568888888889,0.426431111111111,],
[0.5115466666666666,0.4884533333333334,],
[0.3424,0.6576,],
[0.5875488888888888,0.412451111111111,],
[0.5047777777777778,0.4952222222222222,],
[0.4136111111111111,0.586388888888889,],
[0.4514488888888889,0.5485511111111112,],
[0.3994644444444445,0.6005355555555555,],
[0.4948288888888889,0.5051711111111111,],
[0.3923466666666667,0.6076533333333333,],
[0.5783355555555556,0.4216644444444445,],
[0.6486600000000001,0.35134,],
[0.4565222222222223,0.5434777777777777,],
[0.5156466666666667,0.4843533333333334,],
[0.4837155555555556,0.5162844444444443,],
[0.6208911111111112,0.3791088888888889,],
[0.4993444444444444,0.5006555555555555,],
[0.4333533333333333,0.5666466666666667,],
[0.3600822222222222,0.6399177777777779,],
[0.6000866666666667,0.3999133333333333,],
[0.4687044444444445,0.5312955555555556,],
[0.5266911111111111,0.4733088888888889,],
[0.5533644444444444,0.4466355555555556,],
[0.38856,0.61144,],
[0.5134311111111111,0.4865688888888889,],
[0.4561688888888889,0.543831111111111,],
[0.5445022222222222,0.4554977777777778,],
[0.372371111111111,0.6276288888888889,],
[0.7119222222222222,0.2880777777777778,],
[0.5484244444444445,0.4515755555555556,],
[0.4426266666666667,0.5573733333333334,],
[0.5752044444444445,0.4247955555555555,],
[0.4515288888888889,0.5484711111111111,],
[0.5931444444444445,0.4068555555555556,],
[0.4911,0.5088999999999999,],
[0.3709733333333333,0.6290266666666666,],
[0.3814822222222222,0.6185177777777777,],
[0.4433555555555556,0.5566444444444446,],
[0.4819511111111111,0.5180488888888889,],
[0.3973266666666667,0.6026733333333334,],
[0.6099866666666667,0.3900133333333333,],
[0.4886488888888889,0.5113511111111111,],
[0.4827911111111111,0.5172088888888888,],
[0.3241955555555556,0.6758044444444444,],
[0.5699733333333333,0.4300266666666667,],
[0.6625044444444443,0.3374955555555555,],
[0.4098555555555555,0.5901444444444444,],
[0.4735822222222222,0.5264177777777778,],
[0.6638088888888889,0.3361911111111111,],
[0.4865422222222222,0.5134577777777778,],
[0.3458244444444444,0.6541755555555556,],
[0.5113155555555555,0.4886844444444445,],
[0.4122199999999999,0.5877799999999999,],
[0.3510022222222222,0.6489977777777779,],
[0.37774,0.62226,],
[0.4795733333333334,0.5204266666666667,],
[0.4595955555555555,0.5404044444444445,],
[0.3779111111111111,0.6220888888888888,],
[0.6164688888888888,0.3835311111111112,],
[0.5401511111111111,0.4598488888888889,],
[0.5214133333333333,0.4785866666666667,],
[0.6131688888888889,0.3868311111111111,],
[0.5797288888888888,0.420271111111111,],
[0.6719977777777777,0.3280022222222222,],
[0.5923288888888888,0.407671111111111,],
[0.6221866666666667,0.3778133333333333,],
[0.4382444444444444,0.5617555555555556,],
[0.4863555555555555,0.5136444444444445,],
[0.41256,0.5874399999999999,],
[0.4733777777777778,0.5266222222222221,],
[0.5029733333333334,0.4970266666666667,],
[0.4028066666666666,0.5971933333333332,],
[0.5454088888888889,0.4545911111111111,],
[0.6714533333333333,0.3285466666666666,],
[0.5735800000000001,0.42642,],
[0.6407888888888891,0.3592111111111111,],
[0.5592822222222222,0.4407177777777778,],
[0.5309355555555556,0.4690644444444445,],
[0.4812822222222222,0.5187177777777777,],
[0.6127533333333334,0.3872466666666667,],
[0.6002444444444444,0.3997555555555555,],
[0.6278911111111111,0.3721088888888889,],
[0.38136,0.61864,],
[0.5016222222222222,0.4983777777777778,],
[0.6054644444444445,0.3945355555555555,],
[0.4279777777777777,0.5720222222222222,],
[0.5467488888888888,0.4532511111111111,],
[0.5841511111111111,0.4158488888888889,],
[0.4324977777777778,0.5675022222222222,],
[0.4035311111111111,0.5964688888888889,],
[0.6185355555555555,0.3814644444444444,],
[0.4652511111111111,0.5347488888888888,],
[0.5057666666666666,0.4942333333333333,],
[0.4681977777777778,0.5318022222222223,],
[0.6660822222222222,0.3339177777777778,],
[0.64584,0.35416,],
[0.6442666666666667,0.3557333333333333,],
[0.5181422222222222,0.4818577777777778,],
[0.5773355555555557,0.4226644444444444,],
[0.5504444444444444,0.4495555555555556,],
[0.4400688888888888,0.5599311111111112,],
[0.6395977777777779,0.3604022222222222,],
[0.4951933333333334,0.5048066666666667,],
[0.6371822222222222,0.3628177777777777,],
[0.3616844444444444,0.6383155555555556,],
[0.4611644444444445,0.5388355555555555,],
[0.3563133333333334,0.6436866666666667,],
[0.4396888888888889,0.5603111111111111,],
[0.5932777777777778,0.4067222222222222,],
[0.4946622222222222,0.5053377777777778,],
[0.4690866666666667,0.5309133333333333,],
[0.3352111111111111,0.6647888888888889,],
];;
