nc_marginals := [
[0.54792,0.45208,],
[0.49232,0.50768,],
[0.4878822222222222,0.5121177777777778,],
[0.3324488888888888,0.6675511111111111,],
[0.4736488888888888,0.5263511111111111,],
[0.5535822222222222,0.4464177777777778,],
[0.5011466666666666,0.4988533333333333,],
[0.4107777777777777,0.5892222222222221,],
[0.6397333333333334,0.3602666666666667,],
[0.5195422222222222,0.4804577777777777,],
[0.4433444444444445,0.5566555555555557,],
[0.5126688888888888,0.4873311111111111,],
[0.4502466666666667,0.5497533333333334,],
[0.6479822222222222,0.3520177777777778,],
[0.3881311111111111,0.6118688888888888,],
[0.6612822222222222,0.3387177777777778,],
[0.5096888888888889,0.4903111111111111,],
[0.4492333333333333,0.5507666666666666,],
[0.53588,0.46412,],
[0.3599222222222223,0.6400777777777779,],
[0.4182644444444444,0.5817355555555556,],
[0.4786622222222222,0.5213377777777779,],
[0.4865311111111111,0.5134688888888889,],
[0.3201622222222222,0.6798377777777777,],
[0.5165711111111111,0.4834288888888889,],
[0.3940422222222222,0.6059577777777777,],
[0.5075866666666666,0.4924133333333333,],
[0.55054,0.44946,],
[0.4911622222222222,0.5088377777777778,],
[0.5497600000000001,0.45024,],
[0.5923533333333333,0.4076466666666666,],
[0.4610511111111112,0.5389488888888889,],
[0.3795466666666667,0.6204533333333333,],
[0.4294955555555556,0.5705044444444445,],
[0.6231711111111112,0.3768288888888889,],
[0.5865444444444444,0.4134555555555555,],
[0.3692911111111111,0.630708888888889,],
[0.5651911111111111,0.4348088888888889,],
[0.4847577777777778,0.5152422222222222,],
[0.5740000000000001,0.4259999999999999,],
[0.5094577777777777,0.4905422222222222,],
[0.4513666666666667,0.5486333333333334,],
[0.55854,0.44146,],
[0.3878044444444445,0.6121955555555556,],
[0.5591866666666668,0.4408133333333333,],
[0.6133200000000001,0.38668,],
[0.5362088888888888,0.4637911111111111,],
[0.6398688888888889,0.3601311111111111,],
[0.371391111111111,0.628608888888889,],
[0.5371511111111111,0.4628488888888889,],
[0.4486177777777777,0.5513822222222222,],
[0.5959244444444444,0.4040755555555555,],
[0.3804622222222221,0.6195377777777777,],
[0.5712400000000001,0.42876,],
[0.4116755555555555,0.5883244444444444,],
[0.6666222222222221,0.3333777777777778,],
[0.5813244444444444,0.4186755555555555,],
[0.49082,0.50918,],
[0.4499866666666666,0.5500133333333335,],
[0.50796,0.49204,],
[0.4289066666666667,0.5710933333333333,],
[0.3173466666666666,0.6826533333333333,],
[0.4130466666666666,0.5869533333333333,],
[0.3266777777777778,0.6733222222222222,],
[0.5015955555555555,0.4984044444444444,],
[0.6015777777777778,0.3984222222222222,],
[0.64922,0.35078,],
[0.6114311111111111,0.3885688888888889,],
[0.3382066666666667,0.6617933333333332,],
[0.38854,0.61146,],
[0.5070199999999999,0.49298,],
[0.3718755555555555,0.6281244444444445,],
[0.6309866666666667,0.3690133333333333,],
[0.4934066666666667,0.5065933333333333,],
[0.5973999999999999,0.4026,],
[0.4063133333333334,0.5936866666666666,],
[0.5260311111111111,0.4739688888888889,],
[0.5850755555555556,0.4149244444444444,],
[0.3274288888888889,0.6725711111111111,],
[0.5698333333333333,0.4301666666666666,],
[0.4370666666666667,0.5629333333333333,],
[0.630008888888889,0.3699911111111111,],
[0.5637555555555557,0.4362444444444444,],
[0.4054577777777778,0.5945422222222222,],
[0.4073955555555555,0.5926044444444444,],
[0.6310577777777778,0.3689422222222222,],
[0.5711533333333334,0.4288466666666667,],
[0.3280466666666667,0.6719533333333333,],
[0.5628066666666667,0.4371933333333333,],
[0.3722199999999999,0.6277799999999999,],
[0.4543466666666667,0.5456533333333333,],
[0.4789311111111111,0.5210688888888889,],
[0.3386133333333334,0.6613866666666666,],
[0.3876311111111111,0.612368888888889,],
[0.5037577777777777,0.4962422222222223,],
[0.6383977777777778,0.3616022222222223,],
[0.5133155555555556,0.4866844444444444,],
[0.6207888888888889,0.3792111111111111,],
[0.5082688888888889,0.4917311111111111,],
[0.5495466666666667,0.4504533333333333,],
[0.3662688888888889,0.6337311111111111,],
[0.565868888888889,0.4341311111111111,],
[0.5936111111111111,0.4063888888888889,],
[0.3702733333333333,0.6297266666666668,],
[0.5006222222222222,0.4993777777777778,],
[0.58988,0.4101199999999999,],
[0.5761844444444446,0.4238155555555556,],
[0.4856555555555556,0.5143444444444444,],
[0.3329111111111111,0.6670888888888888,],
[0.4101844444444444,0.5898155555555555,],
[0.4241022222222222,0.575897777777778,],
[0.4066355555555555,0.5933644444444444,],
[0.5954333333333334,0.4045666666666666,],
[0.6483800000000001,0.35162,],
[0.5497555555555557,0.4502444444444444,],
[0.6279333333333333,0.3720666666666666,],
[0.4285866666666667,0.5714133333333334,],
[0.4103733333333333,0.5896266666666666,],
[0.5609822222222223,0.4390177777777778,],
[0.3515444444444444,0.6484555555555556,],
[0.5935488888888889,0.4064511111111111,],
[0.3685444444444444,0.6314555555555557,],
[0.3628844444444444,0.6371155555555555,],
[0.4581066666666667,0.5418933333333332,],
[0.5245377777777778,0.4754622222222222,],
[0.5553266666666667,0.4446733333333333,],
[0.5151155555555555,0.4848844444444444,],
[0.5742977777777778,0.4257022222222221,],
[0.4092666666666666,0.5907333333333333,],
[0.47224,0.5277599999999999,],
[0.3610044444444445,0.6389955555555555,],
[0.5041622222222223,0.4958377777777778,],
[0.5151733333333331,0.4848266666666667,],
[0.43764,0.56236,],
[0.5011999999999999,0.4988,],
[0.5887466666666666,0.4112533333333333,],
[0.4658,0.5341999999999999,],
[0.5677977777777778,0.4322022222222222,],
[0.6205733333333334,0.3794266666666666,],
[0.4298177777777777,0.5701822222222223,],
[0.4757688888888889,0.524231111111111,],
[0.6536044444444445,0.3463955555555555,],
[0.4575733333333333,0.5424266666666666,],
[0.6389355555555556,0.3610644444444445,],
[0.3439355555555555,0.6560644444444443,],
[0.4109155555555555,0.5890844444444443,],
[0.4286733333333333,0.5713266666666668,],
[0.6722488888888888,0.3277511111111111,],
[0.4379044444444444,0.5620955555555556,],
[0.4870488888888889,0.512951111111111,],
[0.5628644444444445,0.4371355555555556,],
[0.632028888888889,0.367971111111111,],
[0.4067444444444444,0.5932555555555555,],
[0.4611266666666667,0.5388733333333333,],
[0.6309911111111112,0.3690088888888888,],
[0.4369177777777778,0.5630822222222223,],
[0.3538422222222222,0.6461577777777778,],
[0.4783755555555556,0.5216244444444446,],
[0.3458622222222222,0.6541377777777778,],
[0.5235422222222222,0.4764577777777777,],
[0.5114866666666666,0.4885133333333334,],
[0.5616111111111111,0.4383888888888889,],
[0.524371111111111,0.4756288888888889,],
[0.6535955555555556,0.3464044444444444,],
[0.5042466666666667,0.4957533333333334,],
[0.63928,0.36072,],
[0.4490022222222222,0.5509977777777777,],
[0.3431400000000001,0.65686,],
[0.48764,0.51236,],
[0.4391911111111111,0.5608088888888888,],
[0.4621666666666667,0.5378333333333334,],
[0.5941444444444445,0.4058555555555555,],
[0.5219288888888889,0.4780711111111111,],
[0.4543044444444445,0.5456955555555556,],
[0.5536422222222223,0.4463577777777778,],
[0.3591622222222222,0.640837777777778,],
[0.5164199999999999,0.48358,],
[0.4264155555555555,0.5735844444444446,],
[0.4879444444444445,0.5120555555555556,],
[0.3199777777777778,0.6800222222222222,],
[0.4092133333333333,0.5907866666666667,],
[0.5268888888888889,0.4731111111111111,],
[0.3606333333333334,0.6393666666666667,],
[0.5906111111111111,0.4093888888888889,],
[0.5850755555555556,0.4149244444444444,],
[0.37884,0.62116,],
[0.6183755555555556,0.3816244444444444,],
[0.5995888888888888,0.4004111111111111,],
[0.5500755555555557,0.4499244444444444,],
[0.5211866666666667,0.4788133333333333,],
[0.5490511111111112,0.4509488888888889,],
[0.5039822222222222,0.4960177777777778,],
[0.5341222222222223,0.4658777777777778,],
[0.6221111111111111,0.3778888888888888,],
[0.649837777777778,0.3501622222222222,],
[0.5294955555555556,0.4705044444444445,],
[0.6374222222222223,0.3625777777777778,],
[0.5770600000000001,0.42294,],
[0.4074577777777778,0.5925422222222221,],
[0.53786,0.46214,],
[0.4687511111111111,0.5312488888888889,],
[0.5854955555555555,0.4145044444444444,],
[0.4141844444444444,0.5858155555555555,],
[0.5316222222222223,0.4683777777777778,],
[0.5747000000000001,0.4253,],
[0.4844911111111112,0.5155088888888889,],
[0.4110222222222222,0.5889777777777777,],
[0.5000555555555556,0.4999444444444444,],
[0.6580644444444445,0.3419355555555555,],
[0.44836,0.5516399999999999,],
[0.5881799999999999,0.41182,],
[0.5836555555555555,0.4163444444444444,],
[0.5875177777777777,0.4124822222222222,],
[0.6739688888888888,0.3260311111111111,],
[0.6684777777777777,0.3315222222222222,],
[0.4964244444444444,0.5035755555555556,],
[0.5919666666666666,0.4080333333333333,],
[0.4597844444444445,0.5402155555555556,],
[0.4960822222222223,0.5039177777777778,],
[0.6072844444444444,0.3927155555555555,],
[0.3603333333333333,0.6396666666666668,],
[0.4942444444444444,0.5057555555555554,],
[0.6613844444444443,0.3386155555555556,],
[0.38854,0.61146,],
[0.5206266666666667,0.4793733333333333,],
[0.5515266666666667,0.4484733333333333,],
[0.5214222222222222,0.4785777777777778,],
[0.6613755555555555,0.3386244444444445,],
[0.5634777777777779,0.4365222222222222,],
[0.4877977777777778,0.5122022222222223,],
[0.5005088888888889,0.4994911111111111,],
[0.4096044444444444,0.5903955555555555,],
[0.6120977777777777,0.3879022222222222,],
[0.6598422222222222,0.3401577777777777,],
[0.5831288888888888,0.416871111111111,],
[0.3537155555555555,0.6462844444444444,],
[0.6401155555555555,0.3598844444444445,],
[0.5524199999999999,0.44758,],
[0.612991111111111,0.3870088888888888,],
[0.5159533333333334,0.4840466666666667,],
[0.3408288888888889,0.6591711111111112,],
[0.4136577777777777,0.5863422222222222,],
[0.5895311111111111,0.4104688888888888,],
[0.3345711111111111,0.6654288888888888,],
[0.4861666666666666,0.5138333333333334,],
[0.5627733333333333,0.4372266666666667,],
[0.5944400000000001,0.4055599999999999,],
[0.3696044444444444,0.6303955555555556,],
[0.4390244444444445,0.5609755555555556,],
[0.4435444444444445,0.5564555555555556,],
[0.5143511111111111,0.4856488888888889,],
[0.4368977777777778,0.5631022222222222,],
[0.53482,0.46518,],
[0.3602,0.6398,],
[0.6061733333333332,0.3938266666666666,],
[0.4961066666666667,0.5038933333333333,],
[0.622028888888889,0.3779711111111111,],
[0.4141911111111111,0.5858088888888888,],
[0.5772333333333335,0.4227666666666667,],
[0.4983444444444445,0.5016555555555555,],
[0.5890044444444443,0.4109955555555556,],
[0.6661577777777778,0.3338422222222222,],
[0.4151799999999999,0.58482,],
[0.6602999999999999,0.3397,],
[0.5156177777777777,0.4843822222222223,],
[0.36442,0.63558,],
[0.4506022222222222,0.5493977777777778,],
[0.3624533333333333,0.6375466666666667,],
[0.3944755555555555,0.6055244444444444,],
[0.5153733333333332,0.4846266666666667,],
[0.4497466666666666,0.5502533333333334,],
[0.509291111111111,0.4907088888888889,],
[0.6576511111111111,0.3423488888888889,],
[0.5514777777777777,0.4485222222222222,],
[0.4826511111111111,0.5173488888888889,],
[0.52796,0.47204,],
[0.631988888888889,0.3680111111111111,],
[0.5264355555555555,0.4735644444444445,],
[0.4090933333333333,0.5909066666666666,],
[0.6389155555555556,0.3610844444444445,],
[0.3464533333333333,0.6535466666666667,],
[0.5231488888888889,0.4768511111111111,],
[0.5972355555555554,0.4027644444444444,],
[0.49582,0.5041800000000001,],
[0.6603444444444444,0.3396555555555555,],
[0.3886422222222223,0.6113577777777778,],
[0.5237222222222222,0.4762777777777778,],
[0.3466066666666667,0.6533933333333334,],
[0.32676,0.6732399999999999,],
[0.4134955555555555,0.5865044444444445,],
[0.5624533333333334,0.4375466666666667,],
[0.3678933333333333,0.6321066666666667,],
[0.5703533333333334,0.4296466666666667,],
[0.3809777777777777,0.6190222222222223,],
[0.5056955555555556,0.4943044444444444,],
[0.3604088888888889,0.6395911111111112,],
[0.3476777777777778,0.6523222222222222,],
[0.4138177777777777,0.5861822222222223,],
[0.5754222222222223,0.4245777777777778,],
[0.5167666666666667,0.4832333333333333,],
[0.3689577777777777,0.6310422222222223,],
[0.6953044444444445,0.3046955555555556,],
[0.5221911111111112,0.4778088888888888,],
[0.4527711111111111,0.5472288888888889,],
[0.665391111111111,0.3346088888888888,],
[0.4640022222222223,0.5359977777777778,],
[0.4461866666666667,0.5538133333333333,],
[0.6420133333333333,0.3579866666666666,],
[0.4404755555555555,0.5595244444444445,],
[0.3898555555555555,0.6101444444444444,],
[0.5129266666666666,0.4870733333333334,],
[0.43586,0.56414,],
[0.59968,0.40032,],
[0.6429866666666667,0.3570133333333333,],
[0.5879444444444444,0.4120555555555555,],
[0.3254177777777778,0.6745822222222222,],
[0.4995977777777778,0.5004022222222222,],
[0.3555688888888889,0.6444311111111112,],
[0.6143977777777778,0.3856022222222222,],
[0.4833111111111111,0.5166888888888889,],
[0.6706022222222222,0.3293977777777778,],
[0.5719422222222222,0.4280577777777778,],
[0.4903777777777777,0.5096222222222222,],
[0.5470866666666666,0.4529133333333333,],
[0.4140222222222221,0.5859777777777778,],
[0.53268,0.46732,],
[0.3391511111111111,0.6608488888888887,],
[0.6113622222222223,0.3886377777777778,],
[0.4686711111111111,0.531328888888889,],
[0.4651466666666667,0.5348533333333333,],
[0.5892822222222222,0.4107177777777777,],
[0.6220311111111112,0.3779688888888889,],
[0.4963644444444444,0.5036355555555555,],
[0.3603088888888889,0.6396911111111112,],
[0.6526688888888889,0.3473311111111111,],
[0.5238377777777777,0.4761622222222222,],
[0.3723577777777777,0.6276422222222222,],
[0.5632200000000001,0.4367799999999999,],
[0.5411688888888889,0.4588311111111111,],
[0.3089466666666666,0.6910533333333333,],
[0.3703133333333333,0.6296866666666667,],
[0.4074666666666666,0.5925333333333332,],
[0.5036288888888889,0.4963711111111111,],
[0.3649844444444444,0.6350155555555556,],
[0.4878066666666667,0.5121933333333334,],
[0.3207355555555556,0.6792644444444443,],
[0.3438044444444444,0.6561955555555555,],
[0.55146,0.44854,],
[0.3612244444444445,0.6387755555555557,],
[0.5897044444444444,0.4102955555555556,],
[0.4504755555555555,0.5495244444444445,],
[0.4912577777777777,0.5087422222222222,],
[0.4442066666666666,0.5557933333333335,],
[0.5473266666666667,0.4526733333333334,],
[0.3424866666666667,0.6575133333333333,],
[0.5513422222222222,0.4486577777777778,],
[0.4474022222222223,0.5525977777777777,],
[0.6577422222222222,0.3422577777777778,],
[0.4984111111111111,0.5015888888888889,],
[0.5082933333333333,0.4917066666666667,],
[0.4721577777777778,0.5278422222222222,],
[0.6409155555555556,0.3590844444444445,],
[0.4147088888888888,0.5852911111111111,],
[0.6286888888888889,0.371311111111111,],
[0.4398355555555555,0.5601644444444445,],
[0.5125577777777779,0.4874422222222222,],
[0.4522066666666667,0.5477933333333335,],
[0.5213022222222223,0.4786977777777778,],
[0.53426,0.46574,],
[0.4230911111111111,0.576908888888889,],
[0.5197733333333333,0.4802266666666666,],
[0.6332111111111111,0.3667888888888888,],
[0.4428644444444445,0.5571355555555556,],
[0.4364377777777778,0.5635622222222223,],
[0.506251111111111,0.4937488888888889,],
[0.6385244444444446,0.3614755555555556,],
[0.4208777777777777,0.5791222222222222,],
[0.6485311111111112,0.3514688888888889,],
[0.6662644444444444,0.3337355555555556,],
[0.5173866666666667,0.4826133333333333,],
[0.41328,0.58672,],
[0.3266777777777778,0.6733222222222222,],
[0.4793111111111111,0.5206888888888889,],
[0.3777466666666666,0.6222533333333333,],
[0.4455955555555555,0.5544044444444445,],
[0.5334644444444444,0.4665355555555556,],
[0.6316711111111112,0.3683288888888889,],
[0.42092,0.57908,],
[0.3388955555555556,0.6611044444444444,],
[0.4532955555555555,0.5467044444444444,],
[0.4954133333333333,0.5045866666666667,],
[0.3611066666666666,0.6388933333333333,],
[0.5531288888888889,0.4468711111111111,],
[0.52952,0.4704800000000001,],
[0.59126,0.40874,],
[0.3767711111111111,0.6232288888888888,],
[0.3840755555555556,0.6159244444444444,],
[0.5746822222222223,0.4253177777777778,],
[0.516371111111111,0.4836288888888889,],
[0.425971111111111,0.5740288888888889,],
[0.6598644444444445,0.3401355555555555,],
[0.4141888888888889,0.5858111111111111,],
[0.59812,0.40188,],
[0.6067022222222223,0.3932977777777778,],
[0.4218888888888888,0.5781111111111111,],
[0.6567977777777777,0.3432022222222222,],
[0.4360733333333333,0.5639266666666667,],
[0.6300755555555555,0.3699244444444444,],
[0.4008711111111111,0.5991288888888888,],
[0.3641311111111111,0.6358688888888888,],
[0.4536466666666667,0.5463533333333335,],
[0.5228377777777777,0.4771622222222222,],
[0.2771088888888889,0.7228911111111112,],
[0.5391955555555555,0.4608044444444445,],
[0.5549444444444445,0.4450555555555555,],
[0.671371111111111,0.3286288888888889,],
[0.6394844444444445,0.3605155555555556,],
[0.5041422222222223,0.4958577777777778,],
[0.4418133333333333,0.5581866666666667,],
[0.3903733333333333,0.6096266666666665,],
[0.4390466666666666,0.5609533333333333,],
[0.5139400000000001,0.48606,],
[0.5121955555555556,0.4878044444444445,],
[0.5614066666666667,0.4385933333333333,],
[0.5531066666666667,0.4468933333333333,],
[0.5282711111111111,0.4717288888888889,],
[0.3619888888888889,0.6380111111111111,],
[0.4079555555555555,0.5920444444444444,],
[0.4121355555555555,0.5878644444444444,],
[0.5916688888888889,0.408331111111111,],
[0.6122244444444445,0.3877755555555555,],
[0.6452022222222222,0.3547977777777778,],
[0.5377666666666667,0.4622333333333333,],
[0.4803622222222222,0.5196377777777778,],
[0.4126422222222222,0.5873577777777778,],
[0.32502,0.67498,],
[0.4972088888888889,0.5027911111111111,],
[0.3940555555555555,0.6059444444444444,],
[0.4511622222222222,0.5488377777777779,],
[0.5091088888888889,0.4908911111111111,],
[0.5531422222222223,0.4468577777777778,],
[0.3602111111111111,0.639788888888889,],
[0.6289733333333333,0.3710266666666666,],
[0.5934222222222222,0.4065777777777778,],
[0.3688488888888888,0.6311511111111112,],
[0.4666511111111111,0.5333488888888888,],
[0.5624377777777778,0.4375622222222222,],
[0.4855133333333334,0.5144866666666666,],
[0.5137533333333333,0.4862466666666667,],
[0.3205466666666667,0.6794533333333334,],
[0.4606844444444445,0.5393155555555555,],
[0.408371111111111,0.5916288888888889,],
[0.5536822222222222,0.4463177777777778,],
[0.4757111111111111,0.5242888888888888,],
[0.3687311111111111,0.6312688888888889,],
[0.56406,0.43594,],
[0.6531288888888889,0.3468711111111111,],
[0.4759044444444444,0.5240955555555555,],
[0.6295244444444444,0.3704755555555556,],
[0.5935733333333333,0.4064266666666667,],
[0.3877622222222222,0.6122377777777779,],
[0.4399466666666667,0.5600533333333334,],
[0.6330244444444444,0.3669755555555555,],
[0.4963955555555555,0.5036044444444444,],
[0.6187355555555555,0.3812644444444445,],
[0.4284288888888889,0.5715711111111111,],
[0.51298,0.48702,],
[0.4436688888888889,0.5563311111111111,],
[0.3771888888888889,0.6228111111111112,],
[0.5861622222222223,0.4138377777777777,],
[0.5377977777777778,0.4622022222222222,],
[0.4075577777777777,0.5924422222222222,],
[0.6399777777777779,0.3600222222222222,],
[0.5182333333333333,0.4817666666666666,],
[0.6048511111111111,0.3951488888888889,],
[0.5147644444444444,0.4852355555555555,],
[0.5216177777777778,0.4783822222222222,],
[0.4526133333333334,0.5473866666666667,],
[0.4900355555555556,0.5099644444444444,],
[0.5648177777777779,0.4351822222222222,],
[0.4446222222222222,0.5553777777777779,],
[0.5123333333333333,0.4876666666666667,],
[0.5520111111111111,0.4479888888888889,],
[0.5208933333333333,0.4791066666666667,],
[0.3935911111111111,0.6064088888888888,],
[0.4956200000000001,0.5043800000000001,],
[0.5512622222222221,0.4487377777777777,],
[0.3599488888888889,0.6400511111111111,],
[0.5615933333333333,0.4384066666666667,],
[0.5147044444444444,0.4852955555555555,],
[0.3382066666666667,0.6617933333333332,],
[0.6120888888888889,0.3879111111111111,],
[0.5151066666666666,0.4848933333333333,],
[0.3942622222222222,0.6057377777777777,],
[0.4378444444444444,0.5621555555555556,],
[0.3728399999999999,0.6271600000000001,],
[0.4948288888888889,0.5051711111111111,],
[0.3923466666666667,0.6076533333333333,],
[0.5710977777777778,0.4289022222222222,],
[0.6210644444444444,0.3789355555555556,],
[0.5084088888888888,0.4915911111111111,],
[0.5500133333333335,0.4499866666666666,],
[0.4643511111111112,0.5356488888888888,],
[0.6413822222222223,0.3586177777777778,],
[0.4993444444444444,0.5006555555555555,],
[0.4333533333333333,0.5666466666666667,],
[0.3600822222222222,0.6399177777777779,],
[0.6000866666666667,0.3999133333333333,],
[0.4520155555555556,0.5479844444444445,],
[0.5214866666666667,0.4785133333333333,],
[0.5533644444444444,0.4466355555555556,],
[0.38856,0.61144,],
[0.5134311111111111,0.4865688888888889,],
[0.4561688888888889,0.543831111111111,],
[0.5862733333333333,0.4137266666666666,],
[0.3408711111111111,0.6591288888888889,],
[0.6840000000000001,0.3160000000000001,],
[0.5315022222222223,0.4684977777777778,],
[0.4426266666666667,0.5573733333333334,],
[0.5752044444444445,0.4247955555555555,],
[0.4084666666666666,0.5915333333333332,],
[0.6232422222222223,0.3767577777777777,],
[0.5039777777777777,0.4960222222222222,],
[0.3605333333333333,0.6394666666666667,],
[0.4090444444444444,0.5909555555555556,],
[0.46134,0.53866,],
[0.4819511111111111,0.5180488888888889,],
[0.3973266666666667,0.6026733333333334,],
[0.5500733333333334,0.4499266666666666,],
[0.5093977777777777,0.4906022222222222,],
[0.48342,0.5165799999999999,],
[0.3596111111111112,0.6403888888888889,],
[0.5699733333333333,0.4300266666666667,],
[0.6625044444444443,0.3374955555555555,],
[0.4236955555555555,0.5763044444444445,],
[0.466048888888889,0.533951111111111,],
[0.6730733333333333,0.3269266666666667,],
[0.4298933333333333,0.5701066666666667,],
[0.3654577777777778,0.6345422222222222,],
[0.4949977777777778,0.5050022222222222,],
[0.4054244444444444,0.5945755555555555,],
[0.3695044444444444,0.6304955555555557,],
[0.3653488888888889,0.6346511111111111,],
[0.5042733333333335,0.4957266666666667,],
[0.4958222222222222,0.5041777777777778,],
[0.3939377777777778,0.6060622222222222,],
[0.6164688888888888,0.3835311111111112,],
[0.5401511111111111,0.4598488888888889,],
[0.5630177777777777,0.4369822222222222,],
[0.6301777777777777,0.3698222222222222,],
[0.5876866666666666,0.4123133333333333,],
[0.6738555555555555,0.3261444444444445,],
[0.5354688888888889,0.4645311111111111,],
[0.6397377777777778,0.3602622222222222,],
[0.4133177777777777,0.5866822222222222,],
[0.46696,0.53304,],
[0.41256,0.5874399999999999,],
[0.4733777777777778,0.5266222222222221,],
[0.5121555555555556,0.4878444444444444,],
[0.3784,0.6216,],
[0.5633911111111112,0.4366088888888889,],
[0.6306333333333334,0.3693666666666666,],
[0.5699311111111111,0.4300688888888889,],
[0.6717533333333333,0.3282466666666666,],
[0.5857688888888888,0.4142311111111111,],
[0.5311333333333333,0.4688666666666667,],
[0.4858533333333333,0.5141466666666666,],
[0.6219711111111111,0.3780288888888889,],
[0.6002444444444444,0.3997555555555555,],
[0.6278911111111111,0.3721088888888889,],
[0.3941511111111111,0.6058488888888889,],
[0.5147755555555555,0.4852244444444444,],
[0.6054644444444445,0.3945355555555555,],
[0.4279777777777777,0.5720222222222222,],
[0.5467488888888888,0.4532511111111111,],
[0.5841511111111111,0.4158488888888889,],
[0.4605000000000001,0.5395000000000001,],
[0.4071933333333333,0.5928066666666667,],
[0.6185355555555555,0.3814644444444444,],
[0.4652511111111111,0.5347488888888888,],
[0.5071244444444444,0.4928755555555556,],
[0.4512088888888889,0.5487911111111111,],
[0.6660822222222222,0.3339177777777778,],
[0.64584,0.35416,],
[0.6210666666666667,0.3789333333333333,],
[0.5136244444444446,0.4863755555555556,],
[0.5234355555555555,0.4765644444444444,],
[0.5547911111111111,0.4452088888888889,],
[0.4478533333333334,0.5521466666666667,],
[0.64056,0.35944,],
[0.5255422222222221,0.4744577777777778,],
[0.5549822222222222,0.4450177777777777,],
[0.3616844444444444,0.6383155555555556,],
[0.4611644444444445,0.5388355555555555,],
[0.3563133333333334,0.6436866666666667,],
[0.4396888888888889,0.5603111111111111,],
[0.5628155555555556,0.4371844444444445,],
[0.4861066666666667,0.5138933333333333,],
[0.4676755555555556,0.5323244444444445,],
[0.3142844444444445,0.6857155555555555,],
];;
