nc_marginals := [
[0.5562555555555556,0.4437444444444444,],
[0.5244955555555555,0.4755044444444445,],
[0.4878822222222222,0.5121177777777778,],
[0.3324488888888888,0.6675511111111111,],
[0.5063599999999999,0.49364,],
[0.577688888888889,0.4223111111111111,],
[0.4488288888888889,0.5511711111111112,],
[0.4668822222222223,0.5331177777777777,],
[0.6257644444444445,0.3742355555555555,],
[0.5093799999999999,0.49062,],
[0.4588711111111111,0.5411288888888889,],
[0.5045355555555556,0.4954644444444444,],
[0.4502466666666667,0.5497533333333334,],
[0.6479822222222222,0.3520177777777778,],
[0.3843777777777778,0.6156222222222222,],
[0.6373066666666667,0.3626933333333333,],
[0.5064222222222222,0.4935777777777778,],
[0.4548777777777778,0.5451222222222223,],
[0.5325711111111111,0.4674288888888889,],
[0.3638866666666667,0.6361133333333334,],
[0.4182644444444444,0.5817355555555556,],
[0.4786622222222222,0.5213377777777779,],
[0.5011777777777778,0.4988222222222222,],
[0.3348911111111111,0.6651088888888889,],
[0.51112,0.48888,],
[0.4173466666666666,0.5826533333333334,],
[0.4944866666666667,0.5055133333333333,],
[0.5341022222222223,0.4658977777777778,],
[0.4977577777777778,0.5022422222222223,],
[0.4986022222222222,0.5013977777777777,],
[0.6009977777777779,0.3990022222222222,],
[0.4628377777777778,0.5371622222222223,],
[0.36374,0.63626,],
[0.4340533333333333,0.5659466666666667,],
[0.598211111111111,0.4017888888888889,],
[0.5709911111111111,0.4290088888888889,],
[0.3419488888888889,0.6580511111111111,],
[0.5563911111111112,0.4436088888888889,],
[0.4947155555555555,0.5052844444444444,],
[0.56302,0.43698,],
[0.5053955555555555,0.4946044444444445,],
[0.4792511111111111,0.5207488888888889,],
[0.5165288888888888,0.4834711111111111,],
[0.4080844444444444,0.5919155555555556,],
[0.6121622222222223,0.3878377777777778,],
[0.6083688888888888,0.3916311111111111,],
[0.5446955555555556,0.4553044444444445,],
[0.62838,0.37162,],
[0.371391111111111,0.628608888888889,],
[0.5371511111111111,0.4628488888888889,],
[0.4486177777777777,0.5513822222222222,],
[0.5959244444444444,0.4040755555555555,],
[0.3651422222222221,0.6348577777777777,],
[0.5802622222222222,0.4197377777777777,],
[0.3986066666666667,0.6013933333333333,],
[0.6652133333333333,0.3347866666666666,],
[0.5813244444444444,0.4186755555555555,],
[0.49082,0.50918,],
[0.4540866666666667,0.5459133333333333,],
[0.5069066666666665,0.4930933333333333,],
[0.4289066666666667,0.5710933333333333,],
[0.3173466666666666,0.6826533333333333,],
[0.4032888888888888,0.5967111111111111,],
[0.3189533333333334,0.6810466666666666,],
[0.5015955555555555,0.4984044444444444,],
[0.6015777777777778,0.3984222222222222,],
[0.64922,0.35078,],
[0.6114311111111111,0.3885688888888889,],
[0.3278822222222222,0.6721177777777777,],
[0.3390488888888889,0.6609511111111109,],
[0.5070199999999999,0.49298,],
[0.3718755555555555,0.6281244444444445,],
[0.6309866666666667,0.3690133333333333,],
[0.4934066666666667,0.5065933333333333,],
[0.5973999999999999,0.4026,],
[0.4063133333333334,0.5936866666666666,],
[0.5260311111111111,0.4739688888888889,],
[0.5850755555555556,0.4149244444444444,],
[0.3257555555555555,0.6742444444444444,],
[0.5550711111111111,0.4449288888888889,],
[0.4495111111111111,0.5504888888888889,],
[0.6676155555555555,0.3323844444444444,],
[0.5637555555555557,0.4362444444444444,],
[0.4054577777777778,0.5945422222222222,],
[0.42904,0.5709599999999999,],
[0.5878266666666666,0.4121733333333332,],
[0.5557422222222222,0.4442577777777778,],
[0.3265733333333333,0.6734266666666666,],
[0.5382311111111111,0.461768888888889,],
[0.4068311111111111,0.5931688888888889,],
[0.4847755555555556,0.5152244444444444,],
[0.5359555555555555,0.4640444444444445,],
[0.3286133333333333,0.6713866666666666,],
[0.3396977777777778,0.6603022222222221,],
[0.4949,0.5051,],
[0.6326622222222222,0.3673377777777777,],
[0.5308622222222222,0.4691377777777778,],
[0.6338955555555555,0.3661044444444444,],
[0.4926644444444445,0.5073355555555554,],
[0.5355622222222223,0.4644377777777778,],
[0.3662688888888889,0.6337311111111111,],
[0.565868888888889,0.4341311111111111,],
[0.6036777777777778,0.3963222222222222,],
[0.3616422222222223,0.6383577777777778,],
[0.5242666666666665,0.4757333333333333,],
[0.6009511111111111,0.3990488888888889,],
[0.5633755555555556,0.4366244444444444,],
[0.4944822222222223,0.5055177777777777,],
[0.3493111111111111,0.650688888888889,],
[0.4257844444444444,0.5742155555555556,],
[0.4241022222222222,0.575897777777778,],
[0.4066355555555555,0.5933644444444444,],
[0.5954333333333334,0.4045666666666666,],
[0.6483800000000001,0.35162,],
[0.5497555555555557,0.4502444444444444,],
[0.6279333333333333,0.3720666666666666,],
[0.4285866666666667,0.5714133333333334,],
[0.4103733333333333,0.5896266666666666,],
[0.5609822222222223,0.4390177777777778,],
[0.3515444444444444,0.6484555555555556,],
[0.6047711111111111,0.3952288888888889,],
[0.3614266666666667,0.6385733333333334,],
[0.3862955555555556,0.6137044444444445,],
[0.4427444444444444,0.5572555555555555,],
[0.5208555555555555,0.4791444444444445,],
[0.5992911111111111,0.4007088888888888,],
[0.5482488888888889,0.4517511111111112,],
[0.5882799999999999,0.41172,],
[0.4024977777777777,0.5975022222222222,],
[0.4765111111111111,0.5234888888888889,],
[0.3461422222222222,0.6538577777777778,],
[0.5001022222222222,0.4998977777777778,],
[0.5065999999999999,0.4934,],
[0.4268311111111111,0.5731688888888888,],
[0.5242111111111111,0.4757888888888889,],
[0.6009377777777778,0.3990622222222222,],
[0.4658,0.5341999999999999,],
[0.5677977777777778,0.4322022222222222,],
[0.5811688888888888,0.4188311111111111,],
[0.4503577777777778,0.5496422222222224,],
[0.4545755555555556,0.5454244444444445,],
[0.6405622222222223,0.3594377777777777,],
[0.4825155555555556,0.5174844444444443,],
[0.6279511111111111,0.3720488888888888,],
[0.3439355555555555,0.6560644444444443,],
[0.4109155555555555,0.5890844444444443,],
[0.4573711111111112,0.5426288888888888,],
[0.6530088888888889,0.3469911111111111,],
[0.4114911111111111,0.5885088888888889,],
[0.5177755555555555,0.4822244444444445,],
[0.5374666666666666,0.4625333333333334,],
[0.6449377777777777,0.3550622222222222,],
[0.4037955555555555,0.5962044444444443,],
[0.4470911111111111,0.5529088888888889,],
[0.6677511111111111,0.3322488888888889,],
[0.4497488888888889,0.5502511111111111,],
[0.3538422222222222,0.6461577777777778,],
[0.4783755555555556,0.5216244444444446,],
[0.3274844444444445,0.6725155555555555,],
[0.47906,0.52094,],
[0.5139400000000001,0.48606,],
[0.5869,0.4131,],
[0.5223822222222223,0.4776177777777778,],
[0.6370733333333334,0.3629266666666667,],
[0.4944044444444444,0.5055955555555555,],
[0.6176844444444444,0.3823155555555555,],
[0.4420266666666667,0.5579733333333334,],
[0.3141955555555556,0.6858044444444443,],
[0.4857777777777778,0.5142222222222222,],
[0.4259644444444444,0.5740355555555555,],
[0.4632466666666667,0.5367533333333333,],
[0.6013355555555555,0.3986644444444444,],
[0.5218711111111112,0.4781288888888889,],
[0.4517244444444445,0.5482755555555555,],
[0.5616711111111111,0.4383288888888889,],
[0.3507377777777778,0.6492622222222223,],
[0.5249977777777778,0.4750022222222222,],
[0.4304177777777777,0.5695822222222222,],
[0.5011133333333333,0.4988866666666666,],
[0.3362222222222222,0.6637777777777777,],
[0.4313066666666667,0.5686933333333334,],
[0.5285733333333333,0.4714266666666667,],
[0.3801177777777778,0.6198822222222222,],
[0.5861088888888889,0.413891111111111,],
[0.5985066666666666,0.4014933333333333,],
[0.4040866666666666,0.5959133333333333,],
[0.6183755555555556,0.3816244444444444,],
[0.5995888888888888,0.4004111111111111,],
[0.5849288888888889,0.4150711111111111,],
[0.5304977777777777,0.4695022222222223,],
[0.5490511111111112,0.4509488888888889,],
[0.5039822222222222,0.4960177777777778,],
[0.5341222222222223,0.4658777777777778,],
[0.6221111111111111,0.3778888888888888,],
[0.649837777777778,0.3501622222222222,],
[0.5294955555555556,0.4705044444444445,],
[0.6374222222222223,0.3625777777777778,],
[0.5770600000000001,0.42294,],
[0.3959955555555555,0.6040044444444445,],
[0.5579955555555557,0.4420044444444444,],
[0.5161266666666666,0.4838733333333333,],
[0.5543511111111112,0.4456488888888889,],
[0.4131355555555555,0.5868644444444444,],
[0.5122266666666667,0.4877733333333333,],
[0.5627911111111111,0.4372088888888889,],
[0.4934044444444445,0.5065955555555555,],
[0.4313511111111111,0.5686488888888889,],
[0.4846044444444444,0.5153955555555555,],
[0.6498822222222224,0.3501177777777778,],
[0.4872466666666667,0.5127533333333334,],
[0.5881799999999999,0.41182,],
[0.5836555555555555,0.4163444444444444,],
[0.5716444444444445,0.4283555555555555,],
[0.6688022222222222,0.3311977777777778,],
[0.6684777777777777,0.3315222222222222,],
[0.4964244444444444,0.5035755555555556,],
[0.599331111111111,0.4006688888888889,],
[0.4626622222222222,0.5373377777777778,],
[0.5394444444444445,0.4605555555555556,],
[0.6200377777777778,0.3799622222222222,],
[0.3795822222222223,0.6204177777777777,],
[0.5197799999999999,0.48022,],
[0.6369777777777778,0.3630222222222222,],
[0.3826177777777777,0.6173822222222222,],
[0.5305955555555556,0.4694044444444445,],
[0.5862177777777778,0.4137822222222222,],
[0.5214222222222222,0.4785777777777778,],
[0.6613755555555555,0.3386244444444445,],
[0.5744777777777779,0.4255222222222222,],
[0.4839377777777778,0.5160622222222221,],
[0.5005088888888889,0.4994911111111111,],
[0.4096044444444444,0.5903955555555555,],
[0.5877577777777777,0.4122422222222222,],
[0.6533444444444445,0.3466555555555556,],
[0.5831288888888888,0.416871111111111,],
[0.3537155555555555,0.6462844444444444,],
[0.6547311111111112,0.3452688888888888,],
[0.5674400000000001,0.43256,],
[0.6361955555555556,0.3638044444444444,],
[0.5402266666666666,0.4597733333333334,],
[0.3231133333333334,0.6768866666666666,],
[0.42566,0.57434,],
[0.5741533333333334,0.4258466666666666,],
[0.3337,0.6663,],
[0.4851111111111111,0.5148888888888887,],
[0.5733333333333334,0.4266666666666666,],
[0.6026533333333334,0.3973466666666667,],
[0.3631955555555555,0.6368044444444445,],
[0.4390244444444445,0.5609755555555556,],
[0.4435444444444445,0.5564555555555556,],
[0.5062155555555554,0.4937844444444445,],
[0.4279511111111111,0.5720488888888888,],
[0.5329111111111111,0.4670888888888889,],
[0.3644822222222222,0.6355177777777777,],
[0.6204422222222222,0.3795577777777778,],
[0.5392400000000001,0.46076,],
[0.6298533333333334,0.3701466666666666,],
[0.43894,0.56106,],
[0.5772333333333335,0.4227666666666667,],
[0.4983444444444445,0.5016555555555555,],
[0.6331111111111111,0.3668888888888888,],
[0.6633311111111111,0.3366688888888889,],
[0.4120466666666666,0.5879533333333332,],
[0.64184,0.35816,],
[0.5156177777777777,0.4843822222222223,],
[0.36442,0.63558,],
[0.4506022222222222,0.5493977777777778,],
[0.3624533333333333,0.6375466666666667,],
[0.4177355555555555,0.5822644444444445,],
[0.5119466666666667,0.4880533333333333,],
[0.4521044444444445,0.5478955555555556,],
[0.5069755555555555,0.4930244444444445,],
[0.6789488888888888,0.3210511111111111,],
[0.6103844444444445,0.3896155555555555,],
[0.4826511111111111,0.5173488888888889,],
[0.52796,0.47204,],
[0.631988888888889,0.3680111111111111,],
[0.5264355555555555,0.4735644444444445,],
[0.3837466666666666,0.6162533333333333,],
[0.6441444444444445,0.3558555555555555,],
[0.3275488888888889,0.6724511111111111,],
[0.48048,0.51952,],
[0.5972355555555554,0.4027644444444444,],
[0.49582,0.5041800000000001,],
[0.63752,0.36248,],
[0.3850688888888888,0.6149311111111111,],
[0.4803777777777777,0.5196222222222222,],
[0.3284644444444444,0.6715355555555556,],
[0.3183977777777778,0.6816022222222222,],
[0.4037577777777777,0.5962422222222221,],
[0.5554511111111112,0.4445488888888889,],
[0.3416955555555555,0.6583044444444444,],
[0.5790644444444445,0.4209355555555556,],
[0.3660555555555556,0.6339444444444445,],
[0.4752311111111111,0.524768888888889,],
[0.3461955555555555,0.6538044444444444,],
[0.3476777777777778,0.6523222222222222,],
[0.4138177777777777,0.5861822222222223,],
[0.5879333333333333,0.4120666666666666,],
[0.5481711111111111,0.4518288888888889,],
[0.3689577777777777,0.6310422222222223,],
[0.6953044444444445,0.3046955555555556,],
[0.5203155555555555,0.4796844444444445,],
[0.45356,0.54644,],
[0.665391111111111,0.3346088888888888,],
[0.4640022222222223,0.5359977777777778,],
[0.4400133333333333,0.5599866666666667,],
[0.6639799999999999,0.33602,],
[0.4428044444444444,0.5571955555555557,],
[0.3699266666666666,0.6300733333333333,],
[0.5066866666666666,0.4933133333333334,],
[0.4294022222222222,0.5705977777777778,],
[0.59968,0.40032,],
[0.6429866666666667,0.3570133333333333,],
[0.6224555555555557,0.3775444444444444,],
[0.339391111111111,0.6606088888888888,],
[0.4995977777777778,0.5004022222222222,],
[0.3555688888888889,0.6444311111111112,],
[0.6202177777777779,0.3797822222222222,],
[0.45758,0.54242,],
[0.6737644444444445,0.3262355555555556,],
[0.57074,0.42926,],
[0.5232355555555556,0.4767644444444444,],
[0.5551088888888889,0.4448911111111111,],
[0.4137422222222222,0.5862577777777778,],
[0.5113533333333333,0.4886466666666667,],
[0.3333,0.6667,],
[0.6352822222222222,0.3647177777777778,],
[0.4686711111111111,0.531328888888889,],
[0.4651466666666667,0.5348533333333333,],
[0.5830977777777778,0.4169022222222221,],
[0.6342977777777778,0.3657022222222222,],
[0.4884577777777778,0.5115422222222222,],
[0.3310733333333333,0.6689266666666667,],
[0.6365311111111112,0.3634688888888889,],
[0.5221222222222223,0.4778777777777778,],
[0.4067733333333333,0.5932266666666667,],
[0.5376911111111111,0.4623088888888889,],
[0.5411688888888889,0.4588311111111111,],
[0.3089466666666666,0.6910533333333333,],
[0.3940244444444444,0.6059755555555555,],
[0.4225599999999999,0.5774400000000001,],
[0.4851466666666666,0.5148533333333332,],
[0.3801888888888889,0.6198111111111111,],
[0.5003644444444444,0.4996355555555556,],
[0.3357422222222222,0.6642577777777776,],
[0.3340133333333333,0.6659866666666666,],
[0.5444866666666667,0.4555133333333334,],
[0.3798288888888889,0.6201711111111111,],
[0.5856333333333333,0.4143666666666667,],
[0.4402444444444444,0.5597555555555557,],
[0.4753355555555556,0.5246644444444445,],
[0.4442066666666666,0.5557933333333335,],
[0.5473266666666667,0.4526733333333334,],
[0.3338866666666667,0.6661133333333333,],
[0.5437133333333333,0.4562866666666667,],
[0.4864888888888889,0.5135111111111111,],
[0.6494755555555556,0.3505244444444445,],
[0.4984111111111111,0.5015888888888889,],
[0.5082933333333333,0.4917066666666667,],
[0.4721577777777778,0.5278422222222222,],
[0.6409155555555556,0.3590844444444445,],
[0.4147088888888888,0.5852911111111111,],
[0.6286888888888889,0.371311111111111,],
[0.4649977777777778,0.5350022222222223,],
[0.5177533333333333,0.4822466666666667,],
[0.4519822222222222,0.5480177777777778,],
[0.5221266666666666,0.4778733333333333,],
[0.5364266666666667,0.4635733333333333,],
[0.4282955555555555,0.5717044444444446,],
[0.5197733333333333,0.4802266666666666,],
[0.6332111111111111,0.3667888888888888,],
[0.4428644444444445,0.5571355555555556,],
[0.4364377777777778,0.5635622222222223,],
[0.4941844444444444,0.5058155555555555,],
[0.61696,0.38304,],
[0.4208777777777777,0.5791222222222222,],
[0.6485311111111112,0.3514688888888889,],
[0.6662644444444444,0.3337355555555556,],
[0.5173866666666667,0.4826133333333333,],
[0.403311111111111,0.5966888888888888,],
[0.3189266666666667,0.6810733333333333,],
[0.4793111111111111,0.5206888888888889,],
[0.3777466666666666,0.6222533333333333,],
[0.4455955555555555,0.5544044444444445,],
[0.5334644444444444,0.4665355555555556,],
[0.6316711111111112,0.3683288888888889,],
[0.42092,0.57908,],
[0.3388955555555556,0.6611044444444444,],
[0.4532955555555555,0.5467044444444444,],
[0.4858422222222222,0.5141577777777778,],
[0.3309333333333333,0.6690666666666666,],
[0.5403822222222222,0.4596177777777778,],
[0.5114222222222222,0.4885777777777778,],
[0.5733733333333334,0.4266266666666666,],
[0.4081577777777777,0.5918422222222223,],
[0.3840755555555556,0.6159244444444444,],
[0.5746822222222223,0.4253177777777778,],
[0.5246844444444444,0.4753155555555555,],
[0.4310622222222222,0.5689377777777778,],
[0.6417244444444444,0.3582755555555555,],
[0.4095844444444444,0.5904155555555555,],
[0.59812,0.40188,],
[0.6067022222222223,0.3932977777777778,],
[0.4218888888888888,0.5781111111111111,],
[0.6567977777777777,0.3432022222222222,],
[0.4503266666666667,0.5496733333333335,],
[0.6667222222222222,0.3332777777777777,],
[0.4008711111111111,0.5991288888888888,],
[0.3641311111111111,0.6358688888888888,],
[0.4532755555555555,0.5467244444444445,],
[0.5205666666666666,0.4794333333333333,],
[0.2771088888888889,0.7228911111111112,],
[0.5391955555555555,0.4608044444444445,],
[0.5549444444444445,0.4450555555555555,],
[0.671371111111111,0.3286288888888889,],
[0.6333533333333333,0.3666466666666666,],
[0.4961533333333334,0.5038466666666667,],
[0.4418133333333333,0.5581866666666667,],
[0.3903733333333333,0.6096266666666665,],
[0.4638311111111111,0.5361688888888889,],
[0.517611111111111,0.4823888888888889,],
[0.5147133333333332,0.4852866666666666,],
[0.5864555555555556,0.4135444444444444,],
[0.5413955555555555,0.4586044444444445,],
[0.5125244444444444,0.4874755555555556,],
[0.3560911111111111,0.6439088888888889,],
[0.4053266666666667,0.5946733333333334,],
[0.4121355555555555,0.5878644444444444,],
[0.5916688888888889,0.408331111111111,],
[0.6122244444444445,0.3877755555555555,],
[0.6452022222222222,0.3547977777777778,],
[0.5377666666666667,0.4622333333333333,],
[0.4803622222222222,0.5196377777777778,],
[0.403271111111111,0.5967288888888889,],
[0.3193044444444444,0.6806955555555555,],
[0.4843577777777778,0.5156422222222222,],
[0.3968044444444444,0.6031955555555556,],
[0.4533466666666666,0.5466533333333334,],
[0.5072688888888888,0.4927311111111112,],
[0.5624622222222222,0.4375377777777778,],
[0.3492133333333333,0.6507866666666667,],
[0.6524755555555556,0.3475244444444444,],
[0.6220155555555557,0.3779844444444445,],
[0.3688488888888888,0.6311511111111112,],
[0.4666511111111111,0.5333488888888888,],
[0.574988888888889,0.4250111111111111,],
[0.4847955555555555,0.5152044444444444,],
[0.4931333333333333,0.5068666666666667,],
[0.2963733333333333,0.7036266666666667,],
[0.4475133333333334,0.5524866666666667,],
[0.4022466666666666,0.5977533333333332,],
[0.5777577777777778,0.4222422222222222,],
[0.5036044444444444,0.4963955555555555,],
[0.3411288888888889,0.6588711111111111,],
[0.5567955555555556,0.4432044444444445,],
[0.6431466666666666,0.3568533333333334,],
[0.4542288888888889,0.5457711111111111,],
[0.6522155555555557,0.3477844444444445,],
[0.6215355555555556,0.3784644444444444,],
[0.3706888888888888,0.6293111111111112,],
[0.4427355555555556,0.5572644444444445,],
[0.6404044444444444,0.3595955555555556,],
[0.5317666666666667,0.4682333333333334,],
[0.5821222222222223,0.4178777777777777,],
[0.4495066666666667,0.5504933333333334,],
[0.5064533333333333,0.4935466666666667,],
[0.4584044444444444,0.5415955555555555,],
[0.4032733333333333,0.5967266666666666,],
[0.5994644444444444,0.4005355555555555,],
[0.5580888888888889,0.4419111111111111,],
[0.3974577777777778,0.6025422222222222,],
[0.6256488888888888,0.3743511111111111,],
[0.5078844444444444,0.4921155555555556,],
[0.6123155555555556,0.3876844444444444,],
[0.5240288888888888,0.4759711111111111,],
[0.5228066666666668,0.4771933333333333,],
[0.452,0.548,],
[0.4900355555555556,0.5099644444444444,],
[0.5648177777777779,0.4351822222222222,],
[0.4599022222222223,0.5400977777777778,],
[0.5065555555555555,0.4934444444444445,],
[0.5871488888888888,0.4128511111111111,],
[0.5312377777777778,0.4687622222222222,],
[0.3964466666666667,0.6035533333333334,],
[0.4847111111111111,0.5152888888888888,],
[0.5623244444444445,0.4376755555555555,],
[0.3508088888888889,0.6491911111111112,],
[0.573568888888889,0.426431111111111,],
[0.5115466666666666,0.4884533333333334,],
[0.3337533333333333,0.6662466666666667,],
[0.6361444444444445,0.3638555555555555,],
[0.5114288888888889,0.4885711111111111,],
[0.418031111111111,0.581968888888889,],
[0.4514488888888889,0.5485511111111112,],
[0.3994644444444445,0.6005355555555555,],
[0.4948288888888889,0.5051711111111111,],
[0.3923466666666667,0.6076533333333333,],
[0.5783355555555556,0.4216644444444445,],
[0.6486600000000001,0.35134,],
[0.4941777777777778,0.5058222222222221,],
[0.5358866666666666,0.4641133333333333,],
[0.4837155555555556,0.5162844444444443,],
[0.6208911111111112,0.3791088888888889,],
[0.4993444444444444,0.5006555555555555,],
[0.4333533333333333,0.5666466666666667,],
[0.3600822222222222,0.6399177777777779,],
[0.6000866666666667,0.3999133333333333,],
[0.4525022222222223,0.5474977777777779,],
[0.5195888888888889,0.4804111111111111,],
[0.5533644444444444,0.4466355555555556,],
[0.38856,0.61144,],
[0.5134311111111111,0.4865688888888889,],
[0.4561688888888889,0.543831111111111,],
[0.5445022222222222,0.4554977777777778,],
[0.372371111111111,0.6276288888888889,],
[0.7119222222222222,0.2880777777777778,],
[0.5484244444444445,0.4515755555555556,],
[0.4426266666666667,0.5573733333333334,],
[0.5752044444444445,0.4247955555555555,],
[0.4515288888888889,0.5484711111111111,],
[0.5931444444444445,0.4068555555555556,],
[0.4736555555555556,0.5263444444444444,],
[0.3455844444444445,0.6544155555555556,],
[0.4036111111111111,0.5963888888888889,],
[0.4473022222222222,0.5526977777777777,],
[0.4819511111111111,0.5180488888888889,],
[0.3973266666666667,0.6026733333333334,],
[0.5351511111111111,0.4648488888888889,],
[0.4941466666666666,0.5058533333333333,],
[0.4827911111111111,0.5172088888888888,],
[0.3241955555555556,0.6758044444444444,],
[0.5699733333333333,0.4300266666666667,],
[0.6625044444444443,0.3374955555555555,],
[0.4098555555555555,0.5901444444444444,],
[0.4735822222222222,0.5264177777777778,],
[0.6521244444444445,0.3478755555555555,],
[0.4568822222222223,0.5431177777777778,],
[0.3458244444444444,0.6541755555555556,],
[0.5113155555555555,0.4886844444444445,],
[0.4233311111111111,0.5766688888888889,],
[0.3940333333333333,0.6059666666666665,],
[0.3804333333333333,0.6195666666666666,],
[0.4859111111111111,0.5140888888888888,],
[0.4846822222222222,0.5153177777777777,],
[0.3966266666666667,0.6033733333333333,],
[0.6164688888888888,0.3835311111111112,],
[0.5401511111111111,0.4598488888888889,],
[0.5365644444444444,0.4634355555555555,],
[0.6445511111111111,0.3554488888888889,],
[0.5707177777777778,0.4292822222222222,],
[0.6694199999999999,0.33058,],
[0.5452644444444446,0.4547355555555556,],
[0.6276577777777778,0.3723422222222221,],
[0.4382444444444444,0.5617555555555556,],
[0.4863555555555555,0.5136444444444445,],
[0.41256,0.5874399999999999,],
[0.4733777777777778,0.5266222222222221,],
[0.5029733333333334,0.4970266666666667,],
[0.4028066666666666,0.5971933333333332,],
[0.53664,0.46336,],
[0.644788888888889,0.3552111111111111,],
[0.5715511111111111,0.4284488888888889,],
[0.6728511111111111,0.3271488888888889,],
[0.5592822222222222,0.4407177777777778,],
[0.5309355555555556,0.4690644444444445,],
[0.4812822222222222,0.5187177777777777,],
[0.6127533333333334,0.3872466666666667,],
[0.6002444444444444,0.3997555555555555,],
[0.6278911111111111,0.3721088888888889,],
[0.4180977777777777,0.5819022222222223,],
[0.5107533333333333,0.4892466666666667,],
[0.6054644444444445,0.3945355555555555,],
[0.4279777777777777,0.5720222222222222,],
[0.5467488888888888,0.4532511111111111,],
[0.5841511111111111,0.4158488888888889,],
[0.4467133333333334,0.5532866666666667,],
[0.4041688888888889,0.5958311111111111,],
[0.6185355555555555,0.3814644444444444,],
[0.4652511111111111,0.5347488888888888,],
[0.5075555555555555,0.4924444444444445,],
[0.4530022222222222,0.5469977777777777,],
[0.6660822222222222,0.3339177777777778,],
[0.64584,0.35416,],
[0.6318266666666668,0.3681733333333333,],
[0.5292822222222223,0.4707177777777778,],
[0.5225622222222223,0.4774377777777778,],
[0.6018044444444444,0.3981955555555556,],
[0.4400622222222222,0.5599377777777778,],
[0.6646911111111111,0.3353088888888889,],
[0.5220155555555556,0.4779844444444445,],
[0.6009177777777778,0.3990822222222222,],
[0.3616844444444444,0.6383155555555556,],
[0.4611644444444445,0.5388355555555555,],
[0.3563133333333334,0.6436866666666667,],
[0.4396888888888889,0.5603111111111111,],
[0.5748600000000001,0.42514,],
[0.4848444444444444,0.5151555555555554,],
[0.4690866666666667,0.5309133333333333,],
[0.3352111111111111,0.6647888888888889,],
];;
