3198 4028 11 2 598 606 1798 1998 2199 2403 2602 2808 3007 
0 598
0 599
0 600
0 601
1 602
1 603
1 604
1 605
2 606
2 607
3 608
3 609
4 610
4 611
5 612
5 613
6 614
6 615
7 616
7 617
8 618
8 619
9 620
9 621
10 622
10 623
11 624
11 625
12 626
12 627
13 628
13 629
14 630
14 631
15 632
15 633
16 634
16 635
17 636
17 637
18 638
18 639
19 640
19 641
20 642
20 643
21 644
21 645
22 646
22 647
23 648
23 649
24 650
24 651
25 652
25 653
26 654
26 655
27 656
27 657
28 658
28 659
29 660
29 661
30 662
30 663
31 664
31 665
32 666
32 667
33 668
33 669
34 670
34 671
35 672
35 673
36 674
36 675
37 676
37 677
38 678
38 679
39 680
39 681
40 682
40 683
41 684
41 685
42 686
42 687
43 688
43 689
44 690
44 691
45 692
45 693
46 694
46 695
47 696
47 697
48 698
48 699
49 700
49 701
50 702
50 703
51 704
51 705
52 706
52 707
53 708
53 709
54 710
54 711
55 712
55 713
56 714
56 715
57 716
57 717
58 718
58 719
59 720
59 721
60 722
60 723
61 724
61 725
62 726
62 727
63 728
63 729
64 730
64 731
65 732
65 733
66 734
66 735
67 736
67 737
68 738
68 739
69 740
69 741
70 742
70 743
71 744
71 745
72 746
72 747
73 748
73 749
74 750
74 751
75 752
75 753
76 754
76 755
77 756
77 757
78 758
78 759
79 760
79 761
80 762
80 763
81 764
81 765
82 766
82 767
83 768
83 769
84 770
84 771
85 772
85 773
86 774
86 775
87 776
87 777
88 778
88 779
89 780
89 781
90 782
90 783
91 784
91 785
92 786
92 787
93 788
93 789
94 790
94 791
95 792
95 793
96 794
96 795
97 796
97 797
98 798
98 799
99 800
99 801
100 802
100 803
101 804
101 805
102 806
102 807
103 808
103 809
104 810
104 811
105 812
105 813
106 814
106 815
107 816
107 817
108 818
108 819
109 820
109 821
110 822
110 823
111 824
111 825
112 826
112 827
113 828
113 829
114 830
114 831
115 832
115 833
116 834
116 835
117 836
117 837
118 838
118 839
119 840
119 841
120 842
120 843
121 844
121 845
122 846
122 847
123 848
123 849
124 850
124 851
125 852
125 853
126 854
126 855
127 856
127 857
128 858
128 859
129 860
129 861
130 862
130 863
131 864
131 865
132 866
132 867
133 868
133 869
134 870
134 871
135 872
135 873
136 874
136 875
137 876
137 877
138 878
138 879
139 880
139 881
140 882
140 883
141 884
141 885
142 886
142 887
143 888
143 889
144 890
144 891
145 892
145 893
146 894
146 895
147 896
147 897
148 898
148 899
149 900
149 901
150 902
150 903
151 904
151 905
152 906
152 907
153 908
153 909
154 910
154 911
155 912
155 913
156 914
156 915
157 916
157 917
158 918
158 919
159 920
159 921
160 922
160 923
161 924
161 925
162 926
162 927
163 928
163 929
164 930
164 931
165 932
165 933
166 934
166 935
167 936
167 937
168 938
168 939
169 940
169 941
170 942
170 943
171 944
171 945
172 946
172 947
173 948
173 949
174 950
174 951
175 952
175 953
176 954
176 955
177 956
177 957
178 958
178 959
179 960
179 961
180 962
180 963
181 964
181 965
182 966
182 967
183 968
183 969
184 970
184 971
185 972
185 973
186 974
186 975
187 976
187 977
188 978
188 979
189 980
189 981
190 982
190 983
191 984
191 985
192 986
192 987
193 988
193 989
194 990
194 991
195 992
195 993
196 994
196 995
197 996
197 997
198 998
198 999
199 1000
199 1001
200 1002
200 1003
201 1004
201 1005
202 1006
202 1007
203 1008
203 1009
204 1010
204 1011
205 1012
205 1013
206 1014
206 1015
207 1016
207 1017
208 1018
208 1019
209 1020
209 1021
210 1022
210 1023
211 1024
211 1025
212 1026
212 1027
213 1028
213 1029
214 1030
214 1031
215 1032
215 1033
216 1034
216 1035
217 1036
217 1037
218 1038
218 1039
219 1040
219 1041
220 1042
220 1043
221 1044
221 1045
222 1046
222 1047
223 1048
223 1049
224 1050
224 1051
225 1052
225 1053
226 1054
226 1055
227 1056
227 1057
228 1058
228 1059
229 1060
229 1061
230 1062
230 1063
231 1064
231 1065
232 1066
232 1067
233 1068
233 1069
234 1070
234 1071
235 1072
235 1073
236 1074
236 1075
237 1076
237 1077
238 1078
238 1079
239 1080
239 1081
240 1082
240 1083
241 1084
241 1085
242 1086
242 1087
243 1088
243 1089
244 1090
244 1091
245 1092
245 1093
246 1094
246 1095
247 1096
247 1097
248 1098
248 1099
249 1100
249 1101
250 1102
250 1103
251 1104
251 1105
252 1106
252 1107
253 1108
253 1109
254 1110
254 1111
255 1112
255 1113
256 1114
256 1115
257 1116
257 1117
258 1118
258 1119
259 1120
259 1121
260 1122
260 1123
261 1124
261 1125
262 1126
262 1127
263 1128
263 1129
264 1130
264 1131
265 1132
265 1133
266 1134
266 1135
267 1136
267 1137
268 1138
268 1139
269 1140
269 1141
270 1142
270 1143
271 1144
271 1145
272 1146
272 1147
273 1148
273 1149
274 1150
274 1151
275 1152
275 1153
276 1154
276 1155
277 1156
277 1157
278 1158
278 1159
279 1160
279 1161
280 1162
280 1163
281 1164
281 1165
282 1166
282 1167
283 1168
283 1169
284 1170
284 1171
285 1172
285 1173
286 1174
286 1175
287 1176
287 1177
288 1178
288 1179
289 1180
289 1181
290 1182
290 1183
291 1184
291 1185
292 1186
292 1187
293 1188
293 1189
294 1190
294 1191
295 1192
295 1193
296 1194
296 1195
297 1196
297 1197
298 1198
298 1199
299 1200
299 1201
300 1202
300 1203
301 1204
301 1205
302 1206
302 1207
303 1208
303 1209
304 1210
304 1211
305 1212
305 1213
306 1214
306 1215
307 1216
307 1217
308 1218
308 1219
309 1220
309 1221
310 1222
310 1223
311 1224
311 1225
312 1226
312 1227
313 1228
313 1229
314 1230
314 1231
315 1232
315 1233
316 1234
316 1235
317 1236
317 1237
318 1238
318 1239
319 1240
319 1241
320 1242
320 1243
321 1244
321 1245
322 1246
322 1247
323 1248
323 1249
324 1250
324 1251
325 1252
325 1253
326 1254
326 1255
327 1256
327 1257
328 1258
328 1259
329 1260
329 1261
330 1262
330 1263
331 1264
331 1265
332 1266
332 1267
333 1268
333 1269
334 1270
334 1271
335 1272
335 1273
336 1274
336 1275
337 1276
337 1277
338 1278
338 1279
339 1280
339 1281
340 1282
340 1283
341 1284
341 1285
342 1286
342 1287
343 1288
343 1289
344 1290
344 1291
345 1292
345 1293
346 1294
346 1295
347 1296
347 1297
348 1298
348 1299
349 1300
349 1301
350 1302
350 1303
351 1304
351 1305
352 1306
352 1307
353 1308
353 1309
354 1310
354 1311
355 1312
355 1313
356 1314
356 1315
357 1316
357 1317
358 1318
358 1319
359 1320
359 1321
360 1322
360 1323
361 1324
361 1325
362 1326
362 1327
363 1328
363 1329
364 1330
364 1331
365 1332
365 1333
366 1334
366 1335
367 1336
367 1337
368 1338
368 1339
369 1340
369 1341
370 1342
370 1343
371 1344
371 1345
372 1346
372 1347
373 1348
373 1349
374 1350
374 1351
375 1352
375 1353
376 1354
376 1355
377 1356
377 1357
378 1358
378 1359
379 1360
379 1361
380 1362
380 1363
381 1364
381 1365
382 1366
382 1367
383 1368
383 1369
384 1370
384 1371
385 1372
385 1373
386 1374
386 1375
387 1376
387 1377
388 1378
388 1379
389 1380
389 1381
390 1382
390 1383
391 1384
391 1385
392 1386
392 1387
393 1388
393 1389
394 1390
394 1391
395 1392
395 1393
396 1394
396 1395
397 1396
397 1397
398 1398
398 1399
399 1400
399 1401
400 1402
400 1403
401 1404
401 1405
402 1406
402 1407
403 1408
403 1409
404 1410
404 1411
405 1412
405 1413
406 1414
406 1415
407 1416
407 1417
408 1418
408 1419
409 1420
409 1421
410 1422
410 1423
411 1424
411 1425
412 1426
412 1427
413 1428
413 1429
414 1430
414 1431
415 1432
415 1433
416 1434
416 1435
417 1436
417 1437
418 1438
418 1439
419 1440
419 1441
420 1442
420 1443
421 1444
421 1445
422 1446
422 1447
423 1448
423 1449
424 1450
424 1451
425 1452
425 1453
426 1454
426 1455
427 1456
427 1457
428 1458
428 1459
429 1460
429 1461
430 1462
430 1463
431 1464
431 1465
432 1466
432 1467
433 1468
433 1469
434 1470
434 1471
435 1472
435 1473
436 1474
436 1475
437 1476
437 1477
438 1478
438 1479
439 1480
439 1481
440 1482
440 1483
441 1484
441 1485
442 1486
442 1487
443 1488
443 1489
444 1490
444 1491
445 1492
445 1493
446 1494
446 1495
447 1496
447 1497
448 1498
448 1499
449 1500
449 1501
450 1502
450 1503
451 1504
451 1505
452 1506
452 1507
453 1508
453 1509
454 1510
454 1511
455 1512
455 1513
456 1514
456 1515
457 1516
457 1517
458 1518
458 1519
459 1520
459 1521
460 1522
460 1523
461 1524
461 1525
462 1526
462 1527
463 1528
463 1529
464 1530
464 1531
465 1532
465 1533
466 1534
466 1535
467 1536
467 1537
468 1538
468 1539
469 1540
469 1541
470 1542
470 1543
471 1544
471 1545
472 1546
472 1547
473 1548
473 1549
474 1550
474 1551
475 1552
475 1553
476 1554
476 1555
477 1556
477 1557
478 1558
478 1559
479 1560
479 1561
480 1562
480 1563
481 1564
481 1565
482 1566
482 1567
483 1568
483 1569
484 1570
484 1571
485 1572
485 1573
486 1574
486 1575
487 1576
487 1577
488 1578
488 1579
489 1580
489 1581
490 1582
490 1583
491 1584
491 1585
492 1586
492 1587
493 1588
493 1589
494 1590
494 1591
495 1592
495 1593
496 1594
496 1595
497 1596
497 1597
498 1598
498 1599
499 1600
499 1601
500 1602
500 1603
501 1604
501 1605
502 1606
502 1607
503 1608
503 1609
504 1610
504 1611
505 1612
505 1613
506 1614
506 1615
507 1616
507 1617
508 1618
508 1619
509 1620
509 1621
510 1622
510 1623
511 1624
511 1625
512 1626
512 1627
513 1628
513 1629
514 1630
514 1631
515 1632
515 1633
516 1634
516 1635
517 1636
517 1637
518 1638
518 1639
519 1640
519 1641
520 1642
520 1643
521 1644
521 1645
522 1646
522 1647
523 1648
523 1649
524 1650
524 1651
525 1652
525 1653
526 1654
526 1655
527 1656
527 1657
528 1658
528 1659
529 1660
529 1661
530 1662
530 1663
531 1664
531 1665
532 1666
532 1667
533 1668
533 1669
534 1670
534 1671
535 1672
535 1673
536 1674
536 1675
537 1676
537 1677
538 1678
538 1679
539 1680
539 1681
540 1682
540 1683
541 1684
541 1685
542 1686
542 1687
543 1688
543 1689
544 1690
544 1691
545 1692
545 1693
546 1694
546 1695
547 1696
547 1697
548 1698
548 1699
549 1700
549 1701
550 1702
550 1703
551 1704
551 1705
552 1706
552 1707
553 1708
553 1709
554 1710
554 1711
555 1712
555 1713
556 1714
556 1715
557 1716
557 1717
558 1718
558 1719
559 1720
559 1721
560 1722
560 1723
561 1724
561 1725
562 1726
562 1727
563 1728
563 1729
564 1730
564 1731
565 1732
565 1733
566 1734
566 1735
567 1736
567 1737
568 1738
568 1739
569 1740
569 1741
570 1742
570 1743
571 1744
571 1745
572 1746
572 1747
573 1748
573 1749
574 1750
574 1751
575 1752
575 1753
576 1754
576 1755
577 1756
577 1757
578 1758
578 1759
579 1760
579 1761
580 1762
580 1763
581 1764
581 1765
582 1766
582 1767
583 1768
583 1769
584 1770
584 1771
585 1772
585 1773
586 1774
586 1775
587 1776
587 1777
588 1778
588 1779
589 1780
589 1781
590 1782
590 1783
591 1784
591 1785
592 1786
592 1787
593 1788
593 1789
594 1790
594 1791
595 1792
595 1793
596 1794
596 1795
597 1796
597 1797
598 1816
598 1857
598 1898
598 1991
598 2272
598 2330
598 2419
598 3074
599 1857
599 1895
599 1986
599 2330
599 2419
599 2801
599 3004
600 1816
600 1898
600 1991
600 2165
600 2272
600 2956
600 3074
601 1816
601 1857
601 1895
601 1986
601 2165
601 2801
601 2956
601 3004
602 1815
602 1896
602 1940
602 1985
602 2272
602 2275
602 2957
602 3004
603 1815
603 1896
603 1940
603 2023
603 2272
603 2469
603 3004
604 1856
604 1894
604 1985
604 2275
604 2801
604 2957
604 3074
605 1856
605 1894
605 1940
605 1985
605 2023
605 2469
605 2801
605 3074
606 2295
606 3008
607 2186
607 2961
608 2295
608 2961
609 2186
609 3008
610 1824
610 2184
610 3021
611 1820
611 2446
611 2632
612 1821
612 2184
612 2446
613 1819
613 2632
613 3021
614 2477
614 2644
615 2399
615 3027
616 2477
616 3027
617 2399
617 2644
618 2343
618 2415
619 2192
619 3028
620 2192
620 2415
621 2343
621 3028
622 2515
622 3033
623 2147
623 2388
624 2147
624 3033
625 2388
625 2515
626 2177
626 2543
627 2222
627 2650
628 2222
628 2543
629 2177
629 2650
630 1831
630 2153
630 2652
631 1828
631 2199
631 3029
632 1830
632 2652
632 3029
633 1826
633 2153
633 2199
634 2155
634 2969
635 2631
635 3022
636 2969
636 3022
637 2155
637 2631
638 2586
638 2647
639 2298
639 2974
640 2298
640 2647
641 2586
641 2974
642 2587
642 2613
643 2173
643 3013
644 2173
644 2587
645 2613
645 3013
646 1878
646 2143
646 2629
647 1881
647 2314
647 2978
648 1884
648 2143
648 2978
649 1880
649 2314
649 2629
650 2154
650 3062
651 2259
651 2979
652 2154
652 2259
653 2979
653 3062
654 2488
654 2654
655 2284
655 2980
656 2284
656 2488
657 2654
657 2980
658 2440
658 2620
659 2274
659 2947
660 2440
660 2947
661 2274
661 2620
662 2278
662 2936
663 2466
663 2790
664 2466
664 2936
665 2278
665 2790
666 2460
666 2802
667 2181
667 2285
668 2181
668 2460
669 2285
669 2802
670 2286
670 2447
671 2748
671 3058
672 2286
672 2748
673 2447
673 3058
674 2938
674 3059
675 2262
675 2761
676 2761
676 3059
677 2262
677 2938
678 2255
678 2498
679 2944
679 3064
680 2498
680 3064
681 2255
681 2944
682 2491
682 3067
683 2760
683 2945
684 2760
684 3067
685 2491
685 2945
686 2146
686 3070
687 2260
687 2950
688 2146
688 2950
689 2260
689 3070
690 2252
690 2952
691 2150
691 2480
692 2150
692 2252
693 2480
693 2952
694 2268
694 2953
695 2158
695 2408
696 2408
696 2953
697 2158
697 2268
698 2427
698 2751
699 2163
699 3043
700 2751
700 3043
701 2163
701 2427
702 1966
702 2172
702 2312
703 1969
703 2425
703 2769
704 1968
704 2312
704 2769
705 1970
705 2172
705 2425
706 1856
706 2419
706 2956
707 1815
707 2165
707 2330
708 2294
708 2414
709 2800
709 3045
710 2414
710 3045
711 2294
711 2800
712 2149
712 2803
713 2601
713 3048
714 2803
714 3048
715 2149
715 2601
716 1825
716 2571
716 2958
717 1822
717 2185
717 2303
718 1817
718 2303
718 2571
719 1823
719 2185
719 2958
720 2308
720 2807
721 2579
721 2997
722 2579
722 2807
723 2308
723 2997
724 1895
724 2159
724 3042
725 1898
725 2784
725 3006
726 1894
726 2159
726 2784
727 1896
727 3006
727 3042
728 2180
728 3000
729 2596
729 3036
730 2180
730 2596
731 3000
731 3036
732 1806
732 2196
732 3044
733 1799
733 2213
733 2530
734 1798
734 2213
734 3044
735 1803
735 2196
735 2530
736 1914
736 2991
736 3066
737 1921
737 2208
737 2791
738 1918
738 2791
738 3066
739 1923
739 2208
739 2991
740 2160
740 2681
741 2993
741 3017
742 2160
742 2993
743 2681
743 3017
744 1974
744 2171
744 3057
745 1972
745 2236
745 2502
746 1975
746 2171
746 2236
747 1973
747 2502
747 3057
748 1908
748 2683
748 3056
749 1875
749 2241
749 2516
750 1910
750 2516
750 2683
751 1876
751 2241
751 3056
752 1852
752 2242
752 3011
753 1854
753 2164
753 2512
754 1851
754 2164
754 2242
755 1853
755 2512
755 3011
756 1888
756 2245
756 2511
757 1890
757 2156
757 2686
758 1889
758 2245
758 2686
759 1932
759 2156
759 2511
760 2151
760 2247
761 2690
761 3007
762 2247
762 3007
763 2151
763 2690
764 2251
764 2994
765 2504
765 3026
766 2994
766 3026
767 2251
767 2504
768 1859
768 2518
768 2990
769 1861
769 2145
769 2692
770 1858
770 2145
770 2518
771 1860
771 2692
771 2990
772 2198
772 2693
773 2559
773 2988
774 2693
774 2988
775 2198
775 2559
776 2221
776 3032
777 2195
777 2695
778 2195
778 2221
779 2695
779 3032
780 2554
780 2696
781 2175
781 2984
782 2175
782 2696
783 2554
783 2984
784 2187
784 2698
785 2218
785 3002
786 2187
786 3002
787 2218
787 2698
788 2178
788 2699
789 2949
789 3016
790 2178
790 2949
791 2699
791 3016
792 2229
792 3024
793 2541
793 2700
794 2700
794 3024
795 2229
795 2541
796 2232
796 2539
797 2193
797 2660
798 2539
798 2660
799 2193
799 2232
800 2534
800 2664
801 2379
801 2864
802 2534
802 2864
803 2379
803 2664
804 1865
804 2402
804 2542
805 1928
805 2667
805 3030
806 1929
806 2542
806 3030
807 1925
807 2402
807 2667
808 2548
808 2869
809 2179
809 2669
810 2179
810 2548
811 2669
811 2869
812 2393
812 2552
813 2191
813 3025
814 2393
814 3025
815 2191
815 2552
816 2671
816 3015
817 2557
817 2860
818 2557
818 3015
819 2671
819 2860
820 2197
820 2562
821 2673
821 3054
822 2197
822 2673
823 2562
823 3054
824 1820
824 2148
824 2507
825 1824
825 2364
825 2676
826 1819
826 2148
826 2364
827 1821
827 2507
827 2676
828 1801
828 2508
828 3055
829 1808
829 2157
829 2877
830 1800
830 2877
830 3055
831 1835
831 2157
831 2508
832 1939
832 2355
832 2878
833 1937
833 2162
833 2678
834 1938
834 2678
834 2878
835 1934
835 2162
835 2355
836 1933
836 2346
836 2879
837 1892
837 2517
837 3060
838 1903
838 2346
838 2517
839 1891
839 2879
839 3060
840 1846
840 2723
840 3063
841 1872
841 2342
841 2835
842 1873
842 2342
842 2723
843 1870
843 2835
843 3063
844 2523
844 2836
845 2169
845 2726
846 2169
846 2523
847 2726
847 2836
848 2168
848 2526
849 2728
849 2838
850 2168
850 2838
851 2526
851 2728
852 2348
852 3039
853 2531
853 2730
854 2531
854 3039
855 2348
855 2730
856 2731
856 2842
857 2589
857 3035
858 2731
858 3035
859 2589
859 2842
860 2375
860 2592
861 2734
861 2843
862 2375
862 2734
863 2592
863 2843
864 2398
864 2573
865 2737
865 3050
866 2398
866 3050
867 2573
867 2737
868 2183
868 3052
869 2340
869 2738
870 2183
870 2738
871 2340
871 3052
872 2332
872 2577
873 2188
873 3051
874 2332
874 3051
875 2188
875 2577
876 1944
876 2194
876 3049
877 1947
877 2566
877 2834
878 1945
878 2566
878 3049
879 1922
879 2194
879 2834
880 2742
880 3047
881 2377
881 2599
882 2377
882 2742
883 2599
883 3047
884 2384
884 3046
885 2417
885 2849
886 2849
886 3046
887 2384
887 2417
888 2167
888 2851
889 2428
889 2703
890 2703
890 2851
891 2167
891 2428
892 1869
892 1978
892 2174
892 2705
893 1863
893 1980
893 2854
893 3041
894 1867
894 1979
894 2174
894 2854
895 1862
895 1977
895 2705
895 3041
896 2170
896 2706
897 2367
897 3040
898 2706
898 3040
899 2170
899 2367
900 2166
900 2707
901 2356
901 3038
902 2356
902 2707
903 2166
903 3038
904 2439
904 3037
905 2363
905 2873
906 2873
906 3037
907 2363
907 2439
908 2161
908 2345
909 2403
909 2710
910 2161
910 2403
911 2345
911 2710
912 2912
912 3069
913 2395
913 2475
914 2395
914 2912
915 2475
915 3069
916 1839
916 2152
916 2339
917 1842
917 2701
917 3068
918 1838
918 2152
918 3068
919 1841
919 2339
919 2701
920 2391
920 2482
921 2915
921 3065
922 2482
922 2915
923 2391
923 3065
924 2144
924 2917
925 2357
925 2495
926 2357
926 2917
927 2144
927 2495
928 2499
928 2919
929 2335
929 3053
930 2919
930 3053
931 2335
931 2499
932 2189
932 2920
933 2349
933 2717
934 2717
934 2920
935 2189
935 2349
936 2182
936 3061
937 2453
937 2925
938 2182
938 2453
939 2925
939 3061
940 2401
940 2457
941 2176
941 2926
942 2176
942 2457
943 2401
943 2926
944 2190
944 2467
945 2382
945 2721
946 2467
946 2721
947 2190
947 2382
948 2292
948 2603
949 2018
949 2929
950 2018
950 2603
951 2292
951 2929
952 2380
952 2930
953 2013
953 2720
954 2013
954 2380
955 2720
955 2930
956 2719
956 2932
957 2461
957 3018
958 2461
958 2932
959 2719
959 3018
960 2005
960 3009
961 2394
961 2898
962 2005
962 2394
963 2898
963 3009
964 2389
964 2452
965 2718
965 2886
966 2452
966 2886
967 2389
967 2718
968 2061
968 2359
969 2445
969 3014
970 2359
970 3014
971 2061
971 2445
972 2716
972 3019
973 2336
973 2888
974 2336
974 2716
975 2888
975 3019
976 1810
976 2715
976 2890
977 1814
977 2042
977 2365
978 1809
978 2365
978 2890
979 1812
979 2042
979 2715
980 2494
980 3023
981 2351
981 2894
982 2494
982 2894
983 2351
983 3023
984 1915
984 2347
984 2714
985 1917
985 2025
985 2471
986 1913
986 2025
986 2714
987 1916
987 2347
987 2471
988 1994
988 2352
988 2713
989 1848
989 2033
989 2896
990 1989
990 2713
990 2896
991 1850
991 2033
991 2352
992 1877
992 2711
992 2897
993 1883
993 2028
993 2390
994 1879
994 2390
994 2897
995 1874
995 2028
995 2711
996 1804
996 2899
996 3031
997 1807
997 2369
997 2473
998 1802
998 2473
998 3031
999 1805
999 2369
999 2899
1000 2060
1000 2374
1001 2410
1001 2709
1002 2374
1002 2709
1003 2060
1003 2410
1004 2059
1004 3034
1005 2407
1005 2903
1006 2407
1006 3034
1007 2059
1007 2903
1008 2055
1008 2905
1009 2436
1009 3020
1010 2436
1010 2905
1011 2055
1011 3020
1012 2708
1012 3010
1013 2433
1013 2909
1014 2433
1014 3010
1015 2708
1015 2909
1016 2048
1016 2432
1017 2334
1017 3183
1018 2048
1018 3183
1019 2334
1019 2432
1020 2908
1020 3166
1021 2008
1021 2429
1022 2008
1022 3166
1023 2429
1023 2908
1024 1837
1024 2413
1024 2907
1025 1844
1025 2392
1025 2704
1026 1840
1026 2704
1026 2907
1027 1847
1027 2392
1027 2413
1028 2418
1028 3165
1029 2002
1029 2906
1030 2906
1030 3165
1031 2002
1031 2418
1032 2702
1032 3164
1033 2014
1033 2368
1034 2368
1034 2702
1035 2014
1035 3164
1036 2591
1036 2712
1037 2015
1037 2400
1038 2015
1038 2591
1039 2400
1039 2712
1040 2741
1040 2904
1041 2572
1041 3163
1042 2904
1042 3163
1043 2572
1043 2741
1044 2024
1044 2344
1045 2740
1045 2902
1046 2344
1046 2740
1047 2024
1047 2902
1048 2901
1048 3162
1049 2011
1049 2739
1050 2011
1050 2901
1051 2739
1051 3162
1052 2584
1052 2900
1053 2366
1053 3161
1054 2584
1054 3161
1055 2366
1055 2900
1056 1920
1056 1980
1056 2360
1056 2885
1057 1924
1057 1978
1057 2120
1057 2736
1058 1919
1058 1977
1058 2736
1058 2885
1059 1912
1059 1979
1059 2120
1059 2360
1060 2385
1060 3160
1061 2118
1061 2735
1062 2385
1062 2735
1063 2118
1063 3160
1064 1941
1064 2595
1064 2722
1065 1935
1065 2117
1065 3159
1066 1942
1066 2117
1066 2722
1067 1936
1067 2595
1067 3159
1068 2732
1068 3158
1069 2103
1069 2895
1070 2895
1070 3158
1071 2103
1071 2732
1072 1828
1072 2729
1072 3157
1073 1831
1073 2111
1073 2893
1074 1826
1074 2111
1074 2729
1075 1830
1075 2893
1075 3157
1076 2727
1076 2892
1077 2109
1077 2337
1078 2337
1078 2892
1079 2109
1079 2727
1080 2891
1080 3156
1081 2354
1081 2725
1082 2725
1082 2891
1083 2354
1083 3156
1084 2106
1084 2724
1085 2889
1085 3155
1086 2106
1086 3155
1087 2724
1087 2889
1088 2519
1088 3154
1089 2141
1089 2691
1090 2141
1090 2519
1091 2691
1091 3154
1092 2362
1092 2679
1093 2140
1093 3153
1094 2362
1094 3153
1095 2140
1095 2679
1096 2513
1096 2887
1097 2137
1097 2677
1098 2137
1098 2513
1099 2677
1099 2887
1100 1897
1100 1904
1100 1967
1100 2361
1100 2509
1101 1901
1101 1902
1101 1976
1101 2135
1101 3152
1102 1893
1102 1900
1102 1949
1102 2135
1102 2509
1103 1899
1103 1906
1103 1971
1103 2361
1103 3152
1104 2132
1104 3135
1105 2341
1105 2675
1106 2132
1106 2675
1107 2341
1107 3135
1108 2505
1108 2674
1109 2131
1109 3150
1110 2131
1110 2505
1111 2674
1111 3150
1112 2934
1112 3149
1113 2558
1113 2672
1114 2672
1114 2934
1115 2558
1115 3149
1116 2933
1116 3148
1117 2387
1117 2659
1118 2387
1118 2933
1119 2659
1119 3148
1120 1822
1120 2553
1120 3147
1121 1825
1121 2081
1121 2931
1122 1823
1122 2081
1122 3147
1123 1817
1123 2553
1123 2931
1124 2533
1124 3146
1125 2079
1125 2668
1126 2668
1126 3146
1127 2079
1127 2533
1128 2076
1128 3145
1129 2666
1129 2928
1130 2928
1130 3145
1131 2076
1131 2666
1132 1961
1132 1972
1132 2665
1132 2927
1133 1964
1133 1974
1133 2376
1133 3144
1134 1959
1134 1973
1134 2376
1134 2665
1135 1963
1135 1975
1135 2927
1135 3144
1136 1943
1136 2381
1136 3143
1137 1948
1137 2663
1137 2924
1138 1931
1138 2381
1138 2663
1139 1946
1139 2924
1139 3143
1140 2234
1140 2535
1141 2662
1141 2910
1142 2535
1142 2662
1143 2234
1143 2910
1144 2233
1144 2661
1145 2538
1145 2922
1146 2538
1146 2661
1147 2233
1147 2922
1148 2921
1148 3142
1149 2067
1149 2540
1150 2540
1150 2921
1151 2067
1151 3142
1152 1861
1152 2231
1152 2670
1153 1859
1153 2544
1153 3141
1154 1860
1154 2231
1154 3141
1155 1858
1155 2544
1155 2670
1156 1935
1156 1937
1156 2545
1156 3140
1157 1939
1157 1941
1157 2063
1157 2228
1158 1934
1158 1936
1158 2228
1158 2545
1159 1938
1159 1942
1159 2063
1159 3140
1160 2073
1160 2547
1161 2226
1161 3139
1162 2547
1162 3139
1163 2073
1163 2226
1164 2225
1164 2550
1165 2918
1165 3138
1166 2550
1166 2918
1167 2225
1167 3138
1168 1892
1168 2224
1168 3137
1169 1933
1169 2099
1169 2697
1170 1891
1170 2099
1170 3137
1171 1903
1171 2224
1171 2697
1172 2916
1172 3136
1173 2097
1173 2694
1174 2097
1174 2916
1175 2694
1175 3136
1176 2556
1176 2914
1177 2220
1177 3151
1178 2220
1178 2556
1179 2914
1179 3151
1180 2083
1180 2560
1181 2913
1181 3197
1182 2083
1182 2913
1183 2560
1183 3197
1184 2561
1184 3196
1185 2219
1185 2911
1186 2219
1186 2561
1187 2911
1187 3196
1188 2503
1188 3195
1189 2227
1189 2680
1190 2227
1190 2503
1191 2680
1191 3195
1192 2088
1192 2859
1193 2249
1193 2689
1194 2088
1194 2249
1195 2689
1195 2859
1196 1887
1196 2086
1196 2248
1197 1885
1197 2688
1197 3194
1198 1886
1198 2086
1198 2688
1199 1882
1199 2248
1199 3194
1200 2687
1200 3193
1201 2510
1201 2858
1202 2687
1202 2858
1203 2510
1203 3193
1204 1948
1204 2084
1204 2857
1205 1943
1205 2685
1205 3192
1206 1946
1206 2857
1206 3192
1207 1931
1207 2084
1207 2685
1208 2243
1208 2684
1209 2085
1209 2856
1210 2085
1210 2684
1211 2243
1211 2856
1212 1883
1212 2855
1212 3191
1213 1877
1213 2087
1213 2239
1214 1874
1214 2087
1214 3191
1215 1879
1215 2239
1215 2855
1216 2089
1216 2682
1217 2237
1217 2853
1218 2682
1218 2853
1219 2089
1219 2237
1220 2090
1220 2521
1221 2244
1221 2852
1222 2090
1222 2244
1223 2521
1223 2852
1224 2091
1224 3189
1225 2201
1225 2793
1226 2091
1226 2793
1227 2201
1227 3189
1228 1911
1228 2207
1228 2850
1229 1907
1229 2095
1229 2525
1230 1909
1230 2525
1230 2850
1231 1905
1231 2095
1231 2207
1232 2527
1232 3188
1233 2096
1233 2848
1234 2096
1234 2527
1235 2848
1235 3188
1236 1849
1236 2098
1236 3186
1237 1845
1237 2211
1237 2532
1238 1836
1238 2098
1238 2211
1239 1843
1239 2532
1239 3186
1240 2846
1240 3184
1241 2214
1241 2788
1242 2214
1242 3184
1243 2788
1243 2846
1244 2787
1244 3182
1245 2101
1245 2217
1246 2217
1246 3182
1247 2101
1247 2787
1248 2215
1248 2845
1249 2102
1249 3181
1250 2215
1250 3181
1251 2102
1251 2845
1252 2064
1252 2844
1253 2600
1253 3180
1254 2600
1254 2844
1255 2064
1255 3180
1256 2065
1256 2785
1257 2841
1257 3179
1258 2785
1258 3179
1259 2065
1259 2841
1260 1995
1260 2203
1260 2783
1261 1988
1261 2569
1261 2840
1262 1997
1262 2203
1262 2840
1263 1996
1263 2569
1263 2783
1264 2782
1264 2839
1265 2068
1265 3177
1266 2782
1266 3177
1267 2068
1267 2839
1268 2580
1268 2780
1269 2311
1269 3176
1270 2311
1270 2580
1271 2780
1271 3176
1272 2837
1272 3175
1273 2309
1273 2585
1274 2585
1274 2837
1275 2309
1275 3175
1276 2069
1276 2778
1277 2581
1277 2847
1278 2581
1278 2778
1279 2069
1279 2847
1280 1854
1280 1902
1280 2306
1280 2794
1281 1852
1281 1897
1281 2071
1281 2884
1282 1853
1282 1906
1282 2071
1282 2306
1283 1851
1283 1900
1283 2794
1283 2884
1284 2072
1284 2564
1285 2806
1285 2883
1286 2072
1286 2806
1287 2564
1287 2883
1288 2062
1288 2882
1289 2301
1289 2565
1290 2062
1290 2301
1291 2565
1291 2882
1292 2074
1292 3173
1293 2300
1293 2881
1294 2074
1294 2300
1295 2881
1295 3173
1296 2077
1296 2597
1297 2880
1297 3171
1298 2597
1298 2880
1299 2077
1299 3171
1300 2078
1300 2297
1301 2590
1301 3170
1302 2297
1302 3170
1303 2078
1303 2590
1304 2080
1304 2813
1305 2293
1305 3169
1306 2293
1306 2813
1307 2080
1307 3169
1308 1930
1308 2082
1308 2522
1309 1926
1309 2302
1309 2799
1310 1818
1310 2302
1310 2522
1311 1927
1311 2082
1311 2799
1312 2093
1312 2416
1313 2876
1313 3168
1314 2416
1314 2876
1315 2093
1315 3168
1316 2125
1316 3119
1317 2421
1317 2875
1318 2875
1318 3119
1319 2125
1319 2421
1320 1845
1320 1917
1320 2329
1320 2796
1321 1849
1321 1915
1321 2423
1321 2874
1322 1843
1322 1916
1322 2329
1322 2874
1323 1836
1323 1913
1323 2423
1323 2796
1324 1844
1324 2126
1324 2424
1325 1837
1325 2327
1325 3102
1326 1847
1326 2424
1326 3102
1327 1840
1327 2126
1327 2327
1328 1982
1328 2325
1328 2923
1329 1984
1329 2759
1329 3101
1330 1987
1330 2923
1330 3101
1331 1983
1331 2325
1331 2759
1332 2127
1332 2431
1333 2324
1333 2872
1334 2127
1334 2872
1335 2324
1335 2431
1336 2129
1336 2757
1337 2321
1337 2871
1338 2321
1338 2757
1339 2129
1339 2871
1340 2755
1340 2870
1341 2318
1341 3099
1342 2318
1342 2870
1343 2755
1343 3099
1344 1951
1344 2317
1344 2868
1345 1953
1345 2438
1345 2754
1346 1952
1346 2754
1346 2868
1347 1954
1347 2317
1347 2438
1348 1993
1348 2130
1348 2867
1349 1990
1349 2405
1349 2753
1350 1965
1350 2130
1350 2753
1351 1992
1351 2405
1351 2867
1352 2134
1352 2866
1353 2315
1353 2750
1354 2750
1354 2866
1355 2134
1355 2315
1356 1960
1356 2136
1356 2865
1357 1955
1357 2409
1357 3097
1358 1962
1358 2865
1358 3097
1359 1958
1359 2136
1359 2409
1360 1885
1360 1921
1360 2746
1360 3096
1361 1887
1361 1914
1361 2282
1361 2411
1362 1882
1362 1923
1362 2411
1362 2746
1363 1886
1363 1918
1363 2282
1363 3096
1364 2138
1364 2863
1365 2472
1365 3095
1366 2138
1366 2472
1367 2863
1367 3095
1368 1990
1368 2270
1368 2745
1369 1993
1369 2474
1369 2862
1370 1992
1370 2270
1370 2474
1371 1965
1371 2745
1371 2862
1372 1928
1372 2139
1372 2752
1373 1865
1373 2267
1373 2861
1374 1925
1374 2267
1374 2752
1375 1929
1375 2139
1375 2861
1376 2992
1376 3093
1377 2479
1377 2776
1378 2479
1378 2992
1379 2776
1379 3093
1380 1833
1380 2142
1380 2481
1381 1829
1381 2775
1381 3005
1382 1834
1382 2142
1382 3005
1383 1832
1383 2481
1383 2775
1384 2412
1384 2774
1385 2263
1385 3092
1386 2263
1386 2412
1387 2774
1387 3092
1388 2485
1388 3091
1389 2105
1389 2772
1390 2485
1390 2772
1391 2105
1391 3091
1392 2770
1392 2986
1393 2107
1393 3089
1394 2107
1394 2986
1395 2770
1395 3089
1396 1890
1396 1988
1396 2108
1396 2258
1397 1888
1397 1995
1397 2492
1397 3088
1398 1932
1398 1996
1398 2258
1398 3088
1399 1889
1399 1997
1399 2108
1399 2492
1400 2767
1400 2983
1401 2493
1401 3071
1402 2493
1402 2983
1403 2767
1403 3071
1404 2999
1404 3085
1405 2112
1405 2765
1406 2112
1406 3085
1407 2765
1407 2999
1408 1924
1408 1957
1408 2764
1408 3084
1409 1920
1409 1950
1409 2253
1409 2998
1410 1912
1410 1956
1410 2998
1410 3084
1411 1919
1411 1981
1411 2253
1411 2764
1412 1855
1412 2115
1412 3082
1413 1868
1413 2762
1413 2996
1414 1866
1414 2996
1414 3082
1415 1871
1415 2115
1415 2762
1416 2290
1416 2995
1417 2456
1417 3080
1418 2995
1418 3080
1419 2290
1419 2456
1420 1811
1420 2116
1420 2766
1421 1827
1421 2442
1421 3079
1422 1813
1422 2116
1422 2442
1423 1864
1423 2766
1423 3079
1424 2119
1424 2771
1425 2288
1425 2989
1426 2288
1426 2771
1427 2119
1427 2989
1428 1827
1428 2121
1428 2287
1429 1811
1429 2987
1429 3077
1430 1864
1430 2287
1430 2987
1431 1813
1431 2121
1431 3077
1432 1950
1432 2451
1432 2758
1433 1957
1433 2133
1433 2985
1434 1981
1434 2758
1434 2985
1435 1956
1435 2133
1435 2451
1436 2779
1436 3076
1437 2283
1437 2454
1438 2283
1438 3076
1439 2454
1439 2779
1440 2003
1440 2459
1441 2280
1441 3003
1442 2003
1442 3003
1443 2280
1443 2459
1444 2019
1444 3001
1445 2279
1445 2462
1446 2279
1446 3001
1447 2019
1447 2462
1448 2463
1448 3073
1449 2020
1449 2733
1450 2463
1450 2733
1451 2020
1451 3073
1452 2010
1452 2277
1453 2468
1453 3087
1454 2010
1454 2468
1455 2277
1455 3087
1456 1986
1456 2023
1456 2275
1457 1991
1457 2469
1457 2957
1458 1969
1458 2273
1458 3134
1459 1966
1459 2021
1459 2465
1460 1970
1460 2465
1460 3134
1461 1968
1461 2021
1461 2273
1462 1953
1462 2458
1462 2619
1463 1951
1463 2281
1463 2955
1464 1954
1464 2281
1464 2619
1465 1952
1465 2458
1465 2955
1466 1998
1466 2954
1467 2449
1467 3131
1468 1998
1468 2449
1469 2954
1469 3131
1470 2641
1470 2951
1471 2441
1471 3129
1472 2441
1472 2641
1473 2951
1473 3129
1474 2289
1474 2645
1475 2501
1475 2971
1476 2501
1476 2645
1477 2289
1477 2971
1478 2254
1478 2948
1479 2001
1479 2656
1480 2001
1480 2254
1481 2656
1481 2948
1482 2657
1482 2935
1483 2004
1483 2490
1484 2490
1484 2935
1485 2004
1485 2657
1486 1984
1486 2006
1486 2261
1487 1982
1487 2484
1487 2630
1488 1983
1488 2006
1488 2484
1489 1987
1489 2261
1489 2630
1490 2264
1490 3128
1491 2009
1491 2638
1492 2264
1492 2638
1493 2009
1493 3128
1494 2269
1494 2946
1495 2045
1495 3127
1496 2045
1496 2269
1497 2946
1497 3127
1498 2046
1498 2406
1499 2316
1499 2622
1500 2046
1500 2316
1501 2406
1501 2622
1502 2404
1502 3126
1503 2319
1503 2649
1504 2404
1504 2649
1505 2319
1505 3126
1506 2323
1506 2434
1507 2943
1507 3125
1508 2434
1508 3125
1509 2323
1509 2943
1510 2942
1510 3124
1511 2328
1511 2420
1512 2328
1512 3124
1513 2420
1513 2942
1514 2605
1514 2941
1515 2052
1515 2483
1516 2483
1516 2941
1517 2052
1517 2605
1518 2054
1518 2299
1519 2598
1519 2940
1520 2054
1520 2598
1521 2299
1521 2940
1522 2575
1522 2939
1523 2056
1523 2307
1524 2307
1524 2575
1525 2056
1525 2939
1526 2609
1526 3123
1527 2322
1527 2570
1528 2322
1528 2609
1529 2570
1529 3123
1530 2202
1530 2567
1531 2058
1531 2625
1532 2058
1532 2567
1533 2202
1533 2625
1534 2216
1534 2628
1535 2937
1535 3121
1536 2628
1536 3121
1537 2216
1537 2937
1538 2212
1538 2637
1539 2035
1539 2528
1540 2035
1540 2212
1541 2528
1541 2637
1542 2524
1542 3103
1543 2026
1543 2200
1544 2026
1544 3103
1545 2200
1545 2524
1546 2626
1546 2982
1547 2204
1547 2514
1548 2514
1548 2626
1549 2204
1549 2982
1550 2246
1550 2655
1551 2030
1551 2981
1552 2030
1552 2655
1553 2246
1553 2981
1554 1848
1554 2250
1554 2648
1555 1994
1555 2034
1555 3118
1556 1850
1556 2250
1556 3118
1557 1989
1557 2034
1557 2648
1558 2036
1558 2555
1559 2223
1559 2612
1560 2223
1560 2555
1561 2036
1561 2612
1562 2551
1562 3117
1563 2230
1563 2977
1564 2551
1564 2977
1565 2230
1565 3117
1566 2537
1566 2602
1567 2976
1567 3114
1568 2602
1568 2976
1569 2537
1569 3114
1570 2383
1570 2975
1571 2039
1571 2618
1572 2039
1572 2383
1573 2618
1573 2975
1574 2386
1574 3113
1575 2040
1575 2611
1576 2040
1576 3113
1577 2386
1577 2611
1578 2041
1578 2608
1579 2973
1579 3112
1580 2608
1580 3112
1581 2041
1581 2973
1582 2506
1582 2653
1583 2350
1583 2972
1584 2350
1584 2506
1585 2653
1585 2972
1586 2043
1586 2959
1587 2520
1587 2623
1588 2043
1588 2623
1589 2520
1589 2959
1590 1863
1590 2549
1590 2621
1591 1869
1591 2333
1591 2970
1592 1862
1592 2333
1592 2549
1593 1867
1593 2621
1593 2970
1594 2582
1594 3111
1595 2373
1595 2639
1596 2639
1596 3111
1597 2373
1597 2582
1598 2588
1598 2627
1599 2338
1599 2968
1600 2588
1600 2968
1601 2338
1601 2627
1602 2038
1602 3110
1603 2578
1603 2643
1604 2643
1604 3110
1605 2038
1605 2578
1606 1807
1606 2032
1606 2967
1607 1804
1607 2370
1607 2616
1608 1805
1608 2032
1608 2616
1609 1802
1609 2370
1609 2967
1610 1868
1610 1901
1610 2027
1610 2966
1611 1855
1611 1904
1611 2617
1611 3109
1612 1871
1612 1899
1612 2617
1612 2966
1613 1866
1613 1893
1613 2027
1613 3109
1614 2044
1614 2606
1615 2358
1615 2965
1616 2358
1616 2606
1617 2044
1617 2965
1618 1907
1618 2634
1618 2964
1619 1911
1619 2049
1619 3108
1620 1905
1620 2049
1620 2964
1621 1909
1621 2634
1621 3108
1622 1926
1622 2486
1622 3107
1623 1930
1623 2640
1623 2963
1624 1927
1624 2486
1624 2963
1625 1818
1625 2640
1625 3107
1626 2646
1626 2962
1627 2000
1627 3105
1628 2000
1628 2646
1629 2962
1629 3105
1630 2960
1630 3104
1631 2022
1631 2378
1632 2378
1632 3104
1633 2022
1633 2960
1634 1872
1634 2012
1634 3012
1635 1846
1635 2614
1635 2808
1636 1870
1636 2614
1636 3012
1637 1873
1637 2012
1637 2808
1638 2053
1638 3106
1639 2624
1639 2810
1640 2624
1640 3106
1641 2053
1641 2810
1642 2047
1642 2812
1643 2397
1643 2607
1644 2047
1644 2397
1645 2607
1645 2812
1646 2029
1646 2396
1647 2574
1647 2658
1648 2029
1648 2574
1649 2396
1649 2658
1650 1964
1650 2529
1650 2633
1651 1961
1651 2353
1651 2828
1652 1963
1652 2353
1652 2529
1653 1959
1653 2633
1653 2828
1654 2563
1654 2826
1655 2371
1655 2615
1656 2563
1656 2615
1657 2371
1657 2826
1658 2372
1658 2536
1659 2037
1659 3115
1660 2037
1660 2372
1661 2536
1661 3115
1662 1829
1662 2546
1662 3116
1663 1833
1663 2031
1663 2642
1664 1832
1664 2642
1664 3116
1665 1834
1665 2031
1665 2546
1666 2240
1666 2817
1667 2636
1667 3120
1668 2240
1668 3120
1669 2636
1669 2817
1670 2635
1670 3122
1671 2057
1671 2305
1672 2057
1672 2635
1673 2305
1673 3122
1674 2051
1674 2235
1675 2426
1675 2816
1676 2235
1676 2426
1677 2051
1677 2816
1678 2050
1678 2604
1679 2437
1679 2830
1680 2050
1680 2437
1681 2604
1681 2830
1682 1999
1682 2265
1683 2496
1683 2832
1684 1999
1684 2832
1685 2265
1685 2496
1686 2651
1686 2815
1687 2444
1687 3130
1688 2444
1688 2651
1689 2815
1689 3130
1690 1947
1690 2610
1690 3132
1691 1944
1691 2016
1691 2450
1692 1922
1692 2450
1692 2610
1693 1945
1693 2016
1693 3132
1694 2470
1694 3133
1695 2276
1695 2814
1696 2814
1696 3133
1697 2276
1697 2470
1698 2464
1698 3072
1699 2017
1699 2811
1700 2811
1700 3072
1701 2017
1701 2464
1702 2455
1702 2797
1703 2007
1703 3075
1704 2797
1704 3075
1705 2007
1705 2455
1706 2122
1706 2809
1707 2448
1707 3078
1708 2122
1708 3078
1709 2448
1709 2809
1710 1881
1710 2443
1710 2749
1711 1878
1711 2825
1711 3081
1712 1880
1712 2749
1712 2825
1713 1884
1713 2443
1713 3081
1714 2291
1714 2500
1715 2114
1715 2763
1716 2114
1716 2291
1717 2500
1717 2763
1718 2497
1718 3083
1719 2256
1719 2833
1720 2833
1720 3083
1721 2256
1721 2497
1722 2257
1722 3086
1723 2110
1723 2768
1724 2768
1724 3086
1725 2110
1725 2257
1726 2489
1726 3090
1727 2104
1727 2831
1728 2489
1728 2831
1729 2104
1729 3090
1730 2113
1730 2773
1731 2266
1731 2478
1732 2478
1732 2773
1733 2113
1733 2266
1734 1808
1734 2476
1734 3094
1735 1801
1735 2271
1735 2744
1736 1835
1736 2744
1736 3094
1737 1800
1737 2271
1737 2476
1738 2313
1738 2487
1739 2747
1739 2829
1740 2487
1740 2747
1741 2313
1741 2829
1742 1814
1742 2743
1742 3098
1743 1810
1743 2123
1743 2435
1744 1812
1744 2123
1744 2743
1745 1809
1745 2435
1745 3098
1746 1955
1746 2756
1746 2827
1747 1960
1747 2320
1747 3100
1748 1958
1748 2827
1748 3100
1749 1962
1749 2320
1749 2756
1750 2128
1750 2430
1751 2326
1751 2795
1752 2128
1752 2326
1753 2430
1753 2795
1754 1799
1754 2422
1754 2824
1755 1806
1755 2124
1755 2331
1756 1803
1756 2124
1756 2422
1757 1798
1757 2331
1757 2824
1758 2576
1758 2798
1759 2296
1759 2823
1760 2296
1760 2798
1761 2576
1761 2823
1762 1842
1762 2822
1762 3172
1763 1839
1763 2075
1763 2804
1764 1841
1764 2804
1764 3172
1765 1838
1765 2075
1765 2822
1766 2568
1766 2805
1767 2070
1767 2304
1768 2304
1768 2568
1769 2070
1769 2805
1770 2310
1770 3174
1771 2583
1771 2786
1772 2583
1772 3174
1773 2310
1773 2786
1774 2066
1774 2781
1775 2205
1775 2821
1776 2781
1776 2821
1777 2066
1777 2205
1778 2206
1778 3178
1779 2593
1779 2777
1780 2593
1780 3178
1781 2206
1781 2777
1782 1875
1782 2209
1782 2594
1783 1908
1783 2820
1783 3167
1784 1876
1784 2209
1784 2820
1785 1910
1785 2594
1785 3167
1786 1976
1786 2100
1786 2789
1787 1967
1787 2819
1787 3185
1788 1971
1788 2100
1788 3185
1789 1949
1789 2789
1789 2819
1790 2210
1790 3187
1791 2094
1791 2792
1792 2210
1792 2792
1793 2094
1793 3187
1794 2092
1794 2818
1795 2238
1795 3190
1796 2092
1796 2238
1797 2818
1797 3190
