block_marginals := [
[0.9795088888888889,0.02049111111111111,],
[0.5876377777777777,0.4123622222222221,],
[0.9468777777777778,0.05312222222222222,],
[0.6392044444444445,0.3607955555555556,],
[0.9359377777777778,0.06406222222222223,],
[0.4653244444444445,0.5346755555555555,],
[0.9460022222222223,0.05399777777777778,],
[0.4973822222222222,0.5026177777777777,],
[0.9386666666666668,0.06133333333333333,],
[0.5200133333333333,0.4799866666666667,],
[0.9540311111111111,0.04596888888888889,],
[0.4137111111111111,0.5862888888888889,],
[0.9701888888888889,0.02981111111111111,],
[0.4951822222222222,0.5048177777777778,],
[0.9301266666666668,0.06987333333333334,],
[0.5645577777777779,0.4354422222222222,],
[0.9903733333333333,0.009626666666666665,],
[0.5706177777777778,0.4293822222222222,],
[0.9727488888888889,0.02725111111111111,],
[0.5019133333333333,0.4980866666666667,],
[0.9627555555555556,0.03724444444444444,],
[0.4865222222222222,0.5134777777777778,],
[0.9413533333333335,0.05864666666666667,],
[0.4839088888888889,0.5160911111111111,],
[0.9588044444444445,0.04119555555555555,],
[0.5559533333333334,0.4440466666666666,],
[0.9512666666666666,0.04873333333333333,],
[0.5190266666666667,0.4809733333333333,],
[0.9471111111111111,0.05288888888888888,],
[0.5825577777777777,0.4174422222222222,],
[0.8926355555555555,0.1073644444444444,],
[0.4465866666666667,0.5534133333333333,],
[0.9669222222222222,0.03307777777777778,],
[0.5284755555555556,0.4715244444444444,],
[0.9766644444444446,0.02333555555555555,],
[0.5119644444444444,0.4880355555555556,],
[0.9743755555555556,0.02562444444444444,],
[0.5625,0.4375,],
[0.9750266666666667,0.02497333333333333,],
[0.51312,0.48688,],
[0.938808888888889,0.06119111111111111,],
[0.59776,0.40224,],
[0.96882,0.03118,],
[0.4841800000000001,0.5158199999999999,],
[0.994828888888889,0.00517111111111111,],
[0.4795111111111111,0.5204888888888889,],
[0.9611999999999998,0.0388,],
[0.4785111111111111,0.5214888888888889,],
[0.9510577777777778,0.04894222222222222,],
[0.5228844444444445,0.4771155555555555,],
[0.9737444444444444,0.02625555555555556,],
[0.5204422222222223,0.4795577777777778,],
[0.9478511111111111,0.05214888888888888,],
[0.4747577777777778,0.5252422222222222,],
[0.9856600000000001,0.01434,],
[0.5765022222222224,0.4234977777777778,],
[0.9765911111111112,0.02340888888888889,],
[0.4298933333333333,0.5701066666666667,],
[0.9643955555555556,0.03560444444444445,],
[0.5443133333333333,0.4556866666666667,],
[0.9749688888888889,0.02503111111111111,],
[0.4927177777777778,0.5072822222222221,],
[0.9604155555555556,0.03958444444444444,],
[0.5287622222222222,0.4712377777777778,],
[0.94996,0.05004,],
[0.4628,0.5372,],
[0.9645111111111111,0.0354888888888889,],
[0.4239044444444445,0.5760955555555557,],
[0.9600688888888889,0.03993111111111111,],
[0.40432,0.59568,],
[0.9703244444444443,0.02967555555555556,],
[0.5428266666666667,0.4571733333333334,],
[0.9639644444444445,0.03603555555555556,],
[0.4479911111111112,0.5520088888888889,],
[0.96496,0.03503999999999999,],
[0.3779066666666666,0.6220933333333333,],
[0.9692222222222222,0.03077777777777778,],
[0.5678222222222223,0.4321777777777778,],
[0.9514288888888889,0.04857111111111111,],
[0.52938,0.47062,],
[0.9672288888888889,0.03277111111111111,],
[0.3900688888888889,0.6099311111111111,],
[0.9812377777777778,0.01876222222222222,],
[0.5198244444444444,0.4801755555555555,],
[0.9261644444444445,0.07383555555555556,],
[0.5716844444444446,0.4283155555555555,],
[0.9800266666666666,0.01997333333333333,],
[0.4441688888888888,0.5558311111111111,],
[0.9901133333333334,0.009886666666666667,],
[0.4361222222222222,0.5638777777777778,],
[0.964351111111111,0.03564888888888889,],
[0.5893533333333333,0.4106466666666666,],
[0.9725755555555555,0.02742444444444445,],
[0.5681644444444446,0.4318355555555555,],
[0.9745555555555555,0.02544444444444444,],
[0.5013044444444444,0.4986955555555556,],
[0.9693111111111111,0.03068888888888889,],
[0.4596244444444444,0.5403755555555556,],
[0.9824755555555555,0.01752444444444444,],
[0.4601644444444444,0.5398355555555556,],
[0.4947155555555555,0.5052844444444444,],
[0.5056511111111111,0.4943488888888889,],
[0.5074755555555555,0.4925244444444444,],
[0.5022311111111111,0.4977688888888889,],
[0.4998088888888889,0.5001911111111111,],
[0.4846177777777778,0.5153822222222222,],
[0.4911844444444445,0.5088155555555556,],
[0.4879355555555556,0.5120644444444444,],
[0.5119444444444444,0.4880555555555556,],
[0.5165666666666666,0.4834333333333333,],
[0.5065422222222222,0.4934577777777778,],
[0.5169044444444444,0.4830955555555556,],
[0.5026866666666666,0.4973133333333334,],
[0.5061444444444443,0.4938555555555555,],
[0.49864,0.5013599999999999,],
[0.5010511111111111,0.4989488888888889,],
[0.4993,0.5007,],
[0.4907444444444444,0.5092555555555555,],
[0.5142955555555555,0.4857044444444444,],
[0.4950133333333334,0.5049866666666666,],
[0.5204755555555556,0.4795244444444444,],
[0.4932644444444445,0.5067355555555555,],
[0.50284,0.49716,],
[0.4999155555555555,0.5000844444444444,],
[0.50446,0.49554,],
[0.5188866666666667,0.4811133333333333,],
[0.4949111111111111,0.5050888888888889,],
[0.5093711111111111,0.4906288888888889,],
[0.5028088888888889,0.4971911111111111,],
[0.5069088888888887,0.4930911111111111,],
[0.4956866666666667,0.5043133333333334,],
[0.5014533333333333,0.4985466666666666,],
[0.5059888888888888,0.4940111111111111,],
[0.49658,0.5034200000000001,],
[0.4992466666666667,0.5007533333333334,],
[0.5056333333333333,0.4943666666666667,],
[0.5040088888888888,0.4959911111111111,],
[0.5071288888888889,0.4928711111111111,],
[0.5119,0.4881,],
[0.5038288888888889,0.4961711111111112,],
[0.4998244444444445,0.5001755555555556,],
[0.5058466666666666,0.4941533333333333,],
[0.4885955555555556,0.5114044444444444,],
[0.49594,0.5040600000000001,],
[0.5050711111111111,0.4949288888888889,],
[0.4806511111111111,0.519348888888889,],
[0.5095399999999999,0.49046,],
[0.5015488888888888,0.4984511111111111,],
[0.5030600000000001,0.49694,],
[0.5035888888888889,0.4964111111111111,],
[0.5020955555555555,0.4979044444444445,],
[0.4987844444444444,0.5012155555555555,],
[0.5053177777777778,0.4946822222222222,],
[0.48258,0.5174199999999999,],
[0.51874,0.48126,],
[0.5095733333333332,0.4904266666666667,],
[0.5048555555555556,0.4951444444444444,],
[0.506131111111111,0.4938688888888889,],
[0.5297511111111111,0.4702488888888889,],
[0.4975022222222222,0.5024977777777777,],
[0.5073288888888888,0.4926711111111111,],
[0.4820066666666666,0.5179933333333333,],
[0.5068466666666667,0.4931533333333333,],
[0.5085688888888888,0.4914311111111111,],
[0.5087933333333333,0.4912066666666667,],
[0.4855377777777778,0.5144622222222222,],
[0.5183488888888889,0.4816511111111111,],
[0.5178355555555556,0.4821644444444444,],
[0.5001866666666667,0.4998133333333333,],
[0.5129444444444444,0.4870555555555556,],
[0.4864577777777778,0.5135422222222222,],
[0.5172133333333333,0.4827866666666666,],
[0.4998533333333333,0.5001466666666667,],
[0.4979533333333334,0.5020466666666666,],
[0.5120577777777778,0.4879422222222222,],
[0.5025288888888889,0.4974711111111111,],
[0.4732422222222222,0.5267577777777778,],
[0.4975355555555556,0.5024644444444444,],
[0.5017155555555555,0.4982844444444445,],
[0.5010044444444444,0.4989955555555556,],
[0.5060777777777776,0.4939222222222223,],
[0.4989177777777778,0.5010822222222222,],
[0.5094244444444445,0.4905755555555555,],
[0.4933222222222223,0.5066777777777777,],
[0.5037599999999999,0.49624,],
[0.5036888888888889,0.4963111111111111,],
[0.5051755555555555,0.4948244444444444,],
[0.5259377777777777,0.4740622222222222,],
[0.5128222222222223,0.4871777777777778,],
[0.5122800000000001,0.48772,],
[0.4813488888888889,0.5186511111111111,],
[0.4909266666666667,0.5090733333333334,],
[0.5206266666666667,0.4793733333333333,],
[0.5139511111111111,0.4860488888888889,],
[0.5106733333333333,0.4893266666666667,],
[0.4951466666666667,0.5048533333333334,],
[0.5053777777777777,0.4946222222222222,],
[0.4832444444444445,0.5167555555555555,],
[0.5143866666666667,0.4856133333333333,],
[0.5051066666666667,0.4948933333333333,],
[0.5005511111111112,0.4994488888888889,],
[0.4834466666666666,0.5165533333333333,],
[0.5020533333333332,0.4979466666666667,],
[0.4967755555555556,0.5032244444444445,],
[0.5176066666666667,0.4823933333333333,],
[0.4836933333333334,0.5163066666666666,],
[0.5005933333333334,0.4994066666666667,],
[0.5278733333333333,0.4721266666666667,],
[0.5067577777777778,0.4932422222222222,],
[0.5182466666666667,0.4817533333333333,],
[0.5126088888888889,0.4873911111111111,],
[0.4997311111111111,0.500268888888889,],
[0.5164822222222222,0.4835177777777778,],
[0.5131711111111111,0.4868288888888889,],
[0.4965844444444444,0.5034155555555556,],
[0.4856466666666667,0.5143533333333333,],
[0.50324,0.49676,],
[0.5066711111111111,0.4933288888888889,],
[0.5045466666666667,0.4954533333333333,],
[0.4997888888888889,0.5002111111111112,],
[0.5049399999999999,0.4950600000000001,],
[0.4981311111111111,0.5018688888888889,],
[0.4822777777777777,0.5177222222222222,],
[0.4908444444444444,0.5091555555555555,],
[0.5227711111111112,0.4772288888888889,],
[0.5009622222222222,0.4990377777777778,],
[0.5023799999999999,0.4976200000000001,],
[0.5163666666666665,0.4836333333333334,],
[0.5306488888888889,0.4693511111111112,],
[0.5161688888888888,0.4838311111111112,],
[0.4956066666666667,0.5043933333333334,],
[0.5063177777777778,0.4936822222222222,],
[0.5281955555555556,0.4718044444444445,],
[0.5076133333333334,0.4923866666666666,],
[0.4621311111111111,0.537868888888889,],
[0.5140377777777777,0.4859622222222222,],
[0.51762,0.48238,],
[0.4846244444444445,0.5153755555555555,],
[0.5023888888888889,0.4976111111111112,],
[0.5029822222222222,0.4970177777777778,],
[0.4940511111111111,0.5059488888888888,],
[0.4930244444444445,0.5069755555555555,],
[0.4866377777777778,0.5133622222222223,],
[0.5058466666666666,0.4941533333333333,],
[0.4783244444444444,0.5216755555555556,],
[0.5111711111111111,0.4888288888888889,],
[0.5204088888888889,0.4795911111111111,],
[0.5091555555555555,0.4908444444444444,],
[0.5020733333333333,0.4979266666666667,],
[0.5056888888888889,0.4943111111111111,],
[0.5179244444444445,0.4820755555555555,],
[0.5082688888888889,0.4917311111111111,],
[0.5050777777777777,0.4949222222222222,],
[0.4988555555555556,0.5011444444444445,],
[0.5089888888888888,0.4910111111111111,],
[0.5163688888888888,0.4836311111111111,],
[0.501531111111111,0.4984688888888889,],
[0.5075755555555556,0.4924244444444444,],
[0.5058733333333333,0.4941266666666667,],
[0.4730533333333333,0.5269466666666667,],
[0.5048977777777777,0.4951022222222222,],
[0.4866488888888889,0.5133511111111112,],
[0.5041377777777778,0.4958622222222222,],
[0.4827311111111111,0.5172688888888889,],
[0.4899577777777778,0.5100422222222222,],
[0.5214844444444444,0.4785155555555556,],
[0.4970311111111111,0.5029688888888889,],
[0.5230733333333334,0.4769266666666667,],
[0.5038555555555555,0.4961444444444445,],
[0.50276,0.49724,],
[0.5130955555555555,0.4869044444444444,],
[0.5136444444444445,0.4863555555555555,],
[0.5174555555555554,0.4825444444444445,],
[0.5041266666666667,0.4958733333333333,],
[0.5216933333333333,0.4783066666666666,],
[0.5254133333333332,0.4745866666666667,],
[0.50066,0.49934,],
[0.4985444444444445,0.5014555555555555,],
[0.4970111111111111,0.5029888888888889,],
[0.4952888888888889,0.5047111111111111,],
[0.5145511111111111,0.4854488888888889,],
[0.4938866666666667,0.5061133333333332,],
[0.4757755555555555,0.5242244444444444,],
[0.5053822222222222,0.4946177777777778,],
[0.4782844444444445,0.5217155555555555,],
[0.4950511111111112,0.5049488888888889,],
[0.4826666666666667,0.5173333333333333,],
[0.5033244444444445,0.4966755555555556,],
[0.49664,0.50336,],
[0.4973355555555556,0.5026644444444444,],
[0.4815088888888889,0.5184911111111111,],
[0.5084422222222221,0.4915577777777778,],
[0.5144822222222222,0.4855177777777778,],
[0.5125666666666667,0.4874333333333333,],
[0.4836377777777778,0.5163622222222222,],
[0.5029533333333334,0.4970466666666667,],
[0.5043555555555556,0.4956444444444444,],
[0.5091266666666667,0.4908733333333333,],
[0.4993666666666666,0.5006333333333333,],
[0.5177866666666666,0.4822133333333333,],
[0.4845466666666667,0.5154533333333333,],
[0.5021377777777778,0.4978622222222223,],
[0.4959088888888889,0.5040911111111112,],
[0.5096888888888889,0.4903111111111111,],
[0.5067444444444444,0.4932555555555556,],
[0.49882,0.5011800000000001,],
[0.4926488888888889,0.507351111111111,],
[0.5043177777777779,0.4956822222222222,],
[0.4885422222222222,0.5114577777777777,],
[0.5303466666666667,0.4696533333333334,],
[0.5031955555555555,0.4968044444444444,],
[0.5023333333333333,0.4976666666666666,],
[0.4783933333333333,0.5216066666666668,],
[0.5141733333333334,0.4858266666666666,],
[0.4966977777777778,0.5033022222222222,],
[0.5189644444444445,0.4810355555555555,],
[0.5053177777777778,0.4946822222222222,],
[0.4947977777777777,0.5052022222222221,],
[0.5264733333333333,0.4735266666666667,],
[0.4991533333333333,0.5008466666666667,],
[0.4997444444444445,0.5002555555555557,],
[0.4734088888888889,0.526591111111111,],
[0.5024355555555555,0.4975644444444445,],
[0.5131733333333334,0.4868266666666666,],
[0.4848022222222222,0.5151977777777776,],
[0.4837977777777778,0.5162022222222222,],
[0.4913622222222223,0.5086377777777777,],
[0.5038933333333333,0.4961066666666667,],
[0.50408,0.49592,],
[0.4881577777777778,0.5118422222222222,],
[0.5076177777777777,0.4923822222222222,],
[0.4957311111111111,0.504268888888889,],
[0.4941511111111111,0.5058488888888888,],
[0.5132266666666667,0.4867733333333333,],
[0.4843311111111112,0.515668888888889,],
[0.51552,0.48448,],
[0.5035133333333333,0.4964866666666667,],
[0.4941333333333333,0.5058666666666666,],
[0.5068355555555555,0.4931644444444445,],
[0.4917066666666667,0.5082933333333333,],
[0.5052577777777777,0.4947422222222222,],
[0.4885,0.5115,],
[0.4915444444444445,0.5084555555555554,],
[0.4870844444444445,0.5129155555555555,],
[0.5111355555555557,0.4888644444444445,],
[0.5085933333333333,0.4914066666666667,],
[0.4986911111111111,0.5013088888888888,],
[0.4902688888888889,0.5097311111111111,],
[0.4947755555555556,0.5052244444444444,],
[0.5003333333333334,0.4996666666666666,],
[0.4992066666666666,0.5007933333333333,],
[0.4942066666666667,0.5057933333333332,],
[0.4966288888888889,0.5033711111111111,],
[0.5012022222222221,0.4987977777777777,],
[0.4994288888888889,0.5005711111111112,],
[0.4920955555555556,0.5079044444444444,],
[0.49434,0.50566,],
[0.4948555555555555,0.5051444444444445,],
[0.4988244444444444,0.5011755555555556,],
[0.5135133333333334,0.4864866666666667,],
[0.5015666666666666,0.4984333333333333,],
[0.4920622222222222,0.5079377777777777,],
[0.5246066666666667,0.4753933333333333,],
[0.4916422222222223,0.5083577777777777,],
[0.4935288888888889,0.5064711111111111,],
[0.5034311111111112,0.4965688888888889,],
[0.4855444444444444,0.5144555555555556,],
[0.5022822222222223,0.4977177777777778,],
[0.4931977777777778,0.5068022222222222,],
[0.4913711111111111,0.5086288888888889,],
[0.5082644444444444,0.4917355555555556,],
[0.4966844444444445,0.5033155555555555,],
[0.5036222222222222,0.4963777777777778,],
[0.4891622222222222,0.5108377777777777,],
[0.4993222222222222,0.5006777777777778,],
[0.5080799999999999,0.49192,],
[0.5102533333333333,0.4897466666666666,],
[0.4925266666666667,0.5074733333333333,],
[0.4945688888888889,0.5054311111111111,],
[0.5195355555555555,0.4804644444444444,],
[0.5004777777777778,0.4995222222222223,],
[0.4905666666666667,0.5094333333333333,],
[0.5039288888888889,0.4960711111111111,],
[0.5031933333333333,0.4968066666666667,],
[0.4890444444444444,0.5109555555555556,],
[0.4990822222222222,0.5009177777777777,],
[0.5005444444444445,0.4994555555555555,],
[0.4985977777777778,0.5014022222222222,],
[0.5010844444444444,0.4989155555555556,],
[0.5028577777777777,0.4971422222222222,],
[0.5035088888888889,0.4964911111111112,],
[0.5029711111111111,0.4970288888888889,],
[0.5035288888888888,0.4964711111111111,],
[0.4929622222222222,0.5070377777777777,],
[0.4896622222222222,0.5103377777777777,],
[0.4972733333333334,0.5027266666666667,],
[0.49416,0.5058399999999998,],
[0.4842911111111111,0.5157088888888888,],
[0.4895133333333334,0.5104866666666666,],
[0.5068133333333333,0.4931866666666667,],
[0.4978177777777778,0.5021822222222222,],
[0.4820222222222222,0.5179777777777778,],
[0.4995866666666667,0.5004133333333334,],
[0.5093866666666667,0.4906133333333333,],
[0.5015644444444444,0.4984355555555556,],
[0.5175177777777777,0.4824822222222223,],
[0.4901155555555555,0.5098844444444445,],
[0.49954,0.50046,],
[0.4926444444444444,0.5073555555555554,],
[0.5191377777777777,0.4808622222222222,],
[0.5009111111111111,0.4990888888888889,],
[0.4916866666666667,0.5083133333333332,],
[0.5010599999999999,0.49894,],
[0.5154799999999999,0.48452,],
[0.5017977777777778,0.4982022222222223,],
[0.4900733333333334,0.5099266666666668,],
[0.5269177777777778,0.4730822222222222,],
[0.5047288888888889,0.4952711111111111,],
[0.4879777777777777,0.5120222222222223,],
[0.4959533333333333,0.5040466666666666,],
[0.5060888888888887,0.4939111111111111,],
[0.4983288888888889,0.5016711111111111,],
[0.5127977777777778,0.4872022222222223,],
[0.5149666666666666,0.4850333333333333,],
[0.5070666666666666,0.4929333333333334,],
[0.4989977777777778,0.5010022222222222,],
[0.5068999999999999,0.4931,],
[0.5082599999999999,0.49174,],
[0.5262933333333333,0.4737066666666667,],
[0.510311111111111,0.4896888888888888,],
[0.49702,0.50298,],
[0.5156311111111112,0.4843688888888889,],
[0.5047244444444444,0.4952755555555555,],
[0.4980377777777779,0.5019622222222223,],
[0.5061688888888888,0.4938311111111111,],
[0.5240333333333332,0.4759666666666666,],
[0.4763244444444444,0.5236755555555554,],
[0.5136533333333334,0.4863466666666666,],
[0.4834022222222222,0.5165977777777777,],
[0.4996422222222222,0.5003577777777778,],
[0.5186755555555554,0.4813244444444444,],
[0.5097444444444444,0.4902555555555555,],
[0.512268888888889,0.4877311111111111,],
[0.5026933333333332,0.4973066666666667,],
[0.5073333333333332,0.4926666666666667,],
[0.51384,0.48616,],
[0.4944466666666667,0.5055533333333333,],
[0.4881977777777778,0.5118022222222222,],
[0.5048555555555556,0.4951444444444444,],
[0.5043422222222222,0.4956577777777778,],
[0.4990933333333333,0.5009066666666666,],
[0.4925377777777777,0.5074622222222221,],
[0.4969844444444445,0.5030155555555555,],
[0.5034022222222223,0.4965977777777778,],
[0.4904288888888889,0.5095711111111111,],
[0.5028888888888888,0.4971111111111111,],
[0.4934044444444445,0.5065955555555555,],
[0.5040311111111111,0.4959688888888888,],
[0.4853666666666667,0.5146333333333333,],
[0.4975688888888889,0.5024311111111111,],
[0.4886755555555556,0.5113244444444445,],
[0.5031933333333333,0.4968066666666667,],
[0.5263977777777777,0.4736022222222222,],
[0.4971533333333333,0.5028466666666667,],
[0.4878644444444444,0.5121355555555556,],
[0.49544,0.50456,],
[0.4947777777777778,0.5052222222222221,],
[0.5102155555555555,0.4897844444444444,],
[0.5003644444444444,0.4996355555555556,],
[0.4990577777777778,0.5009422222222222,],
[0.5086466666666667,0.4913533333333334,],
[0.4975444444444445,0.5024555555555555,],
[0.5002933333333334,0.4997066666666667,],
[0.49134,0.50866,],
[0.5112111111111111,0.4887888888888889,],
[0.4875222222222222,0.5124777777777778,],
[0.5029155555555556,0.4970844444444444,],
[0.5074066666666666,0.4925933333333333,],
[0.4961044444444445,0.5038955555555555,],
[0.4831666666666667,0.5168333333333334,],
[0.5015666666666666,0.4984333333333333,],
[0.4993622222222222,0.5006377777777777,],
[0.4936955555555556,0.5063044444444443,],
[0.4964,0.5035999999999999,],
[0.4952311111111111,0.5047688888888889,],
[0.5008777777777779,0.4991222222222222,],
[0.4997488888888889,0.5002511111111112,],
[0.4828733333333333,0.5171266666666666,],
[0.5032933333333334,0.4967066666666667,],
[0.4922066666666667,0.5077933333333333,],
[0.50114,0.49886,],
[0.48892,0.5110800000000001,],
[0.5033022222222222,0.4966977777777778,],
[0.5058933333333332,0.4941066666666666,],
[0.5155488888888888,0.4844511111111111,],
[0.4920044444444444,0.5079955555555555,],
[0.5230711111111112,0.4769288888888888,],
[0.5029,0.4971,],
[0.4927444444444445,0.5072555555555555,],
[0.4914266666666666,0.5085733333333333,],
[0.4846866666666667,0.5153133333333333,],
[0.5059244444444444,0.4940755555555555,],
[0.50444,0.49556,],
[0.5010311111111111,0.4989688888888889,],
[0.5037400000000001,0.49626,],
[0.5035022222222222,0.4964977777777778,],
[0.4922155555555556,0.5077844444444444,],
[0.5037977777777777,0.4962022222222223,],
[0.51844,0.48156,],
[0.5117688888888888,0.4882311111111112,],
[0.4844577777777778,0.5155422222222222,],
[0.5136555555555556,0.4863444444444444,],
[0.4921088888888889,0.5078911111111111,],
[0.5038333333333332,0.4961666666666667,],
[0.5039466666666667,0.4960533333333333,],
[0.4938066666666667,0.5061933333333333,],
[0.4760177777777777,0.5239822222222221,],
[0.4848533333333333,0.5151466666666665,],
[0.5095355555555555,0.4904644444444445,],
[0.4827533333333333,0.5172466666666666,],
[0.4968733333333334,0.5031266666666667,],
[0.4885355555555556,0.5114644444444444,],
[0.5021333333333333,0.4978666666666667,],
[0.5003200000000001,0.49968,],
[0.4891711111111111,0.5108288888888889,],
[0.4922044444444445,0.5077955555555554,],
[0.4963622222222222,0.5036377777777777,],
[0.5036777777777778,0.4963222222222223,],
[0.4952133333333333,0.5047866666666667,],
[0.4951911111111111,0.5048088888888889,],
[0.49102,0.50898,],
[0.4951911111111111,0.5048088888888889,],
[0.5111777777777777,0.4888222222222222,],
[0.5013,0.4987,],
[0.4907977777777778,0.5092022222222221,],
[0.5066088888888888,0.4933911111111111,],
[0.4931555555555556,0.5068444444444444,],
[0.50628,0.49372,],
[0.5094266666666667,0.4905733333333333,],
[0.5023866666666666,0.4976133333333334,],
[0.5057177777777777,0.4942822222222222,],
[0.5075777777777778,0.4924222222222222,],
[0.5053666666666666,0.4946333333333334,],
[0.4884644444444445,0.5115355555555555,],
[0.4941622222222222,0.5058377777777777,],
[0.4999155555555555,0.5000844444444444,],
[0.4894822222222222,0.5105177777777777,],
[0.5058266666666665,0.4941733333333333,],
[0.4981577777777778,0.5018422222222222,],
[0.5122266666666667,0.4877733333333333,],
[0.4955866666666667,0.5044133333333334,],
[0.4831888888888889,0.5168111111111111,],
[0.49526,0.50474,],
[0.4887911111111112,0.5112088888888888,],
[0.4899844444444444,0.5100155555555556,],
[0.5048999999999999,0.4951,],
[0.5229066666666666,0.4770933333333333,],
[0.4908822222222222,0.5091177777777778,],
[0.4796844444444445,0.5203155555555555,],
[0.5035044444444444,0.4964955555555556,],
[0.4972844444444445,0.5027155555555555,],
[0.5048111111111111,0.4951888888888889,],
[0.4897644444444444,0.5102355555555556,],
[0.4964066666666667,0.5035933333333333,],
[0.5048911111111111,0.4951088888888889,],
[0.4885266666666667,0.5114733333333333,],
[0.5139066666666667,0.4860933333333333,],
[0.4888466666666667,0.5111533333333333,],
[0.5048911111111111,0.4951088888888889,],
[0.5069266666666665,0.4930733333333334,],
[0.4935933333333334,0.5064066666666667,],
[0.5139022222222223,0.4860977777777778,],
[0.5106266666666666,0.4893733333333333,],
[0.4848533333333333,0.5151466666666665,],
[0.5067533333333333,0.4932466666666667,],
[0.4970711111111111,0.5029288888888889,],
[0.5149022222222222,0.4850977777777777,],
[0.5028488888888889,0.4971511111111111,],
[0.5000222222222223,0.4999777777777777,],
[0.5113066666666667,0.4886933333333334,],
[0.5144422222222222,0.4855577777777778,],
[0.4975777777777778,0.5024222222222222,],
[0.4944377777777778,0.5055622222222221,],
[0.5011066666666667,0.4988933333333333,],
[0.4954511111111111,0.5045488888888889,],
[0.4988022222222222,0.5011977777777777,],
[0.4904022222222222,0.5095977777777777,],
[0.5023000000000001,0.4977,],
[0.5083777777777777,0.4916222222222222,],
[0.4979244444444444,0.5020755555555555,],
[0.5101844444444444,0.4898155555555556,],
[0.5178622222222222,0.4821377777777777,],
[0.4868866666666666,0.5131133333333333,],
[0.4878022222222222,0.5121977777777779,],
[0.522228888888889,0.4777711111111111,],
[0.4867266666666666,0.5132733333333334,],
[0.4952377777777778,0.5047622222222222,],
[0.5014088888888889,0.4985911111111111,],
[0.5032266666666666,0.4967733333333334,],
[0.5118644444444445,0.4881355555555556,],
[0.4992133333333333,0.5007866666666667,],
[0.4817022222222222,0.5182977777777777,],
[0.5207177777777778,0.4792822222222223,],
[0.4951155555555555,0.5048844444444445,],
[0.5031444444444445,0.4968555555555556,],
[0.4857644444444444,0.5142355555555556,],
[0.4958488888888889,0.5041511111111111,],
[0.5057333333333333,0.4942666666666666,],
[0.5033244444444445,0.4966755555555556,],
[0.5308666666666667,0.4691333333333333,],
[0.5084688888888889,0.4915311111111111,],
[0.5016377777777777,0.4983622222222222,],
[0.5070133333333332,0.4929866666666667,],
[0.4860888888888889,0.5139111111111111,],
[0.5029555555555556,0.4970444444444445,],
[0.4781022222222222,0.5218977777777778,],
[0.5091688888888888,0.4908311111111111,],
[0.5007088888888889,0.4992911111111111,],
[0.495628888888889,0.5043711111111111,],
[0.4847933333333334,0.5152066666666666,],
[0.5199333333333334,0.4800666666666666,],
[0.51326,0.48674,],
[0.4960311111111111,0.5039688888888889,],
[0.4901066666666666,0.5098933333333333,],
[0.4986,0.5014,],
[0.5071266666666666,0.4928733333333334,],
[0.4920777777777778,0.5079222222222222,],
[0.5095644444444444,0.4904355555555556,],
[0.5065933333333333,0.4934066666666667,],
[0.5037688888888888,0.4962311111111111,],
[0.5065955555555555,0.4934044444444445,],
[0.5001688888888889,0.4998311111111111,],
[0.5158088888888889,0.4841911111111111,],
[0.5122888888888889,0.4877111111111111,],
[0.4984377777777778,0.5015622222222221,],
[0.4975511111111111,0.5024488888888888,],
[0.5098333333333334,0.4901666666666666,],
[0.5224377777777779,0.4775622222222222,],
[0.5034666666666666,0.4965333333333333,],
[0.5075911111111111,0.4924088888888889,],
[0.4945711111111111,0.5054288888888889,],
[0.5132911111111111,0.4867088888888889,],
[0.4948244444444444,0.5051755555555555,],
[0.4946533333333333,0.5053466666666666,],
[0.4766466666666666,0.5233533333333333,],
[0.4879733333333333,0.5120266666666666,],
[0.5164866666666666,0.4835133333333334,],
[0.5034555555555557,0.4965444444444445,],
[0.4980955555555556,0.5019044444444445,],
[0.4869533333333333,0.5130466666666667,],
[0.5007088888888889,0.4992911111111111,],
[0.5172399999999999,0.48276,],
[0.5005066666666667,0.4994933333333333,],
[0.5059199999999999,0.49408,],
[0.49936,0.50064,],
[0.5197866666666666,0.4802133333333333,],
[0.4863888888888889,0.5136111111111111,],
[0.4985755555555555,0.5014244444444445,],
[0.5053577777777778,0.4946422222222223,],
[0.4855911111111111,0.5144088888888888,],
[0.4890333333333334,0.5109666666666667,],
[0.4876777777777778,0.5123222222222222,],
[0.5159555555555555,0.4840444444444444,],
[0.5045177777777778,0.4954822222222222,],
[0.5001422222222223,0.4998577777777778,],
[0.4912977777777778,0.5087022222222222,],
[0.5159999999999999,0.484,],
[0.509908888888889,0.4900911111111111,],
[0.4920244444444444,0.5079755555555555,],
[0.4997533333333334,0.5002466666666667,],
[0.4888911111111112,0.5111088888888889,],
[0.4977733333333333,0.5022266666666667,],
[0.4970266666666667,0.5029733333333334,],
[0.5104511111111111,0.4895488888888889,],
[0.5085355555555555,0.4914644444444444,],
[0.5051711111111111,0.4948288888888889,],
[0.4900044444444444,0.5099955555555556,],
[0.5106466666666666,0.4893533333333334,],
[0.5088600000000001,0.49114,],
[0.5152466666666665,0.4847533333333333,],
[0.5032111111111111,0.4967888888888889,],
[0.5016799999999999,0.49832,],
[0.4873711111111111,0.5126288888888889,],
[0.5100066666666667,0.4899933333333333,],
[0.4791711111111111,0.5208288888888888,],
[0.5063177777777778,0.4936822222222222,],
[0.5011088888888889,0.4988911111111111,],
[0.5002177777777779,0.4997822222222222,],
[0.5067244444444444,0.4932755555555556,],
[0.4956622222222222,0.5043377777777778,],
[0.4929355555555556,0.5070644444444444,],
[0.5011155555555555,0.4988844444444444,],
[0.5138200000000001,0.48618,],
[0.4999622222222222,0.5000377777777778,],
[0.4889266666666667,0.5110733333333334,],
[0.4909866666666667,0.5090133333333333,],
[0.4884244444444444,0.5115755555555556,],
[0.4833044444444444,0.5166955555555556,],
[0.4705000000000001,0.5295000000000001,],
[0.4929133333333334,0.5070866666666666,],
[0.4928577777777778,0.5071422222222222,],
[0.4986088888888889,0.5013911111111111,],
[0.5201066666666667,0.4798933333333333,],
[0.4995311111111111,0.500468888888889,],
[0.5070422222222222,0.4929577777777778,],
[0.4865222222222222,0.5134777777777778,],
[0.5050155555555556,0.4949844444444444,],
[0.4924466666666667,0.5075533333333333,],
[0.4935266666666667,0.5064733333333333,],
[0.51372,0.4862799999999999,],
[0.5012288888888888,0.4987711111111111,],
[0.5066288888888888,0.4933711111111111,],
[0.49972,0.5002800000000001,],
[0.4938422222222222,0.5061577777777777,],
[0.4947377777777778,0.5052622222222222,],
[0.4952066666666667,0.5047933333333333,],
[0.4829977777777778,0.5170022222222223,],
[0.5094355555555555,0.4905644444444444,],
[0.5118199999999999,0.4881800000000001,],
[0.5067022222222222,0.4932977777777778,],
[0.4928755555555556,0.5071244444444444,],
[0.5023399999999999,0.49766,],
[0.4969777777777778,0.5030222222222223,],
[0.5153133333333333,0.4846866666666667,],
[0.50048,0.49952,],
[0.50208,0.49792,],
[0.5111733333333333,0.4888266666666667,],
[0.4898533333333333,0.5101466666666666,],
[0.5050177777777778,0.4949822222222222,],
[0.5033511111111111,0.4966488888888889,],
[0.5115133333333333,0.4884866666666667,],
[0.5308644444444445,0.4691355555555556,],
[0.5005111111111111,0.4994888888888889,],
[0.50754,0.49246,],
[0.5048688888888889,0.4951311111111111,],
[0.5186755555555554,0.4813244444444444,],
[0.4876200000000001,0.5123800000000001,],
[0.5015266666666666,0.4984733333333334,],
[0.4820755555555555,0.5179244444444445,],
[0.5118044444444444,0.4881955555555556,],
[0.5168533333333333,0.4831466666666667,],
[0.5051,0.4949,],
[0.5130533333333334,0.4869466666666666,],
[0.5186933333333332,0.4813066666666667,],
[0.5037177777777778,0.4962822222222222,],
[0.4874755555555556,0.5125244444444444,],
[0.4962888888888889,0.5037111111111111,],
[0.4997711111111111,0.5002288888888889,],
[0.4905377777777777,0.5094622222222221,],
[0.4951355555555556,0.5048644444444444,],
[0.5130244444444444,0.4869755555555556,],
[0.4946511111111111,0.5053488888888888,],
[0.4889266666666667,0.5110733333333334,],
[0.5069533333333333,0.4930466666666667,],
[0.4876,0.5124,],
[0.4938822222222222,0.5061177777777777,],
[0.4990044444444445,0.5009955555555555,],
[0.49854,0.50146,],
[0.4939866666666666,0.5060133333333333,],
[0.5151422222222221,0.4848577777777777,],
[0.5070177777777777,0.4929822222222222,],
[0.4734844444444444,0.5265155555555554,],
[0.4931155555555555,0.5068844444444444,],
[0.4989533333333334,0.5010466666666666,],
[0.5015777777777777,0.4984222222222222,],
[0.4791511111111111,0.5208488888888888,],
[0.5176088888888888,0.4823911111111111,],
[0.5090511111111111,0.4909488888888889,],
[0.4997755555555555,0.5002244444444445,],
[0.4978066666666667,0.5021933333333334,],
[0.4867311111111111,0.513268888888889,],
[0.5301955555555555,0.4698044444444445,],
[0.4802644444444444,0.5197355555555555,],
[0.5299844444444444,0.4700155555555556,],
[0.4997133333333333,0.5002866666666668,],
[0.4999822222222222,0.5000177777777778,],
[0.4999288888888889,0.5000711111111111,],
[0.4992733333333333,0.5007266666666667,],
[0.4880155555555555,0.5119844444444445,],
[0.48432,0.51568,],
[0.5007444444444444,0.4992555555555556,],
[0.4781177777777778,0.5218822222222222,],
[0.5177355555555555,0.4822644444444444,],
[0.4896977777777777,0.5103022222222221,],
[0.51562,0.48438,],
[0.4908311111111111,0.5091688888888888,],
[0.5088155555555556,0.4911844444444445,],
[0.5215666666666667,0.4784333333333333,],
[0.5083266666666666,0.4916733333333334,],
[0.4743488888888889,0.5256511111111111,],
[0.4993133333333333,0.5006866666666666,],
[0.4850155555555555,0.5149844444444444,],
[0.4929644444444444,0.5070355555555555,],
[0.5113044444444445,0.4886955555555556,],
[0.5096688888888888,0.4903311111111111,],
[0.5131,0.4869,],
[0.4957022222222222,0.5042977777777778,],
[0.4917177777777778,0.5082822222222222,],
[0.4790422222222223,0.5209577777777777,],
[0.5028222222222222,0.4971777777777778,],
[0.4987288888888889,0.501271111111111,],
[0.5021888888888889,0.4978111111111111,],
[0.4991355555555556,0.5008644444444444,],
[0.4981155555555556,0.5018844444444445,],
[0.4895,0.5105,],
[0.5042755555555556,0.4957244444444445,],
[0.5073533333333332,0.4926466666666667,],
[0.4987333333333333,0.5012666666666666,],
[0.4930155555555556,0.5069844444444443,],
[0.4985177777777778,0.5014822222222222,],
[0.5138688888888889,0.4861311111111111,],
[0.4897022222222221,0.5102977777777777,],
[0.5031666666666668,0.4968333333333333,],
[0.4869711111111111,0.5130288888888889,],
[0.5064422222222222,0.4935577777777778,],
[0.4949911111111111,0.5050088888888888,],
[0.5091466666666666,0.4908533333333333,],
[0.48272,0.51728,],
[0.5081955555555555,0.4918044444444444,],
[0.5038133333333332,0.4961866666666667,],
[0.5226844444444445,0.4773155555555555,],
[0.4869955555555556,0.5130044444444444,],
[0.4865555555555555,0.5134444444444445,],
[0.4874977777777778,0.5125022222222223,],
[0.4753888888888889,0.5246111111111111,],
[0.5175733333333332,0.4824266666666667,],
[0.4945933333333333,0.5054066666666667,],
[0.4924777777777778,0.5075222222222222,],
[0.4939577777777778,0.5060422222222221,],
[0.4721933333333334,0.5278066666666666,],
[0.4962222222222222,0.5037777777777777,],
[0.5119355555555556,0.4880644444444445,],
[0.4859955555555555,0.5140044444444444,],
[0.48974,0.51026,],
[0.5122533333333334,0.4877466666666667,],
[0.4835622222222222,0.5164377777777777,],
[0.5037844444444444,0.4962155555555556,],
[0.5000955555555556,0.4999044444444445,],
[0.4954533333333333,0.5045466666666667,],
[0.5065222222222222,0.4934777777777778,],
[0.4971533333333333,0.5028466666666667,],
[0.5110533333333334,0.4889466666666667,],
[0.4946066666666667,0.5053933333333334,],
[0.4931511111111111,0.5068488888888889,],
[0.49022,0.50978,],
[0.5005777777777778,0.4994222222222222,],
[0.51598,0.48402,],
[0.4860822222222222,0.5139177777777778,],
[0.5135111111111111,0.4864888888888889,],
[0.5055044444444443,0.4944955555555556,],
[0.5110844444444445,0.4889155555555556,],
[0.5105555555555555,0.4894444444444444,],
[0.5148733333333332,0.4851266666666666,],
[0.5057355555555555,0.4942644444444444,],
[0.4895866666666666,0.5104133333333333,],
[0.4835066666666666,0.5164933333333332,],
[0.50868,0.49132,],
[0.5126733333333333,0.4873266666666667,],
[0.5008222222222223,0.4991777777777778,],
[0.5076644444444445,0.4923355555555556,],
[0.4872266666666667,0.5127733333333333,],
[0.4938711111111111,0.5061288888888887,],
[0.5056088888888888,0.4943911111111111,],
[0.4996466666666667,0.5003533333333333,],
[0.5035155555555555,0.4964844444444445,],
[0.5100977777777778,0.4899022222222222,],
[0.5038422222222222,0.4961577777777778,],
[0.5050622222222222,0.4949377777777778,],
[0.5023155555555556,0.4976844444444444,],
[0.51248,0.48752,],
[0.5070488888888888,0.4929511111111111,],
[0.5051311111111111,0.4948688888888889,],
[0.5078266666666666,0.4921733333333334,],
[0.521548888888889,0.4784511111111111,],
[0.5106066666666665,0.4893933333333333,],
[0.4981733333333334,0.5018266666666666,],
[0.4947244444444444,0.5052755555555555,],
[0.5061355555555554,0.4938644444444444,],
[0.5124333333333334,0.4875666666666667,],
[0.5164888888888888,0.4835111111111111,],
[0.5178911111111112,0.4821088888888889,],
[0.5092222222222221,0.4907777777777778,],
[0.4833511111111111,0.5166488888888888,],
[0.4983777777777778,0.5016222222222222,],
[0.5001422222222223,0.4998577777777778,],
[0.504631111111111,0.4953688888888889,],
[0.4927044444444445,0.5072955555555555,],
[0.4874422222222222,0.5125577777777779,],
[0.4979955555555556,0.5020044444444445,],
[0.4991622222222222,0.5008377777777778,],
[0.4900288888888889,0.5099711111111112,],
[0.5131022222222222,0.4868977777777778,],
[0.4828111111111111,0.5171888888888888,],
[0.4986444444444444,0.5013555555555556,],
[0.5026088888888889,0.4973911111111111,],
[0.4923666666666667,0.5076333333333334,],
[0.4840466666666667,0.5159533333333334,],
[0.4920911111111111,0.5079088888888889,],
[0.5076644444444445,0.4923355555555556,],
[0.5057133333333333,0.4942866666666667,],
[0.49372,0.50628,],
[0.5123488888888889,0.4876511111111111,],
[0.5070044444444444,0.4929955555555556,],
[0.4873466666666667,0.5126533333333333,],
[0.5027688888888888,0.4972311111111111,],
[0.5049088888888889,0.4950911111111111,],
[0.5057599999999999,0.49424,],
[0.5016244444444444,0.4983755555555556,],
[0.5127977777777778,0.4872022222222223,],
[0.5017933333333333,0.4982066666666667,],
[0.5088755555555555,0.4911244444444444,],
[0.50286,0.49714,],
[0.5079533333333334,0.4920466666666667,],
[0.5092199999999999,0.49078,],
[0.4949288888888889,0.5050711111111111,],
[0.4923755555555556,0.5076244444444444,],
[0.5054,0.4946,],
[0.4964666666666667,0.5035333333333333,],
[0.4954222222222222,0.5045777777777778,],
[0.5186888888888889,0.4813111111111111,],
[0.5094111111111111,0.4905888888888889,],
[0.4914244444444444,0.5085755555555556,],
[0.5144355555555555,0.4855644444444444,],
[0.5132444444444445,0.4867555555555556,],
[0.5239577777777776,0.4760422222222221,],
[0.49172,0.50828,],
[0.5118088888888889,0.4881911111111111,],
[0.4955111111111111,0.5044888888888889,],
[0.5080444444444443,0.4919555555555555,],
[0.4970444444444445,0.5029555555555556,],
[0.4890266666666667,0.5109733333333334,],
[0.5003066666666668,0.4996933333333333,],
[0.5012844444444444,0.4987155555555555,],
[0.5036444444444445,0.4963555555555555,],
[0.5044444444444445,0.4955555555555556,],
[0.5004977777777778,0.4995022222222222,],
[0.4946933333333333,0.5053066666666666,],
[0.4984022222222222,0.5015977777777777,],
[0.5090977777777778,0.4909022222222222,],
[0.5093533333333333,0.4906466666666667,],
[0.5000133333333333,0.4999866666666666,],
[0.5147755555555555,0.4852244444444444,],
[0.4921622222222223,0.5078377777777777,],
[0.4882466666666667,0.5117533333333333,],
[0.5142600000000001,0.4857399999999999,],
[0.5142111111111112,0.4857888888888889,],
[0.5129866666666666,0.4870133333333334,],
[0.5101911111111112,0.4898088888888888,],
[0.5009377777777777,0.4990622222222222,],
[0.5049777777777777,0.4950222222222223,],
[0.506291111111111,0.4937088888888889,],
[0.4975511111111111,0.5024488888888888,],
[0.5093822222222222,0.4906177777777778,],
[0.5062733333333332,0.4937266666666667,],
[0.4978355555555556,0.5021644444444444,],
[0.4979177777777778,0.5020822222222222,],
[0.4840866666666667,0.5159133333333333,],
[0.49644,0.50356,],
[0.4926155555555556,0.5073844444444444,],
[0.4908866666666666,0.5091133333333333,],
[0.5050733333333334,0.4949266666666667,],
[0.4979711111111111,0.502028888888889,],
[0.50404,0.49596,],
[0.5026911111111111,0.497308888888889,],
[0.4844244444444444,0.5155755555555556,],
[0.4854666666666667,0.5145333333333333,],
[0.5176999999999999,0.4823,],
[0.4970733333333333,0.5029266666666666,],
[0.4921244444444445,0.5078755555555555,],
[0.5106599999999999,0.48934,],
[0.4813644444444444,0.5186355555555555,],
[0.4988644444444444,0.5011355555555556,],
[0.5003288888888889,0.4996711111111111,],
[0.4993911111111111,0.500608888888889,],
[0.4985688888888889,0.501431111111111,],
[0.4823377777777778,0.5176622222222221,],
[0.5034155555555556,0.4965844444444444,],
[0.5179066666666667,0.4820933333333333,],
[0.5276777777777777,0.4723222222222223,],
[0.5244244444444444,0.4755755555555556,],
[0.51806,0.48194,],
[0.4968511111111111,0.503148888888889,],
[0.5180666666666667,0.4819333333333333,],
[0.500248888888889,0.4997511111111111,],
[0.5082155555555555,0.4917844444444445,],
[0.5149333333333332,0.4850666666666666,],
[0.5007044444444444,0.4992955555555555,],
[0.4838888888888889,0.5161111111111111,],
[0.5041844444444445,0.4958155555555556,],
[0.4979111111111112,0.5020888888888888,],
[0.5131533333333334,0.4868466666666666,],
[0.4905666666666667,0.5094333333333333,],
[0.4858911111111111,0.5141088888888888,],
[0.4981533333333334,0.5018466666666667,],
[0.4886955555555556,0.5113044444444445,],
[0.5074711111111111,0.4925288888888888,],
[0.5157666666666666,0.4842333333333334,],
[0.5041977777777779,0.4958022222222222,],
[0.5198422222222222,0.4801577777777777,],
[0.5027133333333332,0.4972866666666667,],
[0.5060622222222221,0.4939377777777778,],
[0.5058733333333333,0.4941266666666667,],
[0.5070022222222221,0.4929977777777778,],
[0.5145644444444444,0.4854355555555555,],
[0.4908377777777778,0.5091622222222222,],
[0.4837266666666667,0.5162733333333333,],
[0.4833222222222222,0.5166777777777778,],
[0.5061955555555554,0.4938044444444444,],
[0.5151111111111111,0.4848888888888889,],
[0.4858266666666666,0.5141733333333334,],
[0.49254,0.5074599999999999,],
[0.4947844444444445,0.5052155555555555,],
[0.4900755555555555,0.5099244444444445,],
[0.4871355555555555,0.5128644444444443,],
[0.5159333333333334,0.4840666666666666,],
[0.5129444444444444,0.4870555555555556,],
[0.5107355555555555,0.4892644444444444,],
[0.4959022222222222,0.5040977777777778,],
[0.5100288888888889,0.4899711111111111,],
[0.5246666666666666,0.4753333333333333,],
[0.4964577777777778,0.5035422222222222,],
[0.5022088888888889,0.4977911111111111,],
[0.4902466666666666,0.5097533333333333,],
[0.5052622222222222,0.4947377777777778,],
[0.5139422222222223,0.4860577777777778,],
[0.5021577777777778,0.4978422222222223,],
[0.5164844444444444,0.4835155555555555,],
[0.5196933333333332,0.4803066666666666,],
[0.4988644444444444,0.5011355555555556,],
[0.5095266666666666,0.4904733333333334,],
[0.4834311111111111,0.5165688888888889,],
[0.5050533333333334,0.4949466666666666,],
[0.5064688888888889,0.4935311111111111,],
[0.4961800000000001,0.5038199999999999,],
[0.5034488888888889,0.4965511111111111,],
[0.5011955555555555,0.4988044444444444,],
[0.5154799999999999,0.48452,],
[0.4970533333333333,0.5029466666666667,],
[0.4874977777777778,0.5125022222222223,],
[0.5057133333333333,0.4942866666666667,],
[0.4993977777777778,0.5006022222222223,],
[0.4796688888888889,0.5203311111111111,],
[0.5071911111111109,0.4928088888888889,],
[0.5002822222222223,0.4997177777777778,],
[0.4995666666666667,0.5004333333333334,],
[0.5070088888888888,0.4929911111111111,],
[0.5115577777777778,0.4884422222222222,],
[0.5041688888888889,0.4958311111111111,],
[0.4978155555555556,0.5021844444444444,],
[0.514971111111111,0.4850288888888888,],
[0.5038688888888888,0.4961311111111111,],
[0.4978844444444445,0.5021155555555555,],
[0.5127711111111112,0.4872288888888889,],
[0.4910333333333334,0.5089666666666667,],
[0.4967733333333334,0.5032266666666666,],
[0.4886533333333333,0.5113466666666667,],
[0.4949444444444445,0.5050555555555556,],
[0.4950377777777778,0.5049622222222222,],
[0.4918333333333333,0.5081666666666667,],
[0.4904111111111111,0.5095888888888889,],
[0.4989666666666667,0.5010333333333333,],
[0.5102866666666667,0.4897133333333333,],
[0.4921511111111112,0.5078488888888888,],
[0.5145888888888888,0.4854111111111111,],
[0.5052555555555555,0.4947444444444444,],
[0.4857088888888889,0.514291111111111,],
[0.4910933333333333,0.5089066666666666,],
[0.4961222222222222,0.5038777777777778,],
[0.5016133333333332,0.4983866666666666,],
[0.5058666666666666,0.4941333333333333,],
[0.4868822222222222,0.5131177777777778,],
[0.4916111111111112,0.5083888888888888,],
[0.4945955555555556,0.5054044444444444,],
[0.5037200000000001,0.49628,],
[0.5018288888888889,0.4981711111111112,],
[0.5083688888888888,0.4916311111111111,],
[0.49696,0.50304,],
[0.5058044444444443,0.4941955555555556,],
[0.510591111111111,0.4894088888888888,],
[0.4979422222222222,0.5020577777777777,],
[0.4896933333333333,0.5103066666666666,],
[0.5051844444444443,0.4948155555555555,],
[0.4936311111111111,0.5063688888888889,],
[0.4951844444444445,0.5048155555555556,],
[0.5096822222222221,0.4903177777777777,],
[0.4870377777777778,0.5129622222222222,],
[0.4969022222222222,0.5030977777777779,],
[0.5215666666666667,0.4784333333333333,],
[0.4894755555555556,0.5105244444444444,],
[0.4918511111111111,0.5081488888888889,],
[0.5088377777777778,0.4911622222222222,],
[0.5135977777777778,0.4864022222222222,],
[0.5072199999999999,0.4927800000000001,],
[0.5043933333333334,0.4956066666666667,],
[0.5091733333333333,0.4908266666666666,],
[0.5062066666666666,0.4937933333333334,],
[0.5111511111111111,0.4888488888888889,],
[0.4910600000000001,0.5089399999999999,],
[0.4879577777777778,0.5120422222222223,],
[0.4855155555555555,0.5144844444444444,],
[0.5033577777777778,0.4966422222222223,],
[0.5078555555555555,0.4921444444444445,],
[0.4897555555555555,0.5102444444444445,],
[0.5095866666666666,0.4904133333333333,],
[0.5111088888888889,0.4888911111111112,],
[0.4922,0.5077999999999999,],
[0.5073888888888888,0.4926111111111111,],
[0.504468888888889,0.4955311111111111,],
[0.5106999999999999,0.4893,],
[0.5036777777777778,0.4963222222222223,],
[0.5147622222222222,0.4852377777777778,],
[0.50466,0.49534,],
[0.5261577777777778,0.4738422222222222,],
[0.5041266666666667,0.4958733333333333,],
[0.4969777777777778,0.5030222222222223,],
[0.5074577777777777,0.4925422222222222,],
[0.5094422222222221,0.4905577777777778,],
[0.4887577777777778,0.5112422222222223,],
[0.4999733333333333,0.5000266666666666,],
[0.5084755555555555,0.4915244444444444,],
[0.5008644444444444,0.4991355555555556,],
[0.4876,0.5124,],
[0.5157022222222222,0.4842977777777778,],
[0.4815266666666667,0.5184733333333333,],
[0.4711,0.5288999999999999,],
[0.5041444444444445,0.4958555555555555,],
[0.4910044444444445,0.5089955555555555,],
[0.5106911111111111,0.4893088888888889,],
[0.5056777777777778,0.4943222222222222,],
[0.5001244444444445,0.4998755555555556,],
[0.4898111111111111,0.5101888888888889,],
[0.5103955555555555,0.4896044444444444,],
[0.4859422222222222,0.5140577777777777,],
[0.5176044444444444,0.4823955555555555,],
[0.4985888888888889,0.5014111111111111,],
[0.5172866666666667,0.4827133333333333,],
[0.4919577777777778,0.5080422222222222,],
[0.4864266666666667,0.5135733333333333,],
[0.5041844444444445,0.4958155555555556,],
[0.4883977777777778,0.5116022222222222,],
[0.4886688888888889,0.5113311111111112,],
[0.4913155555555556,0.5086844444444444,],
[0.4968511111111111,0.503148888888889,],
[0.5158933333333333,0.4841066666666667,],
[0.5073755555555555,0.4926244444444445,],
[0.4972822222222223,0.5027177777777777,],
[0.4919888888888889,0.5080111111111111,],
[0.5132222222222222,0.4867777777777778,],
[0.4876911111111111,0.5123088888888889,],
[0.5052866666666667,0.4947133333333333,],
[0.4976555555555556,0.5023444444444444,],
[0.4952955555555555,0.5047044444444444,],
[0.4939822222222222,0.5060177777777777,],
[0.5118377777777777,0.4881622222222223,],
[0.4861377777777777,0.5138622222222222,],
[0.4940755555555555,0.5059244444444444,],
[0.5085733333333333,0.4914266666666666,],
[0.5019644444444444,0.4980355555555556,],
[0.4891688888888889,0.5108311111111111,],
[0.4935822222222223,0.5064177777777777,],
[0.4889977777777778,0.5110022222222222,],
[0.5043488888888888,0.4956511111111111,],
[0.5069622222222221,0.4930377777777778,],
[0.5189133333333333,0.4810866666666667,],
[0.5001911111111111,0.4998088888888889,],
[0.5002133333333334,0.4997866666666667,],
[0.4962044444444445,0.5037955555555554,],
[0.5129311111111111,0.4870688888888889,],
[0.4994088888888888,0.5005911111111112,],
[0.50828,0.49172,],
[0.5071311111111111,0.4928688888888889,],
[0.5037222222222223,0.4962777777777778,],
[0.5078777777777778,0.4921222222222222,],
[0.5157822222222221,0.4842177777777778,],
[0.4887311111111112,0.5112688888888889,],
[0.4837711111111112,0.5162288888888888,],
[0.4965333333333333,0.5034666666666666,],
[0.49616,0.50384,],
[0.4998422222222222,0.5001577777777778,],
[0.48704,0.51296,],
[0.5135044444444444,0.4864955555555556,],
[0.4867711111111111,0.513228888888889,],
[0.4935688888888889,0.5064311111111111,],
[0.4888422222222222,0.5111577777777777,],
[0.5253955555555554,0.4746044444444444,],
[0.49174,0.5082599999999999,],
[0.4833488888888889,0.5166511111111111,],
[0.5146155555555555,0.4853844444444445,],
[0.5004644444444445,0.4995355555555556,],
[0.5217711111111111,0.4782288888888889,],
[0.5037777777777777,0.4962222222222222,],
[0.5025244444444444,0.4974755555555556,],
[0.4969377777777778,0.5030622222222223,],
[0.5200466666666667,0.4799533333333333,],
[0.4993488888888888,0.500651111111111,],
[0.5084422222222221,0.4915577777777778,],
[0.5104355555555555,0.4895644444444444,],
[0.4912711111111111,0.5087288888888889,],
[0.5322111111111111,0.4677888888888889,],
[0.5002266666666667,0.4997733333333333,],
[0.4839533333333333,0.5160466666666665,],
[0.5002177777777779,0.4997822222222222,],
[0.4976488888888889,0.5023511111111111,],
[0.4933844444444445,0.5066155555555555,],
[0.4901177777777778,0.5098822222222222,],
[0.5257177777777777,0.4742822222222222,],
[0.4831311111111111,0.5168688888888888,],
[0.5056244444444444,0.4943755555555556,],
[0.5065488888888889,0.4934511111111112,],
[0.5148066666666666,0.4851933333333333,],
[0.4846777777777778,0.5153222222222221,],
[0.5048933333333333,0.4951066666666666,],
[0.5166177777777777,0.4833822222222222,],
[0.4826377777777778,0.5173622222222222,],
[0.4910355555555556,0.5089644444444444,],
[0.4971422222222222,0.5028577777777777,],
[0.5025688888888888,0.4974311111111112,],
[0.4910622222222222,0.5089377777777777,],
[0.5198577777777778,0.4801422222222222,],
[0.4693111111111111,0.530688888888889,],
[0.5069755555555555,0.4930244444444445,],
[0.5066177777777777,0.4933822222222222,],
[0.4999888888888889,0.5000111111111111,],
[0.4822955555555555,0.5177044444444444,],
[0.5124555555555556,0.4875444444444444,],
[0.4979288888888889,0.502071111111111,],
[0.4966866666666667,0.5033133333333334,],
[0.4858133333333333,0.5141866666666667,],
[0.4977533333333334,0.5022466666666667,],
[0.5120088888888888,0.4879911111111111,],
[0.5016799999999999,0.49832,],
[0.516371111111111,0.4836288888888889,],
[0.5113444444444445,0.4886555555555556,],
[0.4919755555555556,0.5080244444444444,],
[0.4998555555555556,0.5001444444444445,],
[0.4845111111111111,0.5154888888888889,],
[0.4997644444444445,0.5002355555555557,],
[0.4998755555555556,0.5001244444444445,],
[0.4819466666666667,0.5180533333333333,],
[0.4766577777777777,0.5233422222222223,],
[0.5033822222222223,0.4966177777777778,],
[0.5027355555555555,0.4972644444444445,],
[0.5148266666666667,0.4851733333333333,],
[0.5202222222222223,0.4797777777777778,],
[0.4942022222222222,0.5057977777777777,],
[0.5008777777777779,0.4991222222222222,],
[0.5173955555555555,0.4826044444444444,],
[0.5106222222222221,0.4893777777777778,],
[0.5084488888888888,0.4915511111111111,],
[0.5070333333333332,0.4929666666666667,],
[0.50464,0.49536,],
[0.5083799999999999,0.4916200000000001,],
[0.5058177777777777,0.4941822222222222,],
[0.4918955555555556,0.5081044444444444,],
[0.4934266666666667,0.5065733333333333,],
[0.4760177777777777,0.5239822222222221,],
[0.4840777777777778,0.5159222222222222,],
[0.4922444444444444,0.5077555555555555,],
[0.506311111111111,0.4936888888888889,],
[0.5092244444444444,0.4907755555555556,],
[0.5023466666666666,0.4976533333333333,],
[0.4935866666666667,0.5064133333333333,],
[0.4793155555555556,0.5206844444444444,],
[0.4927466666666667,0.5072533333333332,],
[0.5120533333333334,0.4879466666666667,],
[0.5071044444444444,0.4928955555555556,],
[0.4910288888888889,0.508971111111111,],
[0.4980466666666667,0.5019533333333334,],
[0.5198199999999999,0.48018,],
[0.5248911111111111,0.4751088888888889,],
[0.5104244444444445,0.4895755555555555,],
[0.49702,0.50298,],
[0.4847644444444444,0.5152355555555554,],
[0.5069955555555554,0.4930044444444445,],
[0.5129355555555555,0.4870644444444445,],
[0.5008711111111112,0.4991288888888889,],
[0.5123711111111111,0.4876288888888889,],
[0.5052399999999999,0.49476,],
[0.49558,0.50442,],
[0.5150022222222221,0.4849977777777777,],
[0.4963355555555556,0.5036644444444445,],
[0.4927244444444445,0.5072755555555555,],
[0.4996422222222222,0.5003577777777778,],
[0.4771,0.5229,],
[0.5014688888888889,0.4985311111111111,],
[0.5036488888888889,0.4963511111111111,],
[0.4839688888888889,0.516031111111111,],
[0.4916266666666667,0.5083733333333332,],
[0.5267933333333333,0.4732066666666667,],
[0.5083266666666666,0.4916733333333334,],
[0.4993977777777778,0.5006022222222223,],
[0.5076622222222222,0.4923377777777778,],
[0.5132244444444445,0.4867755555555556,],
[0.5003355555555556,0.4996644444444445,],
[0.5062355555555554,0.4937644444444445,],
[0.49608,0.5039199999999999,],
[0.4971977777777778,0.5028022222222222,],
[0.4874044444444444,0.5125955555555555,],
[0.5116555555555555,0.4883444444444445,],
[0.4912044444444444,0.5087955555555556,],
[0.4950755555555555,0.5049244444444444,],
[0.5090888888888889,0.4909111111111111,],
[0.4830977777777778,0.5169022222222222,],
[0.5000066666666667,0.4999933333333333,],
[0.5005533333333334,0.4994466666666666,],
[0.5085822222222222,0.4914177777777777,],
[0.5043133333333334,0.4956866666666667,],
[0.50642,0.49358,],
[0.4976888888888889,0.5023111111111112,],
[0.5039111111111111,0.4960888888888889,],
[0.4941444444444444,0.5058555555555555,],
[0.5059422222222222,0.4940577777777778,],
[0.4992955555555555,0.5007044444444444,],
[0.5089888888888888,0.4910111111111111,],
[0.4872311111111111,0.5127688888888889,],
[0.4927222222222223,0.5072777777777777,],
[0.5056755555555555,0.4943244444444444,],
[0.5145955555555555,0.4854044444444444,],
[0.49548,0.5045200000000001,],
[0.4889266666666667,0.5110733333333334,],
[0.4791666666666667,0.5208333333333333,],
[0.5086022222222222,0.4913977777777778,],
[0.4893577777777778,0.5106422222222221,],
[0.4916022222222223,0.5083977777777777,],
[0.4933488888888889,0.5066511111111111,],
[0.4950822222222222,0.5049177777777777,],
[0.4952644444444445,0.5047355555555556,],
[0.4917755555555556,0.5082244444444444,],
[0.5168377777777777,0.4831622222222222,],
[0.50798,0.49202,],
[0.5259222222222223,0.4740777777777778,],
[0.4738111111111111,0.5261888888888889,],
[0.4876555555555556,0.5123444444444445,],
[0.50646,0.49354,],
[0.5006355555555555,0.4993644444444444,],
[0.4934844444444445,0.5065155555555555,],
[0.4921511111111112,0.5078488888888888,],
[0.5043377777777778,0.4956622222222222,],
[0.5196577777777778,0.4803422222222222,],
[0.4824622222222222,0.5175377777777777,],
[0.489711111111111,0.5102888888888889,],
[0.4976755555555555,0.5023244444444445,],
[0.5080533333333332,0.4919466666666666,],
[0.5061377777777777,0.4938622222222222,],
[0.5122511111111112,0.4877488888888889,],
[0.5089911111111111,0.4910088888888889,],
[0.5287044444444444,0.4712955555555556,],
[0.5179666666666667,0.4820333333333333,],
[0.5337377777777778,0.4662622222222222,],
[0.5157533333333333,0.4842466666666667,],
[0.4987733333333333,0.5012266666666666,],
[0.4860466666666667,0.5139533333333334,],
[0.5170533333333334,0.4829466666666666,],
[0.50972,0.4902799999999999,],
[0.4909755555555556,0.5090244444444444,],
[0.5142600000000001,0.4857399999999999,],
[0.5069599999999999,0.49304,],
[0.5012177777777777,0.4987822222222222,],
[0.50344,0.49656,],
[0.4995955555555556,0.5004044444444444,],
[0.4947711111111111,0.5052288888888888,],
[0.51422,0.48578,],
[0.5052888888888888,0.4947111111111111,],
[0.5102644444444445,0.4897355555555555,],
[0.5006622222222222,0.4993377777777778,],
[0.5113533333333333,0.4886466666666667,],
[0.4974511111111112,0.5025488888888889,],
[0.49988,0.50012,],
[0.4846733333333333,0.5153266666666666,],
[0.5114377777777778,0.4885622222222222,],
[0.49906,0.5009399999999999,],
[0.5095688888888888,0.4904311111111111,],
[0.4941777777777778,0.5058222222222221,],
[0.4922288888888889,0.5077711111111111,],
[0.5036066666666666,0.4963933333333334,],
[0.4952911111111111,0.5047088888888889,],
[0.4883111111111111,0.5116888888888889,],
[0.5115755555555556,0.4884244444444444,],
[0.5099666666666667,0.4900333333333333,],
[0.4890044444444445,0.5109955555555555,],
[0.5202488888888889,0.4797511111111111,],
[0.5074333333333333,0.4925666666666667,],
[0.4818244444444444,0.5181755555555556,],
[0.4943177777777777,0.5056822222222221,],
[0.5055955555555555,0.4944044444444444,],
[0.5319844444444445,0.4680155555555556,],
[0.4798222222222223,0.5201777777777778,],
[0.5029533333333334,0.4970466666666667,],
[0.4933244444444445,0.5066755555555554,],
[0.5150666666666666,0.4849333333333333,],
[0.4781177777777778,0.5218822222222222,],
[0.5110222222222223,0.4889777777777778,],
[0.4909177777777778,0.5090822222222222,],
[0.5066222222222221,0.4933777777777778,],
[0.5068488888888889,0.4931511111111111,],
[0.51442,0.48558,],
[0.4917466666666667,0.5082533333333333,],
[0.4762488888888889,0.5237511111111111,],
[0.4918733333333333,0.5081266666666666,],
[0.4961377777777778,0.5038622222222222,],
[0.4955622222222222,0.5044377777777778,],
[0.49824,0.50176,],
[0.4988711111111111,0.5011288888888888,],
[0.5088644444444445,0.4911355555555555,],
[0.5044022222222222,0.4955977777777778,],
[0.5170911111111112,0.4829088888888889,],
[0.4953666666666666,0.5046333333333333,],
[0.5056022222222222,0.4943977777777778,],
[0.4869155555555555,0.5130844444444445,],
[0.4958911111111111,0.5041088888888889,],
[0.5201600000000001,0.47984,],
[0.5087577777777778,0.4912422222222222,],
[0.5021666666666667,0.4978333333333334,],
[0.5107244444444444,0.4892755555555555,],
[0.5148755555555554,0.4851244444444444,],
[0.52566,0.47434,],
[0.4745177777777778,0.5254822222222222,],
[0.4946466666666667,0.5053533333333333,],
[0.5083133333333332,0.4916866666666667,],
[0.5144355555555555,0.4855644444444444,],
[0.523711111111111,0.4762888888888889,],
[0.4806733333333333,0.5193266666666667,],
[0.5044133333333334,0.4955866666666667,],
[0.5075622222222222,0.4924377777777778,],
[0.4965688888888889,0.5034311111111112,],
[0.5052688888888889,0.4947311111111111,],
[0.5113622222222223,0.4886377777777778,],
[0.5023399999999999,0.49766,],
[0.4976088888888889,0.502391111111111,],
[0.5333222222222223,0.4666777777777778,],
[0.5137777777777778,0.4862222222222222,],
[0.4964888888888889,0.503511111111111,],
[0.5076444444444445,0.4923555555555556,],
[0.5063399999999999,0.49366,],
[0.4873222222222222,0.5126777777777778,],
[0.4918733333333333,0.5081266666666666,],
[0.4968266666666667,0.5031733333333334,],
[0.5125644444444445,0.4874355555555555,],
[0.503511111111111,0.4964888888888889,],
[0.5091288888888889,0.4908711111111111,],
[0.4973577777777778,0.5026422222222221,],
[0.4960177777777778,0.5039822222222222,],
[0.5178688888888889,0.4821311111111111,],
[0.5233977777777777,0.4766022222222221,],
[0.5208,0.4792,],
[0.4942577777777777,0.5057422222222221,],
[0.5283911111111111,0.4716088888888889,],
[0.4971777777777778,0.5028222222222222,],
[0.5227911111111112,0.4772088888888888,],
[0.4810777777777778,0.5189222222222223,],
[0.4848577777777777,0.5151422222222221,],
[0.4835355555555556,0.5164644444444444,],
[0.4875,0.5125000000000001,],
[0.5219577777777777,0.4780422222222222,],
[0.4940177777777778,0.5059822222222221,],
[0.49646,0.50354,],
[0.4983644444444444,0.5016355555555555,],
[0.5165488888888888,0.4834511111111111,],
[0.510611111111111,0.4893888888888889,],
[0.5142822222222222,0.4857177777777777,],
[0.5058622222222221,0.4941377777777777,],
[0.4940977777777777,0.5059022222222221,],
[0.5040555555555556,0.4959444444444444,],
[0.519711111111111,0.4802888888888888,],
[0.4981977777777779,0.5018022222222223,],
[0.5017622222222222,0.4982377777777778,],
[0.4903844444444445,0.5096155555555555,],
[0.4898311111111111,0.5101688888888889,],
[0.4959644444444444,0.5040355555555556,],
[0.4991155555555555,0.5008844444444445,],
[0.4995711111111111,0.5004288888888889,],
[0.5174177777777776,0.4825822222222222,],
[0.4861933333333333,0.5138066666666666,],
[0.4940288888888889,0.505971111111111,],
[0.5091533333333333,0.4908466666666667,],
[0.4914866666666667,0.5085133333333333,],
[0.5084955555555555,0.4915044444444445,],
[0.5106177777777777,0.4893822222222222,],
[0.4967533333333334,0.5032466666666666,],
[0.514411111111111,0.4855888888888888,],
[0.5035066666666667,0.4964933333333333,],
[0.5127777777777778,0.4872222222222222,],
[0.4984977777777778,0.5015022222222221,],
[0.5073688888888888,0.4926311111111111,],
[0.4972222222222222,0.5027777777777778,],
[0.4963511111111111,0.5036488888888889,],
[0.4959355555555555,0.5040644444444444,],
[0.5152622222222221,0.4847377777777778,],
[0.5131866666666667,0.4868133333333333,],
[0.4910933333333333,0.5089066666666666,],
[0.4952466666666667,0.5047533333333334,],
[0.48844,0.51156,],
[0.5032444444444444,0.4967555555555556,],
[0.5036555555555555,0.4963444444444445,],
[0.5137266666666667,0.4862733333333333,],
[0.5214644444444445,0.4785355555555556,],
[0.4924222222222222,0.5075777777777778,],
[0.49664,0.50336,],
[0.5093666666666666,0.4906333333333334,],
[0.5037844444444444,0.4962155555555556,],
[0.4976955555555556,0.5023044444444444,],
[0.49902,0.50098,],
[0.49304,0.5069599999999999,],
[0.4875133333333334,0.5124866666666668,],
[0.5174377777777777,0.4825622222222222,],
[0.4947577777777778,0.5052422222222221,],
[0.4945844444444444,0.5054155555555555,],
[0.4812466666666667,0.5187533333333333,],
[0.5093622222222222,0.4906377777777778,],
[0.5157977777777777,0.4842022222222223,],
[0.5098244444444444,0.4901755555555555,],
[0.5100222222222222,0.4899777777777777,],
[0.5077288888888889,0.4922711111111111,],
[0.5136488888888889,0.4863511111111111,],
[0.50012,0.49988,],
[0.4982866666666667,0.5017133333333333,],
[0.4745688888888889,0.525431111111111,],
[0.5279177777777778,0.4720822222222222,],
[0.51378,0.48622,],
[0.5184377777777778,0.4815622222222222,],
[0.5021355555555556,0.4978644444444445,],
[0.4957,0.5043000000000001,],
[0.5184,0.4816,],
[0.4984377777777778,0.5015622222222221,],
[0.5075911111111111,0.4924088888888889,],
[0.5109155555555556,0.4890844444444445,],
[0.4808,0.5192,],
[0.5004666666666667,0.4995333333333333,],
[0.51294,0.48706,],
[0.4775355555555555,0.5224644444444445,],
[0.5105644444444445,0.4894355555555555,],
[0.4994266666666666,0.5005733333333334,],
[0.5022644444444445,0.4977355555555556,],
[0.5016444444444443,0.4983555555555556,],
[0.5074044444444443,0.4925955555555556,],
[0.5134377777777778,0.4865622222222222,],
[0.5063488888888888,0.4936511111111112,],
[0.4934266666666667,0.5065733333333333,],
[0.5106288888888888,0.4893711111111111,],
[0.4959844444444445,0.5040155555555555,],
[0.5351844444444445,0.4648155555555556,],
[0.4967200000000001,0.5032799999999999,],
[0.4999133333333333,0.5000866666666667,],
[0.5207422222222222,0.4792577777777778,],
[0.4813377777777778,0.5186622222222221,],
[0.5078177777777777,0.4921822222222222,],
[0.4972088888888889,0.5027911111111111,],
[0.5088733333333333,0.4911266666666667,],
[0.4871644444444445,0.5128355555555556,],
[0.5018733333333334,0.4981266666666667,],
[0.4945044444444445,0.5054955555555555,],
[0.4934355555555556,0.5065644444444445,],
[0.49264,0.5073599999999999,],
[0.5013955555555555,0.4986044444444445,],
[0.5052955555555555,0.4947044444444444,],
[0.507071111111111,0.4929288888888889,],
[0.4948822222222222,0.5051177777777778,],
[0.505271111111111,0.4947288888888889,],
[0.5017466666666667,0.4982533333333333,],
[0.5040466666666666,0.4959533333333333,],
[0.4835733333333334,0.5164266666666666,],
[0.5234,0.4765999999999999,],
[0.5182955555555555,0.4817044444444444,],
[0.5059644444444443,0.4940355555555556,],
[0.4984911111111111,0.5015088888888888,],
[0.5031466666666667,0.4968533333333334,],
[0.4980022222222223,0.5019977777777779,],
[0.5059533333333333,0.4940466666666667,],
[0.5015377777777776,0.4984622222222223,],
[0.4915488888888889,0.5084511111111111,],
[0.5112488888888889,0.4887511111111111,],
[0.5049177777777777,0.4950822222222222,],
[0.4916222222222222,0.5083777777777777,],
[0.4913555555555555,0.5086444444444445,],
[0.4858666666666667,0.5141333333333333,],
[0.5105244444444444,0.4894755555555556,],
[0.4984333333333333,0.5015666666666666,],
[0.5096222222222222,0.4903777777777777,],
[0.4997111111111111,0.500288888888889,],
[0.5095644444444444,0.4904355555555556,],
[0.5076933333333333,0.4923066666666667,],
[0.4817844444444444,0.5182155555555555,],
[0.509511111111111,0.4904888888888889,],
[0.4904888888888889,0.509511111111111,],
[0.5015466666666666,0.4984533333333334,],
[0.4948733333333333,0.5051266666666667,],
[0.5160755555555555,0.4839244444444444,],
[0.5099688888888889,0.4900311111111111,],
[0.5175222222222221,0.4824777777777778,],
[0.535391111111111,0.4646088888888889,],
[0.5039955555555555,0.4960044444444444,],
[0.50058,0.49942,],
[0.4970088888888889,0.5029911111111112,],
[0.4941177777777778,0.5058822222222221,],
[0.4966755555555556,0.5033244444444445,],
[0.4870688888888889,0.5129311111111111,],
[0.5042044444444445,0.4957955555555555,],
[0.5040377777777778,0.4959622222222222,],
[0.4963044444444445,0.5036955555555556,],
[0.5078222222222222,0.4921777777777778,],
[0.5104822222222222,0.4895177777777778,],
[0.5244644444444444,0.4755355555555555,],
[0.5043266666666667,0.4956733333333334,],
[0.5055644444444444,0.4944355555555556,],
[0.5025533333333333,0.4974466666666667,],
[0.4922977777777778,0.5077022222222223,],
[0.5064622222222221,0.4935377777777778,],
[0.5040666666666667,0.4959333333333333,],
[0.4959666666666667,0.5040333333333333,],
[0.4920466666666667,0.5079533333333334,],
[0.4975666666666667,0.5024333333333333,],
[0.4929955555555556,0.5070044444444444,],
[0.5226933333333333,0.4773066666666667,],
[0.5059911111111111,0.4940088888888889,],
[0.4937511111111111,0.5062488888888887,],
[0.4910177777777778,0.5089822222222222,],
[0.4989133333333333,0.5010866666666667,],
[0.5042955555555556,0.4957044444444444,],
[0.4771311111111111,0.5228688888888889,],
[0.5085,0.4915,],
[0.49538,0.50462,],
[0.5022977777777778,0.4977022222222222,],
[0.50942,0.49058,],
[0.5080199999999999,0.49198,],
[0.4930866666666667,0.5069133333333332,],
[0.4973577777777778,0.5026422222222221,],
[0.4913711111111111,0.5086288888888889,],
[0.4906622222222222,0.5093377777777778,],
[0.5009133333333333,0.4990866666666667,],
[0.5081355555555555,0.4918644444444444,],
[0.4934822222222223,0.5065177777777777,],
[0.5065622222222222,0.4934377777777778,],
[0.5189688888888889,0.4810311111111111,],
[0.50164,0.49836,],
[0.4905777777777778,0.5094222222222222,],
[0.52628,0.47372,],
[0.5063688888888889,0.4936311111111111,],
[0.5092955555555555,0.4907044444444444,],
[0.5017377777777777,0.4982622222222222,],
[0.4908488888888888,0.5091511111111111,],
[0.5081977777777777,0.4918022222222223,],
[0.4977800000000001,0.50222,],
[0.5000777777777778,0.4999222222222222,],
[0.5266733333333333,0.4733266666666667,],
[0.5164599999999999,0.48354,],
[0.5035844444444444,0.4964155555555556,],
[0.51018,0.48982,],
[0.4915955555555556,0.5084044444444443,],
[0.5042377777777779,0.4957622222222223,],
[0.4992355555555555,0.5007644444444445,],
[0.51056,0.48944,],
[0.4906266666666667,0.5093733333333333,],
[0.4954755555555556,0.5045244444444444,],
[0.4996222222222222,0.5003777777777778,],
[0.51348,0.48652,],
[0.5091133333333333,0.4908866666666666,],
[0.4983088888888889,0.5016911111111111,],
[0.51984,0.48016,],
[0.4931955555555556,0.5068044444444444,],
[0.5117177777777777,0.4882822222222222,],
[0.4938933333333334,0.5061066666666665,],
[0.5183466666666666,0.4816533333333333,],
[0.5103888888888889,0.4896111111111111,],
[0.4747866666666666,0.5252133333333333,],
[0.4895955555555555,0.5104044444444444,],
[0.49366,0.5063399999999999,],
[0.5062177777777777,0.4937822222222222,],
[0.4846066666666667,0.5153933333333333,],
[0.5060777777777776,0.4939222222222223,],
[0.5008111111111111,0.4991888888888889,],
[0.5114622222222222,0.4885377777777777,],
[0.4986533333333333,0.5013466666666666,],
[0.4922222222222223,0.5077777777777777,],
[0.4920177777777778,0.5079822222222222,],
[0.5079222222222222,0.4920777777777778,],
[0.5103533333333333,0.4896466666666667,],
[0.5106999999999999,0.4893,],
[0.5046977777777778,0.4953022222222222,],
[0.5023866666666666,0.4976133333333334,],
[0.5008044444444445,0.4991955555555556,],
[0.5135488888888889,0.4864511111111111,],
[0.5235022222222222,0.4764977777777777,],
[0.49586,0.50414,],
[0.4883,0.5117,],
[0.4860511111111111,0.5139488888888889,],
[0.4894977777777778,0.5105022222222222,],
[0.5041822222222223,0.4958177777777777,],
[0.5056844444444444,0.4943155555555555,],
[0.50244,0.49756,],
[0.5039288888888889,0.4960711111111111,],
[0.5152066666666666,0.4847933333333334,],
[0.4998311111111111,0.5001688888888889,],
[0.4868355555555555,0.5131644444444444,],
[0.5022644444444445,0.4977355555555556,],
[0.5165555555555555,0.4834444444444444,],
[0.4936777777777778,0.5063222222222221,],
[0.5063888888888889,0.4936111111111112,],
[0.5088488888888889,0.4911511111111111,],
[0.49364,0.5063599999999999,],
[0.4888022222222223,0.5111977777777778,],
[0.505851111111111,0.4941488888888889,],
[0.4976155555555556,0.5023844444444444,],
[0.508071111111111,0.4919288888888889,],
[0.4922244444444445,0.5077755555555555,],
[0.5157888888888889,0.4842111111111111,],
[0.4986666666666666,0.5013333333333333,],
[0.4822088888888889,0.5177911111111111,],
[0.4914911111111111,0.5085088888888888,],
[0.5032733333333334,0.4967266666666667,],
[0.4943777777777777,0.5056222222222222,],
[0.4991711111111111,0.5008288888888889,],
[0.4827022222222222,0.5172977777777777,],
[0.5071155555555555,0.4928844444444445,],
[0.5095288888888888,0.4904711111111111,],
[0.5218200000000001,0.47818,],
[0.51842,0.48158,],
[0.4866222222222222,0.5133777777777778,],
[0.4841422222222223,0.5158577777777777,],
[0.5152666666666665,0.4847333333333333,],
[0.5093733333333333,0.4906266666666667,],
[0.5109133333333333,0.4890866666666667,],
[0.5109288888888889,0.4890711111111111,],
[0.5148622222222221,0.4851377777777777,],
[0.5201600000000001,0.47984,],
[0.5066066666666665,0.4933933333333334,],
[0.4942555555555555,0.5057444444444443,],
[0.5061799999999999,0.49382,],
[0.4915133333333334,0.5084866666666666,],
[0.4896422222222222,0.5103577777777777,],
[0.4901022222222222,0.5098977777777778,],
[0.5016022222222222,0.4983977777777778,],
[0.508351111111111,0.4916488888888889,],
[0.5111488888888889,0.4888511111111111,],
[0.5019155555555556,0.4980844444444444,],
[0.5064066666666667,0.4935933333333334,],
[0.4987822222222222,0.5012177777777777,],
[0.5008266666666666,0.4991733333333334,],
[0.5017311111111111,0.4982688888888889,],
[0.4980022222222223,0.5019977777777779,],
[0.4956933333333333,0.5043066666666668,],
[0.49748,0.50252,],
[0.5032044444444445,0.4967955555555555,],
[0.4835333333333333,0.5164666666666666,],
[0.5069644444444443,0.4930355555555556,],
[0.5226511111111112,0.4773488888888889,],
[0.4922377777777778,0.5077622222222221,],
[0.48458,0.51542,],
[0.5031755555555556,0.4968244444444445,],
[0.5051444444444445,0.4948555555555555,],
[0.48176,0.51824,],
[0.4872511111111111,0.5127488888888889,],
[0.5082866666666667,0.4917133333333333,],
[0.4848111111111111,0.5151888888888888,],
[0.4898533333333333,0.5101466666666666,],
[0.5157977777777777,0.4842022222222223,],
[0.4954533333333333,0.5045466666666667,],
[0.4825488888888889,0.517451111111111,],
[0.5047177777777778,0.4952822222222222,],
[0.4863177777777777,0.5136822222222223,],
[0.4952311111111111,0.5047688888888889,],
[0.5002311111111112,0.4997688888888889,],
[0.5026599999999999,0.4973400000000001,],
[0.5114111111111111,0.4885888888888889,],
[0.5202133333333334,0.4797866666666667,],
[0.5270888888888888,0.4729111111111111,],
[0.5007244444444444,0.4992755555555555,],
[0.5075955555555556,0.4924044444444444,],
[0.5082888888888889,0.4917111111111111,],
[0.5071799999999999,0.49282,],
[0.5188422222222222,0.4811577777777777,],
[0.4967155555555556,0.5032844444444444,],
[0.5082822222222222,0.4917177777777778,],
[0.5280488888888889,0.4719511111111111,],
[0.5051533333333333,0.4948466666666667,],
[0.5104733333333333,0.4895266666666667,],
[0.4993,0.5007,],
[0.5076511111111112,0.4923488888888889,],
[0.5026399999999999,0.49736,],
[0.49966,0.50034,],
[0.5030600000000001,0.49694,],
[0.4984488888888889,0.5015511111111111,],
[0.4872977777777778,0.5127022222222222,],
[0.5031755555555556,0.4968244444444445,],
[0.5049222222222222,0.4950777777777778,],
[0.5043577777777778,0.4956422222222223,],
[0.4984622222222223,0.5015377777777776,],
[0.4951444444444444,0.5048555555555556,],
[0.4753955555555556,0.5246044444444444,],
[0.4854955555555556,0.5145044444444444,],
[0.5002755555555556,0.4997244444444445,],
[0.4880222222222222,0.5119777777777778,],
[0.4991022222222222,0.5008977777777778,],
[0.4961311111111111,0.5038688888888888,],
[0.5005533333333334,0.4994466666666666,],
[0.5080266666666665,0.4919733333333333,],
[0.50322,0.4967800000000001,],
[0.5100933333333333,0.4899066666666667,],
[0.4908977777777778,0.5091022222222222,],
[0.4952888888888889,0.5047111111111111,],
[0.4992066666666666,0.5007933333333333,],
[0.5190111111111112,0.4809888888888889,],
[0.4883311111111112,0.511668888888889,],
[0.5015488888888888,0.4984511111111111,],
[0.4972311111111111,0.5027688888888888,],
[0.5118044444444444,0.4881955555555556,],
[0.4844133333333333,0.5155866666666666,],
[0.5031422222222223,0.4968577777777778,],
[0.5015688888888888,0.4984311111111111,],
[0.5148133333333333,0.4851866666666666,],
[0.4976422222222222,0.5023577777777777,],
[0.4981133333333334,0.5018866666666667,],
[0.4900377777777778,0.5099622222222223,],
[0.4990466666666667,0.5009533333333333,],
[0.4869333333333333,0.5130666666666667,],
[0.5060999999999999,0.4939,],
[0.51286,0.48714,],
[0.5012688888888889,0.4987311111111111,],
[0.49202,0.50798,],
[0.5083466666666665,0.4916533333333334,],
[0.51262,0.48738,],
[0.5039022222222221,0.4960977777777778,],
[0.4957822222222222,0.5042177777777779,],
[0.48904,0.51096,],
[0.5158155555555555,0.4841844444444445,],
[0.4849622222222222,0.5150377777777777,],
[0.5123644444444444,0.4876355555555556,],
[0.4925355555555556,0.5074644444444444,],
[0.5136422222222223,0.4863577777777778,],
[0.4853466666666666,0.5146533333333333,],
[0.50012,0.49988,],
[0.4973822222222222,0.5026177777777777,],
[0.4979422222222222,0.5020577777777777,],
[0.4924177777777778,0.5075822222222222,],
[0.4949177777777778,0.5050822222222222,],
[0.5059866666666666,0.4940133333333333,],
[0.5128088888888889,0.4871911111111111,],
[0.5035244444444444,0.4964755555555556,],
[0.4901688888888889,0.5098311111111111,],
[0.4951844444444445,0.5048155555555556,],
[0.5168066666666667,0.4831933333333334,],
[0.5180488888888889,0.4819511111111111,],
[0.4911,0.5088999999999999,],
[0.4984355555555556,0.5015644444444444,],
[0.5034822222222222,0.4965177777777778,],
[0.5138555555555556,0.4861444444444444,],
[0.5065755555555556,0.4934244444444445,],
[0.49884,0.50116,],
[0.4968822222222223,0.5031177777777779,],
[0.5257844444444445,0.4742155555555556,],
[0.4961488888888889,0.503851111111111,],
[0.4995422222222222,0.5004577777777778,],
[0.5151666666666666,0.4848333333333333,],
[0.4972733333333334,0.5027266666666667,],
[0.5010444444444444,0.4989555555555555,],
[0.4941066666666666,0.5058933333333332,],
[0.4924622222222222,0.5075377777777778,],
[0.4983511111111111,0.5016488888888888,],
[0.5040511111111111,0.4959488888888889,],
[0.5082844444444444,0.4917155555555556,],
[0.5096777777777778,0.4903222222222222,],
[0.5050333333333333,0.4949666666666667,],
[0.5098066666666666,0.4901933333333333,],
[0.4945155555555555,0.5054844444444443,],
[0.5054866666666665,0.4945133333333333,],
[0.4880244444444444,0.5119755555555555,],
[0.4987111111111111,0.5012888888888888,],
[0.4976533333333333,0.5023466666666666,],
[0.50574,0.49426,],
[0.4993,0.5007,],
[0.5062044444444443,0.4937955555555555,],
[0.50098,0.49902,],
[0.4948644444444444,0.5051355555555556,],
[0.4886044444444445,0.5113955555555556,],
[0.5168888888888888,0.4831111111111112,],
[0.4978622222222223,0.5021377777777778,],
[0.5105955555555555,0.4894044444444444,],
[0.5041355555555556,0.4958644444444444,],
[0.4872022222222223,0.5127977777777778,],
[0.4995266666666667,0.5004733333333333,],
[0.51156,0.48844,],
[0.4884066666666667,0.5115933333333333,],
[0.5035844444444444,0.4964155555555556,],
[0.4985955555555556,0.5014044444444444,],
[0.5013333333333333,0.4986666666666666,],
[0.50088,0.49912,],
[0.4918777777777778,0.5081222222222221,],
[0.4898088888888888,0.5101911111111112,],
[0.4761466666666666,0.5238533333333333,],
[0.5022111111111112,0.4977888888888889,],
[0.51392,0.48608,],
[0.4882244444444445,0.5117755555555555,],
[0.4914844444444444,0.5085155555555555,],
[0.5185022222222222,0.4814977777777777,],
[0.4896511111111111,0.5103488888888889,],
[0.4886488888888889,0.5113511111111111,],
[0.4909688888888889,0.5090311111111111,],
[0.5103644444444444,0.4896355555555555,],
[0.4856688888888889,0.5143311111111111,],
[0.4966511111111112,0.503348888888889,],
[0.5058555555555555,0.4941444444444444,],
[0.5055888888888889,0.4944111111111111,],
[0.5081933333333333,0.4918066666666667,],
[0.4909133333333333,0.5090866666666667,],
[0.4882688888888889,0.511731111111111,],
[0.47502,0.52498,],
[0.5222133333333333,0.4777866666666666,],
[0.4978600000000001,0.50214,],
[0.5035644444444444,0.4964355555555556,],
[0.4837022222222222,0.5162977777777776,],
[0.49458,0.50542,],
[0.5176377777777778,0.4823622222222222,],
[0.4969266666666667,0.5030733333333334,],
[0.4933022222222223,0.5066977777777777,],
[0.507851111111111,0.4921488888888889,],
[0.49682,0.5031800000000001,],
[0.4926288888888889,0.507371111111111,],
[0.4836933333333334,0.5163066666666666,],
[0.4894911111111111,0.5105088888888889,],
[0.4926733333333334,0.5073266666666666,],
[0.5151933333333332,0.4848066666666667,],
[0.4886822222222222,0.5113177777777778,],
[0.49616,0.50384,],
[0.4861844444444444,0.5138155555555556,],
[0.4953066666666667,0.5046933333333333,],
[0.5096688888888888,0.4903311111111111,],
[0.5070355555555555,0.4929644444444444,],
[0.4942533333333333,0.5057466666666666,],
[0.4945266666666667,0.5054733333333332,],
[0.5023799999999999,0.4976200000000001,],
[0.5221755555555556,0.4778244444444444,],
[0.5159244444444444,0.4840755555555555,],
[0.4873755555555556,0.5126244444444444,],
[0.5242644444444443,0.4757355555555555,],
[0.4926622222222222,0.5073377777777777,],
[0.5108688888888889,0.4891311111111111,],
[0.5020422222222223,0.4979577777777778,],
[0.48414,0.51586,],
[0.4962288888888889,0.5037711111111111,],
[0.5077488888888888,0.4922511111111111,],
[0.5041666666666668,0.4958333333333333,],
[0.4851711111111111,0.5148288888888889,],
[0.5172155555555555,0.4827844444444445,],
[0.5018644444444444,0.4981355555555556,],
[0.5082088888888888,0.4917911111111111,],
[0.5152777777777777,0.4847222222222222,],
[0.5036444444444445,0.4963555555555555,],
[0.5059422222222222,0.4940577777777778,],
[0.4919066666666667,0.5080933333333333,],
[0.5162888888888888,0.4837111111111111,],
[0.4871377777777778,0.5128622222222221,],
[0.5283933333333334,0.4716066666666667,],
[0.4911933333333334,0.5088066666666667,],
[0.5118022222222222,0.4881977777777778,],
[0.4950644444444445,0.5049355555555555,],
[0.5264222222222222,0.4735777777777778,],
[0.518411111111111,0.4815888888888888,],
[0.5120822222222222,0.4879177777777778,],
[0.4930044444444445,0.5069955555555554,],
[0.4816133333333333,0.5183866666666667,],
[0.4980866666666667,0.5019133333333333,],
[0.5203911111111111,0.4796088888888889,],
[0.49042,0.5095799999999999,],
[0.4956533333333333,0.5043466666666666,],
[0.5095355555555555,0.4904644444444445,],
[0.516191111111111,0.4838088888888889,],
[0.5176088888888888,0.4823911111111111,],
[0.4933177777777779,0.5066822222222221,],
[0.4938555555555555,0.5061444444444443,],
[0.5065733333333333,0.4934266666666667,],
[0.4862555555555556,0.5137444444444444,],
[0.5014155555555555,0.4985844444444444,],
[0.5097644444444445,0.4902355555555555,],
[0.5001977777777779,0.4998022222222222,],
[0.4924888888888889,0.507511111111111,],
[0.5060022222222221,0.4939977777777778,],
[0.51368,0.48632,],
[0.5169244444444444,0.4830755555555556,],
[0.4923222222222223,0.5076777777777778,],
[0.5137288888888889,0.486271111111111,],
[0.4893622222222223,0.5106377777777777,],
[0.4885377777777777,0.5114622222222222,],
[0.4994933333333333,0.5005066666666667,],
[0.5085266666666666,0.4914733333333333,],
[0.4867888888888889,0.5132111111111112,],
[0.4941577777777778,0.5058422222222221,],
[0.4968377777777778,0.5031622222222223,],
[0.4973755555555556,0.5026244444444443,],
[0.4878822222222222,0.5121177777777778,],
[0.5125799999999999,0.48742,],
[0.5019377777777778,0.4980622222222222,],
[0.4944066666666667,0.5055933333333332,],
[0.4807666666666667,0.5192333333333333,],
[0.5016444444444443,0.4983555555555556,],
[0.5163177777777777,0.4836822222222223,],
[0.4912955555555555,0.5087044444444444,],
[0.5045244444444444,0.4954755555555556,],
[0.5105844444444444,0.4894155555555555,],
[0.5158844444444444,0.4841155555555556,],
[0.5175711111111111,0.4824288888888889,],
[0.4946844444444444,0.5053155555555555,],
[0.4816955555555555,0.5183044444444443,],
[0.4930377777777778,0.5069622222222221,],
[0.4899111111111111,0.5100888888888888,],
[0.4882266666666667,0.5117733333333333,],
[0.5101599999999999,0.48984,],
[0.4992511111111111,0.5007488888888889,],
[0.4939533333333333,0.5060466666666665,],
[0.4942666666666666,0.5057333333333333,],
[0.5210511111111111,0.4789488888888889,],
[0.5204844444444445,0.4795155555555555,],
[0.4914933333333333,0.5085066666666666,],
[0.5018822222222222,0.4981177777777778,],
[0.5164933333333332,0.4835066666666666,],
[0.4971488888888889,0.5028511111111111,],
[0.51244,0.48756,],
[0.5083822222222221,0.4916177777777778,],
[0.505631111111111,0.4943688888888889,],
[0.4843777777777778,0.5156222222222222,],
[0.4906266666666667,0.5093733333333333,],
[0.5185177777777777,0.4814822222222222,],
[0.4912888888888889,0.5087111111111111,],
[0.4865333333333334,0.5134666666666666,],
[0.4882244444444445,0.5117755555555555,],
[0.4954088888888888,0.5045911111111112,],
[0.4788755555555555,0.5211244444444445,],
[0.4921466666666667,0.5078533333333333,],
[0.510631111111111,0.4893688888888889,],
[0.5131933333333334,0.4868066666666667,],
[0.4980955555555556,0.5019044444444445,],
[0.5079777777777778,0.4920222222222222,],
[0.5013599999999999,0.49864,],
[0.4968266666666667,0.5031733333333334,],
[0.4903377777777778,0.5096622222222221,],
[0.4996888888888889,0.5003111111111112,],
[0.4933288888888889,0.5066711111111111,],
[0.49208,0.5079199999999999,],
[0.5048822222222222,0.4951177777777778,],
[0.4940444444444445,0.5059555555555555,],
[0.5038777777777778,0.4961222222222222,],
[0.5000333333333333,0.4999666666666667,],
[0.5030111111111112,0.4969888888888889,],
[0.5036511111111112,0.496348888888889,],
[0.5019466666666667,0.4980533333333334,],
[0.4950866666666667,0.5049133333333333,],
[0.5042444444444445,0.4957555555555556,],
[0.4917733333333333,0.5082266666666666,],
[0.4856288888888889,0.5143711111111111,],
[0.5024977777777777,0.4975022222222222,],
[0.5015822222222222,0.4984177777777778,],
[0.5033711111111111,0.4966288888888889,],
[0.4923044444444445,0.5076955555555556,],
[0.5057711111111109,0.4942288888888888,],
[0.5121355555555556,0.4878644444444444,],
[0.5011266666666667,0.4988733333333333,],
[0.5019377777777778,0.4980622222222222,],
[0.4904866666666667,0.5095133333333333,],
[0.4938955555555556,0.5061044444444444,],
[0.5041822222222223,0.4958177777777777,],
[0.4974355555555556,0.5025644444444445,],
[0.505831111111111,0.4941688888888889,],
[0.5039666666666667,0.4960333333333333,],
[0.5084288888888888,0.4915711111111111,],
[0.5098622222222222,0.4901377777777777,],
[0.4842622222222223,0.5157377777777777,],
[0.5014044444444444,0.4985955555555556,],
[0.5042533333333334,0.4957466666666667,],
[0.508788888888889,0.4912111111111112,],
[0.5012733333333332,0.4987266666666667,],
[0.4862866666666666,0.5137133333333334,],
[0.49966,0.50034,],
[0.5185222222222222,0.4814777777777778,],
[0.4911533333333333,0.5088466666666667,],
[0.5092688888888889,0.4907311111111111,],
[0.5072333333333332,0.4927666666666667,],
[0.4976955555555556,0.5023044444444444,],
[0.502871111111111,0.4971288888888889,],
[0.4936511111111112,0.5063488888888888,],
[0.5070555555555555,0.4929444444444445,],
[0.48916,0.51084,],
[0.4866577777777778,0.5133422222222223,],
[0.5101911111111112,0.4898088888888888,],
[0.512448888888889,0.4875511111111111,],
[0.4933311111111112,0.5066688888888888,],
[0.4985644444444444,0.5014355555555555,],
[0.5158355555555555,0.4841644444444445,],
[0.5144155555555555,0.4855844444444444,],
[0.4921577777777778,0.5078422222222222,],
[0.5107977777777778,0.4892022222222223,],
[0.5109266666666666,0.4890733333333334,],
[0.4867,0.5133000000000001,],
[0.5041711111111111,0.4958288888888889,],
[0.5220355555555555,0.4779644444444445,],
[0.4972155555555556,0.5027844444444444,],
[0.5141755555555556,0.4858244444444444,],
[0.5216177777777778,0.4783822222222222,],
[0.4804577777777777,0.5195422222222222,],
[0.4986422222222222,0.5013577777777778,],
[0.49628,0.5037200000000001,],
[0.4961688888888889,0.503831111111111,],
[0.5012644444444444,0.4987355555555555,],
[0.4899022222222222,0.5100977777777778,],
[0.518271111111111,0.4817288888888888,],
[0.5311555555555555,0.4688444444444445,],
[0.5008422222222223,0.4991577777777778,],
[0.5027555555555555,0.4972444444444445,],
[0.506291111111111,0.4937088888888889,],
[0.5012111111111111,0.4987888888888888,],
[0.47536,0.52464,],
[0.5105244444444444,0.4894755555555556,],
[0.5068533333333333,0.4931466666666667,],
[0.5060688888888888,0.4939311111111112,],
[0.5177466666666667,0.4822533333333333,],
[0.5016644444444444,0.4983355555555556,],
[0.5267755555555556,0.4732244444444444,],
[0.49994,0.5000600000000001,],
[0.4906511111111111,0.5093488888888889,],
[0.5133977777777778,0.4866022222222222,],
[0.4893111111111111,0.5106888888888889,],
[0.5122200000000001,0.48778,],
[0.5002666666666667,0.4997333333333334,],
[0.4908844444444444,0.5091155555555555,],
[0.5025022222222222,0.4974977777777778,],
[0.5000355555555556,0.4999644444444444,],
[0.5007777777777778,0.4992222222222222,],
[0.5098755555555555,0.4901244444444444,],
[0.4944111111111111,0.5055888888888889,],
[0.4929155555555556,0.5070844444444443,],
[0.4920622222222222,0.5079377777777777,],
[0.4961444444444445,0.5038555555555555,],
[0.5037822222222221,0.4962177777777778,],
[0.4966711111111111,0.5033288888888889,],
[0.4863755555555556,0.5136244444444446,],
[0.4942222222222222,0.5057777777777777,],
[0.4901555555555555,0.5098444444444444,],
[0.4946866666666667,0.5053133333333333,],
[0.4941044444444444,0.5058955555555554,],
[0.5182622222222222,0.4817377777777777,],
[0.4941377777777777,0.5058622222222221,],
[0.5075888888888889,0.4924111111111111,],
[0.509491111111111,0.4905088888888889,],
[0.51494,0.48506,],
[0.4951733333333334,0.5048266666666666,],
[0.5032933333333334,0.4967066666666667,],
[0.5067488888888888,0.4932511111111111,],
[0.4789222222222222,0.5210777777777778,],
[0.4843133333333334,0.5156866666666667,],
[0.5077777777777777,0.4922222222222223,],
[0.4930466666666667,0.5069533333333333,],
[0.506231111111111,0.4937688888888889,],
[0.49594,0.5040600000000001,],
[0.5014466666666667,0.4985533333333333,],
[0.5045288888888889,0.4954711111111111,],
[0.5214933333333334,0.4785066666666667,],
[0.4954822222222222,0.5045177777777778,],
[0.5147622222222222,0.4852377777777778,],
[0.5114022222222223,0.4885977777777778,],
[0.4948444444444444,0.5051555555555556,],
[0.5104311111111111,0.4895688888888888,],
[0.5002444444444445,0.4997555555555556,],
[0.5017644444444445,0.4982355555555555,],
[0.4957555555555556,0.5042444444444445,],
[0.4866244444444445,0.5133755555555557,],
[0.5159044444444444,0.4840955555555556,],
[0.5173755555555556,0.4826244444444445,],
[0.496908888888889,0.5030911111111112,],
[0.5173511111111111,0.4826488888888889,],
[0.5011333333333333,0.4988666666666666,],
[0.512788888888889,0.4872111111111112,],
[0.4883177777777778,0.5116822222222223,],
[0.5044822222222223,0.4955177777777778,],
[0.4891222222222222,0.5108777777777778,],
[0.4925333333333333,0.5074666666666666,],
[0.5172422222222222,0.4827577777777778,],
[0.4911066666666666,0.5088933333333333,],
[0.5041,0.4959,],
[0.5109911111111112,0.4890088888888889,],
[0.4965711111111111,0.5034288888888889,],
[0.5096266666666666,0.4903733333333333,],
[0.49456,0.50544,],
[0.4999577777777778,0.5000422222222223,],
[0.4952444444444444,0.5047555555555555,],
[0.4884755555555556,0.5115244444444444,],
[0.4988488888888888,0.5011511111111111,],
[0.4929333333333334,0.5070666666666666,],
[0.4970355555555556,0.5029644444444444,],
[0.5037822222222221,0.4962177777777778,],
[0.5004155555555556,0.4995844444444445,],
[0.5112866666666667,0.4887133333333334,],
[0.5115066666666667,0.4884933333333333,],
[0.50868,0.49132,],
[0.4873711111111111,0.5126288888888889,],
[0.4900155555555555,0.5099844444444445,],
[0.4988666666666666,0.5011333333333333,],
[0.4974466666666667,0.5025533333333333,],
[0.4995533333333333,0.5004466666666667,],
[0.5027733333333333,0.4972266666666667,],
[0.4990533333333333,0.5009466666666667,],
[0.5067733333333333,0.4932266666666667,],
[0.5058777777777776,0.4941222222222222,],
[0.4921355555555556,0.5078644444444445,],
[0.5017088888888889,0.4982911111111111,],
[0.4859688888888889,0.5140311111111111,],
[0.5141377777777778,0.4858622222222222,],
[0.5040711111111111,0.4959288888888889,],
[0.5055755555555554,0.4944244444444444,],
[0.5068111111111111,0.4931888888888889,],
[0.4921044444444445,0.5078955555555555,],
[0.4956488888888889,0.5043511111111111,],
[0.5178066666666666,0.4821933333333333,],
[0.5009022222222222,0.4990977777777778,],
[0.4987688888888889,0.5012311111111111,],
[0.47854,0.52146,],
[0.5102222222222222,0.4897777777777778,],
[0.52206,0.47794,],
[0.5081755555555555,0.4918244444444445,],
[0.50292,0.49708,],
[0.5042822222222223,0.4957177777777778,],
[0.4921288888888889,0.5078711111111111,],
[0.5074911111111111,0.4925088888888889,],
[0.4861288888888888,0.5138711111111112,],
[0.5113933333333334,0.4886066666666667,],
[0.5066822222222221,0.4933177777777779,],
[0.4949533333333334,0.5050466666666666,],
[0.5048088888888889,0.4951911111111111,],
[0.5023488888888888,0.4976511111111111,],
[0.5149155555555555,0.4850844444444444,],
[0.4848177777777778,0.5151822222222221,],
[0.5033444444444445,0.4966555555555556,],
[0.5257355555555555,0.4742644444444444,],
[0.5004844444444445,0.4995155555555555,],
[0.4920244444444444,0.5079755555555555,],
[0.50442,0.49558,],
[0.5001311111111112,0.4998688888888889,],
[0.4956200000000001,0.5043800000000001,],
[0.5023977777777777,0.4976022222222223,],
[0.51478,0.48522,],
[0.49256,0.5074399999999999,],
[0.5118888888888888,0.4881111111111111,],
[0.4965955555555556,0.5034044444444444,],
[0.5279044444444444,0.4720955555555555,],
[0.4777422222222222,0.5222577777777778,],
[0.5090977777777778,0.4909022222222222,],
[0.4896688888888889,0.5103311111111111,],
[0.502651111111111,0.497348888888889,],
[0.4864755555555555,0.5135244444444445,],
[0.48592,0.51408,],
[0.5216400000000001,0.47836,],
[0.4977266666666667,0.5022733333333333,],
[0.5060044444444444,0.4939955555555555,],
[0.5111022222222222,0.4888977777777778,],
[0.5039088888888889,0.4960911111111111,],
[0.512788888888889,0.4872111111111112,],
[0.500248888888889,0.4997511111111111,],
[0.5088377777777778,0.4911622222222222,],
[0.5049844444444445,0.4950155555555556,],
[0.48858,0.5114200000000001,],
[0.4983244444444445,0.5016755555555555,],
[0.476451111111111,0.5235488888888888,],
[0.5046488888888888,0.4953511111111111,],
[0.4875844444444445,0.5124155555555556,],
[0.5011266666666667,0.4988733333333333,],
[0.4608511111111112,0.5391488888888889,],
[0.4999488888888889,0.5000511111111111,],
[0.4860111111111111,0.5139888888888889,],
[0.5139999999999999,0.486,],
[0.5248977777777777,0.4751022222222223,],
[0.5176822222222222,0.4823177777777777,],
[0.5012022222222221,0.4987977777777777,],
[0.4952644444444445,0.5047355555555556,],
[0.4900755555555555,0.5099244444444445,],
[0.4869911111111111,0.5130088888888888,],
[0.49974,0.50026,],
[0.4712911111111112,0.5287088888888889,],
[0.49112,0.5088799999999999,],
[0.5114177777777779,0.4885822222222222,],
[0.5014666666666666,0.4985333333333333,],
[0.5173466666666666,0.4826533333333333,],
[0.4975488888888889,0.5024511111111111,],
[0.5071888888888888,0.4928111111111111,],
[0.5260333333333334,0.4739666666666667,],
[0.4814488888888889,0.518551111111111,],
[0.5150488888888888,0.4849511111111111,],
[0.4913911111111111,0.5086088888888889,],
[0.5124222222222222,0.4875777777777778,],
[0.501291111111111,0.4987088888888889,],
[0.4890622222222222,0.5109377777777778,],
[0.5111977777777778,0.4888022222222223,],
[0.5015622222222221,0.4984377777777778,],
[0.5159333333333334,0.4840666666666666,],
[0.4780044444444445,0.5219955555555555,],
[0.4874688888888889,0.5125311111111112,],
[0.4869688888888889,0.5130311111111111,],
[0.5024555555555555,0.4975444444444445,],
[0.5067644444444444,0.4932355555555556,],
[0.50574,0.49426,],
];;
