nc_marginals := [
[0.9445244444444445,0.05547555555555556,],
[0.4877977777777778,0.5122022222222223,],
[0.9610155555555555,0.03898444444444445,],
[0.47872,0.5212800000000001,],
[0.9569533333333333,0.04304666666666666,],
[0.5248088888888888,0.4751911111111111,],
[0.9744622222222222,0.02553777777777777,],
[0.5370466666666667,0.4629533333333333,],
[0.961151111111111,0.03884888888888889,],
[0.5272088888888888,0.4727911111111112,],
[0.9297488888888891,0.07025111111111111,],
[0.5662911111111112,0.4337088888888889,],
[0.9542977777777778,0.04570222222222222,],
[0.5493688888888889,0.4506311111111111,],
[0.9099,0.0901,],
[0.4358222222222222,0.5641777777777778,],
[0.9874577777777778,0.01254222222222222,],
[0.45546,0.54454,],
[0.9854066666666668,0.01459333333333333,],
[0.4332088888888889,0.5667911111111112,],
[0.8900533333333333,0.1099466666666667,],
[0.4624911111111111,0.5375088888888889,],
[0.9821066666666667,0.01789333333333333,],
[0.5121422222222223,0.4878577777777778,],
[0.9648955555555556,0.03510444444444445,],
[0.609,0.391,],
[0.9694822222222222,0.03051777777777778,],
[0.4673333333333334,0.5326666666666666,],
[0.9575644444444444,0.04243555555555555,],
[0.5063422222222221,0.4936577777777778,],
[0.9525533333333334,0.04744666666666667,],
[0.4848977777777778,0.5151022222222221,],
[0.9547355555555556,0.04526444444444444,],
[0.5786444444444444,0.4213555555555555,],
[0.9798644444444445,0.02013555555555556,],
[0.5403422222222223,0.4596577777777778,],
[0.9826644444444445,0.01733555555555556,],
[0.4823577777777778,0.5176422222222222,],
[0.9906311111111111,0.009368888888888888,],
[0.4263622222222222,0.5736377777777779,],
[0.9758577777777778,0.02414222222222222,],
[0.4773777777777778,0.5226222222222222,],
[0.9711711111111111,0.02882888888888889,],
[0.4768733333333333,0.5231266666666666,],
[0.9910888888888889,0.008911111111111111,],
[0.5252844444444444,0.4747155555555556,],
[0.9346066666666667,0.06539333333333333,],
[0.501291111111111,0.4987088888888889,],
[0.9694911111111111,0.03050888888888889,],
[0.4876933333333333,0.5123066666666667,],
[0.9792999999999999,0.0207,],
[0.5619177777777777,0.4380822222222223,],
[0.9217577777777779,0.07824222222222223,],
[0.5021866666666667,0.4978133333333334,],
[0.947531111111111,0.05246888888888888,],
[0.4616311111111112,0.538368888888889,],
[0.9455755555555556,0.05442444444444444,],
[0.4916822222222222,0.5083177777777776,],
[0.9718177777777778,0.02818222222222222,],
[0.5289888888888888,0.4710111111111112,],
[0.9679733333333332,0.03202666666666667,],
[0.5438866666666666,0.4561133333333333,],
[0.9620466666666666,0.03795333333333333,],
[0.5412777777777779,0.4587222222222223,],
[0.917588888888889,0.08241111111111112,],
[0.52734,0.47266,],
[0.9504244444444445,0.04957555555555556,],
[0.4891977777777778,0.5108022222222222,],
[0.95682,0.04318,],
[0.5025288888888889,0.4974711111111111,],
[0.9649244444444445,0.03507555555555555,],
[0.5616622222222222,0.4383377777777778,],
[0.9890244444444444,0.01097555555555556,],
[0.5371044444444445,0.4628955555555556,],
[0.95034,0.04966,],
[0.5673311111111112,0.4326688888888889,],
[0.9704777777777778,0.02952222222222222,],
[0.4998088888888889,0.5001911111111111,],
[0.9729733333333334,0.02702666666666667,],
[0.5108711111111111,0.4891288888888889,],
[0.9546044444444444,0.04539555555555556,],
[0.5255955555555555,0.4744044444444444,],
[0.9673755555555557,0.03262444444444444,],
[0.5005466666666667,0.4994533333333333,],
[0.9713511111111111,0.02864888888888889,],
[0.4957155555555556,0.5042844444444445,],
[0.9865844444444446,0.01341555555555556,],
[0.4087822222222222,0.5912177777777777,],
[0.9752977777777778,0.02470222222222222,],
[0.4014911111111111,0.5985088888888889,],
[0.9858422222222223,0.01415777777777778,],
[0.52662,0.47338,],
[0.9583355555555556,0.04166444444444444,],
[0.5091355555555556,0.4908644444444444,],
[0.9744644444444445,0.02553555555555555,],
[0.5366422222222222,0.4633577777777778,],
[0.9415844444444446,0.05841555555555556,],
[0.5457422222222222,0.4542577777777778,],
[0.9799599999999999,0.02004,],
[0.4193733333333333,0.5806266666666667,],
[0.4480511111111111,0.5519488888888889,],
[0.4805622222222222,0.5194377777777778,],
[0.5229688888888889,0.4770311111111111,],
[0.5109844444444445,0.4890155555555556,],
[0.4666488888888889,0.533351111111111,],
[0.5152933333333333,0.4847066666666666,],
[0.6196777777777778,0.3803222222222222,],
[0.4466155555555556,0.5533844444444445,],
[0.4810644444444444,0.5189355555555556,],
[0.5550044444444444,0.4449955555555556,],
[0.5015155555555555,0.4984844444444445,],
[0.5174466666666666,0.4825533333333334,],
[0.5535177777777779,0.4464822222222222,],
[0.521248888888889,0.4787511111111111,],
[0.6029022222222222,0.3970977777777778,],
[0.5456177777777778,0.4543822222222222,],
[0.4605044444444445,0.5394955555555556,],
[0.4955022222222222,0.5044977777777778,],
[0.4717000000000001,0.5283,],
[0.5165888888888889,0.4834111111111111,],
[0.3705044444444444,0.6294955555555556,],
[0.4627177777777778,0.5372822222222223,],
[0.5255311111111111,0.4744688888888889,],
[0.5001177777777778,0.4998822222222222,],
[0.4174355555555554,0.5825644444444444,],
[0.5614,0.4386,],
[0.5630666666666666,0.4369333333333333,],
[0.4466311111111111,0.5533688888888889,],
[0.5265733333333332,0.4734266666666667,],
[0.4643933333333334,0.5356066666666667,],
[0.5176288888888888,0.4823711111111111,],
[0.4250066666666667,0.5749933333333335,],
[0.5013222222222222,0.4986777777777778,],
[0.5199022222222222,0.4800977777777778,],
[0.5932155555555556,0.4067844444444444,],
[0.5513333333333332,0.4486666666666667,],
[0.5217511111111111,0.4782488888888889,],
[0.5219111111111111,0.4780888888888889,],
[0.5856555555555556,0.4143444444444444,],
[0.6030155555555555,0.3969844444444444,],
[0.4938422222222222,0.5061577777777777,],
[0.5311,0.4689000000000001,],
[0.5236488888888889,0.4763511111111111,],
[0.4644777777777778,0.5355222222222222,],
[0.5175222222222221,0.4824777777777778,],
[0.5549088888888889,0.4450911111111111,],
[0.4740311111111111,0.5259688888888888,],
[0.5034155555555556,0.4965844444444444,],
[0.5407866666666667,0.4592133333333334,],
[0.5393777777777778,0.4606222222222223,],
[0.5338377777777779,0.4661622222222223,],
[0.56164,0.43836,],
[0.4563933333333334,0.5436066666666666,],
[0.4887777777777778,0.5112222222222222,],
[0.564768888888889,0.4352311111111111,],
[0.5887622222222222,0.4112377777777778,],
[0.5398511111111112,0.4601488888888889,],
[0.5001377777777778,0.4998622222222222,],
[0.4148711111111111,0.5851288888888888,],
[0.48074,0.5192600000000001,],
[0.4271799999999999,0.5728200000000001,],
[0.4877355555555556,0.5122644444444445,],
[0.4927777777777778,0.5072222222222221,],
[0.5268511111111112,0.473148888888889,],
[0.4838022222222222,0.5161977777777778,],
[0.5671977777777778,0.4328022222222222,],
[0.5554044444444445,0.4445955555555555,],
[0.5519333333333334,0.4480666666666667,],
[0.4839666666666667,0.5160333333333332,],
[0.5480577777777779,0.4519422222222222,],
[0.4674466666666667,0.5325533333333333,],
[0.4098288888888889,0.5901711111111111,],
[0.4431733333333334,0.5568266666666667,],
[0.48842,0.51158,],
[0.5494488888888889,0.4505511111111111,],
[0.4355488888888889,0.5644511111111112,],
[0.5623355555555557,0.4376644444444445,],
[0.4140755555555555,0.5859244444444445,],
[0.5348066666666667,0.4651933333333334,],
[0.4808088888888889,0.519191111111111,],
[0.49852,0.5014799999999999,],
[0.5414111111111112,0.4585888888888889,],
[0.4983111111111111,0.5016888888888889,],
[0.4807088888888889,0.5192911111111111,],
[0.4630733333333333,0.5369266666666667,],
[0.5226777777777778,0.4773222222222222,],
[0.4218622222222221,0.5781377777777779,],
[0.612308888888889,0.3876911111111112,],
[0.5396266666666667,0.4603733333333334,],
[0.4835444444444444,0.5164555555555554,],
[0.4908822222222222,0.5091177777777778,],
[0.4620777777777778,0.5379222222222222,],
[0.5305066666666667,0.4694933333333334,],
[0.4131444444444444,0.5868555555555555,],
[0.5305533333333333,0.4694466666666667,],
[0.4440955555555555,0.5559044444444444,],
[0.6342666666666666,0.3657333333333333,],
[0.4294444444444444,0.5705555555555556,],
[0.5285022222222222,0.4714977777777777,],
[0.4743133333333333,0.5256866666666666,],
[0.5297688888888888,0.4702311111111112,],
[0.3572955555555555,0.6427044444444444,],
[0.5011066666666667,0.4988933333333333,],
[0.4610644444444445,0.5389355555555556,],
[0.5751977777777778,0.4248022222222222,],
[0.4892488888888888,0.510751111111111,],
[0.5684177777777778,0.4315822222222222,],
[0.4938333333333333,0.5061666666666665,],
[0.4694444444444445,0.5305555555555556,],
[0.5073844444444444,0.4926155555555556,],
[0.4413355555555555,0.5586644444444445,],
[0.46612,0.53388,],
[0.5089066666666666,0.4910933333333333,],
[0.4013222222222222,0.5986777777777778,],
[0.4894222222222222,0.5105777777777777,],
[0.4184755555555555,0.5815244444444445,],
[0.5453244444444444,0.4546755555555556,],
[0.4367422222222222,0.5632577777777779,],
[0.3934266666666666,0.6065733333333333,],
[0.4751244444444445,0.5248755555555555,],
[0.5029044444444445,0.4970955555555556,],
[0.4493022222222222,0.5506977777777777,],
[0.5777266666666667,0.4222733333333333,],
[0.5449622222222222,0.4550377777777778,],
[0.5464555555555556,0.4535444444444445,],
[0.5210022222222223,0.4789977777777778,],
[0.5384422222222224,0.4615577777777778,],
[0.5281222222222223,0.4718777777777778,],
[0.5523800000000001,0.44762,],
[0.5785155555555556,0.4214844444444444,],
[0.4399533333333333,0.5600466666666667,],
[0.4836111111111112,0.5163888888888888,],
[0.4878422222222222,0.5121577777777778,],
[0.5013555555555556,0.4986444444444444,],
[0.5162577777777777,0.4837422222222222,],
[0.4959911111111111,0.5040088888888888,],
[0.4668355555555556,0.5331644444444443,],
[0.3428977777777777,0.6571022222222221,],
[0.5047422222222222,0.4952577777777777,],
[0.4989133333333333,0.5010866666666667,],
[0.5157755555555555,0.4842244444444445,],
[0.3611133333333333,0.6388866666666667,],
[0.4891311111111111,0.5108688888888889,],
[0.4856333333333333,0.5143666666666666,],
[0.46834,0.53166,],
[0.4761133333333333,0.5238866666666666,],
[0.4141555555555555,0.5858444444444444,],
[0.5493044444444445,0.4506955555555556,],
[0.4959644444444444,0.5040355555555556,],
[0.4806955555555555,0.5193044444444445,],
[0.56194,0.43806,],
[0.4564711111111112,0.5435288888888888,],
[0.5043733333333333,0.4956266666666667,],
[0.48456,0.5154399999999999,],
[0.5143444444444444,0.4856555555555556,],
[0.5167533333333334,0.4832466666666667,],
[0.5780044444444444,0.4219955555555555,],
[0.4713355555555556,0.5286644444444445,],
[0.4809844444444444,0.5190155555555556,],
[0.4854022222222222,0.5145977777777777,],
[0.5646422222222223,0.4353577777777777,],
[0.5715022222222222,0.4284977777777778,],
[0.5385977777777778,0.4614022222222223,],
[0.4701600000000001,0.52984,],
[0.4655711111111112,0.5344288888888888,],
[0.5742400000000001,0.42576,],
[0.5013777777777777,0.4986222222222222,],
[0.4742911111111111,0.5257088888888889,],
[0.5690844444444445,0.4309155555555556,],
[0.4964355555555556,0.5035644444444444,],
[0.4576155555555556,0.5423844444444444,],
[0.5316222222222223,0.4683777777777778,],
[0.4583577777777778,0.5416422222222222,],
[0.5541777777777778,0.4458222222222222,],
[0.50464,0.49536,],
[0.5619066666666667,0.4380933333333333,],
[0.4750311111111111,0.5249688888888888,],
[0.4692933333333333,0.5307066666666668,],
[0.5233977777777777,0.4766022222222221,],
[0.52644,0.47356,],
[0.3660822222222222,0.6339177777777778,],
[0.5541844444444445,0.4458155555555556,],
[0.5557822222222223,0.4442177777777777,],
[0.4245933333333333,0.5754066666666667,],
[0.46086,0.53914,],
[0.6125422222222222,0.3874577777777778,],
[0.4575533333333333,0.5424466666666665,],
[0.6058022222222222,0.3941977777777778,],
[0.5509555555555556,0.4490444444444444,],
[0.5228266666666667,0.4771733333333333,],
[0.50066,0.49934,],
[0.4751733333333333,0.5248266666666666,],
[0.3863044444444445,0.6136955555555557,],
[0.4883466666666667,0.5116533333333333,],
[0.4532466666666667,0.5467533333333333,],
[0.5835222222222222,0.4164777777777777,],
[0.5745600000000001,0.42544,],
[0.4227288888888889,0.5772711111111112,],
[0.5291266666666667,0.4708733333333334,],
[0.5431355555555556,0.4568644444444445,],
[0.4878288888888889,0.5121711111111111,],
[0.4938777777777778,0.5061222222222221,],
[0.4379466666666667,0.5620533333333333,],
[0.5003133333333334,0.4996866666666667,],
[0.4709866666666667,0.5290133333333333,],
[0.4478466666666667,0.5521533333333333,],
[0.4287044444444444,0.5712955555555557,],
[0.56394,0.4360599999999999,],
[0.5442711111111111,0.4557288888888889,],
[0.5677400000000001,0.43226,],
[0.4982133333333333,0.5017866666666666,],
[0.4909822222222222,0.5090177777777778,],
[0.5003733333333333,0.4996266666666667,],
[0.4574622222222222,0.5425377777777777,],
[0.5696044444444445,0.4303955555555555,],
[0.5303222222222223,0.4696777777777778,],
[0.5195622222222223,0.4804377777777777,],
[0.5890311111111111,0.4109688888888889,],
[0.549768888888889,0.4502311111111111,],
[0.5502688888888889,0.4497311111111111,],
[0.56606,0.43394,],
[0.5036688888888889,0.4963311111111112,],
[0.5253799999999998,0.47462,],
[0.4918844444444445,0.5081155555555554,],
[0.5441977777777778,0.4558022222222223,],
[0.3678511111111111,0.632148888888889,],
[0.5160066666666666,0.4839933333333333,],
[0.5549466666666667,0.4450533333333333,],
[0.5173088888888888,0.4826911111111111,],
[0.4927666666666667,0.5072333333333332,],
[0.6119555555555555,0.3880444444444445,],
[0.5774111111111113,0.4225888888888888,],
[0.5689555555555555,0.4310444444444444,],
[0.4960688888888889,0.5039311111111111,],
[0.4944266666666667,0.5055733333333332,],
[0.5349444444444444,0.4650555555555556,],
[0.4792666666666667,0.5207333333333334,],
[0.5841466666666667,0.4158533333333333,],
[0.5111977777777778,0.4888022222222223,],
[0.5461866666666667,0.4538133333333333,],
[0.4397577777777777,0.5602422222222222,],
[0.5092222222222221,0.4907777777777778,],
[0.6218733333333334,0.3781266666666667,],
[0.4121377777777777,0.5878622222222222,],
[0.4814088888888889,0.518591111111111,],
[0.4673422222222222,0.5326577777777778,],
[0.5087822222222222,0.4912177777777778,],
[0.4997266666666667,0.5002733333333335,],
[0.5988733333333333,0.4011266666666666,],
[0.5089777777777778,0.4910222222222222,],
[0.46398,0.5360200000000001,],
[0.4212466666666667,0.5787533333333333,],
[0.5377644444444445,0.4622355555555555,],
[0.48306,0.51694,],
[0.5493444444444444,0.4506555555555556,],
[0.4567911111111111,0.5432088888888889,],
[0.5384933333333334,0.4615066666666667,],
[0.5111111111111112,0.4888888888888889,],
[0.5534977777777779,0.4465022222222222,],
[0.5640133333333334,0.4359866666666666,],
[0.5541755555555556,0.4458244444444445,],
[0.48638,0.5136200000000001,],
[0.5213311111111112,0.4786688888888889,],
[0.5459066666666667,0.4540933333333333,],
[0.5220777777777778,0.4779222222222222,],
[0.50146,0.49854,],
[0.5538355555555555,0.4461644444444444,],
[0.48944,0.51056,],
[0.5272466666666666,0.4727533333333334,],
[0.4740244444444445,0.5259755555555555,],
[0.4887733333333334,0.5112266666666666,],
[0.5057844444444444,0.4942155555555556,],
[0.4664577777777778,0.5335422222222221,],
[0.4635755555555556,0.5364244444444445,],
[0.4758422222222222,0.5241577777777777,],
[0.46924,0.5307600000000001,],
[0.52586,0.47414,],
[0.5050733333333334,0.4949266666666667,],
[0.5798111111111112,0.4201888888888889,],
[0.56282,0.43718,],
[0.492188888888889,0.5078111111111111,],
[0.4587377777777778,0.5412622222222223,],
[0.4673466666666666,0.5326533333333333,],
[0.4898644444444444,0.5101355555555556,],
[0.4883844444444445,0.5116155555555556,],
[0.5731422222222223,0.4268577777777777,],
[0.4727466666666667,0.5272533333333334,],
[0.5479288888888889,0.4520711111111111,],
[0.5255133333333333,0.4744866666666667,],
[0.6099044444444445,0.3900955555555555,],
[0.4234755555555555,0.5765244444444445,],
[0.6009266666666667,0.3990733333333333,],
[0.4974888888888889,0.5025111111111111,],
[0.4191622222222222,0.5808377777777778,],
[0.4369222222222222,0.5630777777777778,],
[0.4019777777777777,0.5980222222222221,],
[0.4466222222222223,0.5533777777777777,],
[0.6144222222222222,0.3855777777777777,],
[0.46196,0.53804,],
[0.5292244444444445,0.4707755555555556,],
[0.5451177777777778,0.4548822222222222,],
[0.41058,0.5894199999999999,],
[0.4744555555555556,0.5255444444444444,],
[0.4067555555555555,0.5932444444444445,],
[0.5089733333333333,0.4910266666666667,],
[0.4719822222222222,0.5280177777777778,],
[0.5335266666666666,0.4664733333333334,],
[0.5386222222222222,0.4613777777777778,],
[0.506291111111111,0.4937088888888889,],
[0.5348222222222222,0.4651777777777778,],
[0.4424577777777777,0.5575422222222223,],
[0.5367022222222222,0.4632977777777778,],
[0.5572888888888888,0.4427111111111112,],
[0.5084555555555554,0.4915444444444445,],
[0.4774711111111111,0.5225288888888889,],
[0.4890666666666667,0.5109333333333334,],
[0.4324022222222222,0.5675977777777779,],
[0.5089888888888888,0.4910111111111111,],
[0.4964911111111112,0.5035088888888889,],
[0.4736866666666666,0.5263133333333333,],
[0.5207444444444445,0.4792555555555556,],
[0.4606066666666667,0.5393933333333334,],
[0.4293622222222223,0.5706377777777778,],
[0.5137133333333334,0.4862866666666666,],
[0.5401977777777778,0.4598022222222223,],
[0.5624866666666667,0.4375133333333334,],
[0.5164977777777777,0.4835022222222222,],
[0.4575311111111111,0.5424688888888888,],
[0.5899333333333333,0.4100666666666666,],
[0.4228066666666667,0.5771933333333334,],
[0.4470488888888889,0.5529511111111111,],
[0.4688844444444445,0.5311155555555556,],
[0.4967,0.5033,],
[0.5600466666666667,0.4399533333333333,],
[0.5565822222222223,0.4434177777777778,],
[0.5168333333333334,0.4831666666666667,],
[0.4772733333333333,0.5227266666666668,],
[0.4858355555555555,0.5141644444444444,],
[0.6831488888888889,0.3168511111111111,],
[0.4903711111111111,0.5096288888888888,],
[0.5202711111111111,0.4797288888888889,],
[0.5799577777777778,0.4200422222222222,],
[0.515511111111111,0.4844888888888889,],
[0.4775311111111111,0.522468888888889,],
[0.4904555555555556,0.5095444444444444,],
[0.5704400000000001,0.42956,],
[0.5634133333333334,0.4365866666666667,],
[0.4489822222222222,0.5510177777777777,],
[0.4662222222222223,0.5337777777777778,],
[0.5160933333333333,0.4839066666666667,],
[0.5305644444444445,0.4694355555555556,],
[0.6005577777777777,0.3994422222222223,],
[0.5125555555555557,0.4874444444444444,],
[0.5082933333333333,0.4917066666666667,],
[0.5238911111111111,0.4761088888888889,],
[0.4606222222222223,0.5393777777777778,],
[0.4334111111111111,0.5665888888888889,],
[0.5020577777777777,0.4979422222222222,],
[0.6089577777777778,0.3910422222222222,],
[0.50274,0.49726,],
[0.3785111111111111,0.621488888888889,],
[0.49478,0.5052199999999999,],
[0.5346777777777777,0.4653222222222222,],
[0.4387933333333334,0.5612066666666667,],
[0.4668066666666666,0.5331933333333333,],
[0.4443755555555556,0.5556244444444445,],
[0.5271933333333333,0.4728066666666667,],
[0.5007711111111112,0.4992288888888889,],
[0.4877666666666667,0.5122333333333334,],
[0.5675511111111111,0.4324488888888889,],
[0.4681133333333333,0.5318866666666667,],
[0.4375444444444445,0.5624555555555556,],
[0.5957444444444444,0.4042555555555555,],
[0.5280822222222222,0.4719177777777778,],
[0.5079022222222221,0.4920977777777778,],
[0.4543333333333333,0.5456666666666666,],
[0.5251466666666665,0.4748533333333333,],
[0.5404,0.4596,],
[0.4884,0.5115999999999999,],
[0.54722,0.45278,],
[0.4221577777777777,0.5778422222222223,],
[0.53818,0.46182,],
[0.5211222222222223,0.4788777777777777,],
[0.4960288888888889,0.5039711111111111,],
[0.5955,0.4045,],
[0.5141733333333334,0.4858266666666666,],
[0.5279066666666666,0.4720933333333333,],
[0.4675755555555556,0.5324244444444445,],
[0.5471488888888889,0.4528511111111111,],
[0.5364644444444444,0.4635355555555555,],
[0.5603866666666666,0.4396133333333332,],
[0.4152888888888889,0.5847111111111111,],
[0.4660733333333334,0.5339266666666667,],
[0.4355266666666666,0.5644733333333334,],
[0.4658,0.5341999999999999,],
[0.4416333333333333,0.5583666666666667,],
[0.4522577777777778,0.5477422222222222,],
[0.5081355555555555,0.4918644444444444,],
[0.5228577777777778,0.4771422222222222,],
[0.4442733333333333,0.5557266666666667,],
[0.4557333333333334,0.5442666666666667,],
[0.4548866666666667,0.5451133333333333,],
[0.4978022222222223,0.5021977777777777,],
[0.4133333333333333,0.5866666666666667,],
[0.4863533333333333,0.5136466666666667,],
[0.5435,0.4565000000000001,],
[0.4644200000000001,0.5355800000000001,],
[0.4720022222222223,0.5279977777777778,],
[0.4166733333333333,0.5833266666666667,],
[0.4994555555555555,0.5005444444444445,],
[0.5197511111111111,0.4802488888888889,],
[0.4770777777777778,0.5229222222222223,],
[0.5573066666666666,0.4426933333333334,],
[0.5570355555555556,0.4429644444444444,],
[0.5311622222222222,0.4688377777777779,],
[0.4971866666666667,0.5028133333333333,],
[0.4744177777777778,0.5255822222222222,],
[0.5083111111111109,0.4916888888888889,],
[0.5415577777777778,0.4584422222222222,],
[0.46332,0.53668,],
[0.4947822222222222,0.5052177777777777,],
[0.5312266666666666,0.4687733333333334,],
[0.5011022222222222,0.4988977777777778,],
[0.4762777777777778,0.5237222222222222,],
[0.4829644444444444,0.5170355555555556,],
[0.5373422222222222,0.4626577777777778,],
[0.414591111111111,0.5854088888888889,],
[0.4992155555555555,0.5007844444444445,],
[0.5262622222222222,0.4737377777777778,],
[0.5575600000000001,0.44244,],
[0.4522888888888889,0.5477111111111111,],
[0.4758133333333333,0.5241866666666666,],
[0.4309422222222222,0.5690577777777778,],
[0.4786933333333334,0.5213066666666667,],
[0.4768155555555555,0.5231844444444445,],
[0.4012844444444444,0.5987155555555556,],
[0.5357088888888888,0.4642911111111112,],
[0.4787155555555556,0.5212844444444446,],
[0.6177822222222222,0.3822177777777777,],
[0.5618377777777778,0.4381622222222223,],
[0.47598,0.5240199999999999,],
[0.4829711111111111,0.5170288888888889,],
[0.5511511111111111,0.4488488888888889,],
[0.4833377777777778,0.5166622222222222,],
[0.4340444444444445,0.5659555555555557,],
[0.5442977777777778,0.4557022222222222,],
[0.4923400000000001,0.50766,],
[0.5165577777777778,0.4834422222222222,],
[0.4149088888888889,0.5850911111111112,],
[0.6109688888888889,0.3890311111111111,],
[0.503148888888889,0.4968511111111111,],
[0.54872,0.45128,],
[0.5839177777777779,0.4160822222222222,],
[0.4694222222222223,0.5305777777777778,],
[0.4544133333333333,0.5455866666666667,],
[0.5023688888888889,0.4976311111111111,],
[0.5071844444444443,0.4928155555555556,],
[0.4977711111111112,0.5022288888888889,],
[0.4262777777777778,0.5737222222222224,],
[0.4616000000000001,0.5384000000000001,],
[0.5374155555555555,0.4625844444444445,],
[0.5250977777777777,0.4749022222222222,],
[0.4562377777777778,0.5437622222222221,],
[0.4445466666666666,0.5554533333333335,],
[0.4913266666666667,0.5086733333333333,],
[0.4853244444444444,0.5146755555555554,],
[0.49928,0.5007199999999999,],
[0.6037666666666667,0.3962333333333333,],
[0.47832,0.5216799999999999,],
[0.4922266666666667,0.5077733333333333,],
[0.5490866666666667,0.4509133333333333,],
[0.5239311111111111,0.4760688888888888,],
[0.4737955555555555,0.5262044444444445,],
[0.5506933333333333,0.4493066666666666,],
[0.4591911111111112,0.5408088888888889,],
[0.5259377777777777,0.4740622222222222,],
[0.4950733333333334,0.5049266666666666,],
[0.5285533333333333,0.4714466666666667,],
[0.4851866666666666,0.5148133333333333,],
[0.6580733333333333,0.3419266666666667,],
[0.4678666666666667,0.5321333333333333,],
[0.5803466666666667,0.4196533333333333,],
[0.5410933333333333,0.4589066666666667,],
[0.48198,0.5180199999999999,],
[0.4855044444444445,0.5144955555555556,],
[0.52062,0.47938,],
[0.5508222222222222,0.4491777777777777,],
[0.4220555555555555,0.5779444444444446,],
[0.5903533333333333,0.4096466666666667,],
[0.5243866666666666,0.4756133333333333,],
[0.5714822222222222,0.4285177777777778,],
[0.561408888888889,0.4385911111111111,],
[0.38806,0.6119399999999999,],
[0.4829222222222222,0.5170777777777777,],
[0.4453733333333333,0.5546266666666667,],
[0.5542644444444446,0.4457355555555556,],
[0.6116577777777777,0.3883422222222222,],
[0.5483111111111111,0.4516888888888889,],
[0.4467,0.5533,],
[0.5580311111111113,0.4419688888888889,],
[0.4637244444444445,0.5362755555555555,],
[0.4711533333333334,0.5288466666666666,],
[0.4840244444444444,0.5159755555555555,],
[0.4934644444444445,0.5065355555555555,],
[0.5027177777777777,0.4972822222222223,],
[0.4825044444444445,0.5174955555555555,],
[0.4346755555555555,0.5653244444444444,],
[0.4611666666666667,0.5388333333333334,],
[0.4902733333333333,0.5097266666666667,],
[0.4786266666666666,0.5213733333333335,],
[0.5214022222222222,0.4785977777777778,],
[0.4081177777777777,0.5918822222222223,],
[0.4722244444444445,0.5277755555555556,],
[0.51924,0.48076,],
[0.4326688888888889,0.5673311111111112,],
[0.4391311111111111,0.5608688888888889,],
[0.5563755555555556,0.4436244444444444,],
[0.5082266666666666,0.4917733333333333,],
[0.4694422222222223,0.5305577777777778,],
[0.4937911111111111,0.5062088888888888,],
[0.5070755555555555,0.4929244444444445,],
[0.5023111111111112,0.4976888888888889,],
[0.4796088888888889,0.5203911111111111,],
[0.544308888888889,0.4556911111111112,],
[0.5330355555555556,0.4669644444444444,],
[0.4564022222222223,0.5435977777777777,],
[0.4444155555555556,0.5555844444444444,],
[0.4451377777777778,0.5548622222222223,],
[0.5656200000000001,0.43438,],
[0.4543844444444445,0.5456155555555555,],
[0.50008,0.49992,],
[0.557208888888889,0.4427911111111111,],
[0.5129444444444444,0.4870555555555556,],
[0.5742933333333333,0.4257066666666666,],
[0.4682022222222222,0.5317977777777778,],
[0.4470666666666667,0.5529333333333333,],
[0.4837444444444445,0.5162555555555556,],
[0.5353955555555555,0.4646044444444445,],
[0.4589466666666667,0.5410533333333334,],
[0.5209022222222222,0.4790977777777778,],
[0.5674111111111112,0.4325888888888889,],
[0.4984355555555556,0.5015644444444444,],
[0.5897022222222221,0.4102977777777778,],
[0.4834222222222222,0.5165777777777777,],
[0.5339177777777777,0.4660822222222223,],
[0.4505777777777778,0.5494222222222223,],
[0.4684511111111112,0.531548888888889,],
[0.5789088888888888,0.4210911111111111,],
[0.4765288888888888,0.5234711111111111,],
[0.4673911111111111,0.5326088888888889,],
[0.5372022222222222,0.4627977777777778,],
[0.3646133333333333,0.6353866666666667,],
[0.4979244444444444,0.5020755555555555,],
[0.5210177777777778,0.4789822222222222,],
[0.5673644444444446,0.4326355555555556,],
[0.5074977777777777,0.4925022222222222,],
[0.4044066666666666,0.5955933333333334,],
[0.4333111111111111,0.566688888888889,],
[0.4688600000000001,0.5311399999999999,],
[0.4754755555555555,0.5245244444444443,],
[0.4975666666666667,0.5024333333333333,],
[0.4907222222222222,0.5092777777777777,],
[0.5152755555555555,0.4847244444444444,],
[0.5119488888888889,0.4880511111111111,],
[0.4540955555555556,0.5459044444444444,],
[0.5261711111111111,0.4738288888888889,],
[0.4675311111111111,0.532468888888889,],
[0.5518355555555555,0.4481644444444444,],
[0.5226133333333334,0.4773866666666667,],
[0.4744111111111111,0.5255888888888889,],
[0.4273622222222223,0.5726377777777778,],
[0.5066955555555555,0.4933044444444445,],
[0.4690977777777778,0.5309022222222223,],
[0.4959577777777778,0.5040422222222223,],
[0.4643377777777778,0.5356622222222222,],
[0.5220555555555555,0.4779444444444444,],
[0.4971533333333333,0.5028466666666667,],
[0.4644377777777778,0.5355622222222223,],
[0.47208,0.5279199999999999,],
[0.4014355555555555,0.5985644444444445,],
[0.4596777777777778,0.5403222222222223,],
[0.4202533333333333,0.5797466666666666,],
[0.4942933333333333,0.5057066666666666,],
[0.5457244444444445,0.4542755555555555,],
[0.50908,0.49092,],
[0.5075822222222222,0.4924177777777778,],
[0.5049177777777777,0.4950822222222222,],
[0.4802444444444444,0.5197555555555555,],
[0.4857844444444444,0.5142155555555555,],
[0.3910866666666667,0.6089133333333334,],
[0.4916577777777778,0.5083422222222221,],
[0.5558288888888889,0.4441711111111111,],
[0.6058533333333334,0.3941466666666666,],
[0.4610911111111111,0.5389088888888889,],
[0.549108888888889,0.4508911111111111,],
[0.4843644444444445,0.5156355555555555,],
[0.4971622222222222,0.5028377777777777,],
[0.6114933333333333,0.3885066666666667,],
[0.5246888888888889,0.4753111111111111,],
[0.4677955555555556,0.5322044444444444,],
[0.5120866666666667,0.4879133333333334,],
[0.4804288888888888,0.5195711111111111,],
[0.4136288888888889,0.5863711111111112,],
[0.44842,0.55158,],
[0.5065222222222222,0.4934777777777778,],
[0.506111111111111,0.4938888888888889,],
[0.5175422222222221,0.4824577777777778,],
[0.5138933333333333,0.4861066666666667,],
[0.5015844444444444,0.4984155555555556,],
[0.4757177777777778,0.5242822222222221,],
[0.5151622222222221,0.4848377777777778,],
[0.4821822222222222,0.5178177777777778,],
[0.4735088888888889,0.5264911111111111,],
[0.38752,0.61248,],
[0.470108888888889,0.5298911111111112,],
[0.4480155555555556,0.5519844444444445,],
[0.4965244444444444,0.5034755555555555,],
[0.4752933333333333,0.5247066666666667,],
[0.5594733333333335,0.4405266666666667,],
[0.5252066666666666,0.4747933333333333,],
[0.4557244444444445,0.5442755555555555,],
[0.5016288888888888,0.4983711111111111,],
[0.4673333333333334,0.5326666666666666,],
[0.4572355555555556,0.5427644444444444,],
[0.5969155555555554,0.4030844444444444,],
[0.5480266666666667,0.4519733333333334,],
[0.4143866666666666,0.5856133333333333,],
[0.48596,0.5140399999999999,],
[0.4846555555555556,0.5153444444444444,],
[0.5240222222222222,0.4759777777777777,],
[0.4992666666666666,0.5007333333333334,],
[0.4890022222222222,0.5109977777777778,],
[0.4766066666666666,0.5233933333333333,],
[0.46418,0.53582,],
[0.5418355555555556,0.4581644444444444,],
[0.4792311111111111,0.5207688888888889,],
[0.4831755555555556,0.5168244444444445,],
[0.4609533333333334,0.5390466666666667,],
[0.534231111111111,0.465768888888889,],
[0.5415311111111112,0.4584688888888889,],
[0.4987422222222222,0.5012577777777777,],
[0.5144688888888889,0.4855311111111111,],
[0.5606533333333332,0.4393466666666666,],
[0.4345977777777778,0.5654022222222223,],
[0.5237711111111111,0.4762288888888889,],
[0.4309577777777777,0.5690422222222222,],
[0.5596111111111112,0.4403888888888889,],
[0.5854177777777777,0.4145822222222221,],
[0.4313711111111111,0.568628888888889,],
[0.5032799999999999,0.4967200000000001,],
[0.4800844444444444,0.5199155555555556,],
[0.5435844444444443,0.4564155555555556,],
[0.5428333333333334,0.4571666666666667,],
[0.4174555555555555,0.5825444444444444,],
[0.5358111111111111,0.4641888888888889,],
[0.5781044444444445,0.4218955555555555,],
[0.5121666666666668,0.4878333333333333,],
[0.4614022222222223,0.5385977777777778,],
[0.5099333333333333,0.4900666666666667,],
[0.4848933333333333,0.5151066666666666,],
[0.4313311111111111,0.5686688888888889,],
[0.4850466666666666,0.5149533333333333,],
[0.56896,0.43104,],
[0.4875133333333334,0.5124866666666668,],
[0.5646422222222223,0.4353577777777777,],
[0.5311822222222222,0.4688177777777778,],
[0.5205444444444444,0.4794555555555555,],
[0.4835111111111111,0.5164888888888888,],
[0.4795644444444445,0.5204355555555555,],
[0.4607622222222222,0.5392377777777778,],
[0.4459711111111111,0.5540288888888889,],
[0.5324311111111112,0.4675688888888889,],
[0.4348177777777777,0.5651822222222223,],
[0.4905955555555556,0.5094044444444444,],
[0.4534444444444444,0.5465555555555556,],
[0.5968622222222221,0.4031377777777777,],
[0.5143244444444444,0.4856755555555555,],
[0.4738466666666666,0.5261533333333334,],
[0.4599422222222223,0.5400577777777779,],
[0.5116933333333333,0.4883066666666667,],
[0.3682511111111111,0.631748888888889,],
[0.5541955555555556,0.4458044444444444,],
[0.56126,0.4387400000000001,],
[0.5383133333333334,0.4616866666666667,],
[0.4519511111111111,0.5480488888888889,],
[0.4720355555555555,0.5279644444444445,],
[0.4960533333333333,0.5039466666666667,],
[0.5344888888888888,0.4655111111111112,],
[0.4516666666666667,0.5483333333333333,],
[0.4908155555555555,0.5091844444444443,],
[0.4713955555555556,0.5286044444444444,],
[0.4891888888888889,0.5108111111111111,],
[0.5352422222222223,0.4647577777777778,],
[0.5102688888888889,0.4897311111111111,],
[0.5100866666666667,0.4899133333333334,],
[0.5310955555555555,0.4689044444444445,],
[0.5374422222222223,0.4625577777777778,],
[0.5076466666666667,0.4923533333333334,],
[0.5411333333333334,0.4588666666666666,],
[0.4610266666666667,0.5389733333333334,],
[0.4736844444444444,0.5263155555555555,],
[0.4159911111111111,0.5840088888888888,],
[0.5271822222222222,0.4728177777777778,],
[0.4948377777777778,0.5051622222222223,],
[0.5615377777777777,0.4384622222222223,],
[0.4983711111111111,0.5016288888888888,],
[0.4929622222222222,0.5070377777777777,],
[0.4291,0.5709,],
[0.4971844444444445,0.5028155555555556,],
[0.5237911111111111,0.4762088888888888,],
[0.4836111111111112,0.5163888888888888,],
[0.5081644444444444,0.4918355555555555,],
[0.5206288888888889,0.4793711111111111,],
[0.4351222222222222,0.5648777777777779,],
[0.5115711111111111,0.4884288888888889,],
[0.4613666666666667,0.5386333333333334,],
[0.4222777777777778,0.5777222222222222,],
[0.5348555555555555,0.4651444444444445,],
[0.5012844444444444,0.4987155555555555,],
[0.4626777777777778,0.5373222222222223,],
[0.5116066666666667,0.4883933333333333,],
[0.5011311111111111,0.4988688888888889,],
[0.5319577777777778,0.4680422222222222,],
[0.5250444444444444,0.4749555555555555,],
[0.4972466666666667,0.5027533333333333,],
[0.4710777777777778,0.5289222222222222,],
[0.5293200000000001,0.47068,],
[0.4868377777777778,0.5131622222222223,],
[0.4917577777777778,0.5082422222222222,],
[0.5252777777777777,0.4747222222222223,],
[0.5255688888888889,0.4744311111111111,],
[0.4626977777777778,0.5373022222222223,],
[0.4806755555555555,0.5193244444444445,],
[0.5409866666666667,0.4590133333333333,],
[0.5445,0.4555,],
[0.4628933333333333,0.5371066666666667,],
[0.5277688888888888,0.4722311111111112,],
[0.4057377777777778,0.5942622222222222,],
[0.4846422222222223,0.5153577777777777,],
[0.4879822222222222,0.5120177777777778,],
[0.4828288888888889,0.517171111111111,],
[0.4816533333333333,0.5183466666666666,],
[0.5415044444444445,0.4584955555555555,],
[0.5494222222222223,0.4505777777777778,],
[0.4403466666666667,0.5596533333333333,],
[0.3514955555555556,0.6485044444444445,],
[0.4985533333333333,0.5014466666666667,],
[0.4432044444444445,0.5567955555555556,],
[0.510631111111111,0.4893688888888889,],
[0.5122733333333335,0.4877266666666667,],
[0.43908,0.56092,],
[0.4714777777777778,0.5285222222222222,],
[0.4981911111111111,0.5018088888888889,],
[0.5230044444444445,0.4769955555555556,],
[0.5233422222222223,0.4766577777777777,],
[0.4802911111111111,0.5197088888888888,],
[0.4131066666666666,0.5868933333333333,],
[0.5180155555555556,0.4819844444444445,],
[0.5551288888888889,0.4448711111111111,],
[0.4070977777777777,0.5929022222222222,],
[0.5525377777777778,0.4474622222222222,],
[0.4837888888888889,0.5162111111111111,],
[0.3959466666666667,0.6040533333333333,],
[0.47924,0.52076,],
[0.5488244444444446,0.4511755555555556,],
[0.4804955555555555,0.5195044444444444,],
[0.5509088888888889,0.4490911111111111,],
[0.4756511111111111,0.5243488888888888,],
[0.4511088888888889,0.5488911111111112,],
[0.4389,0.5611,],
[0.5227444444444446,0.4772555555555555,],
[0.4720200000000001,0.52798,],
[0.5848644444444444,0.4151355555555555,],
[0.4722355555555556,0.5277644444444444,],
[0.5946622222222222,0.4053377777777777,],
[0.4269355555555556,0.5730644444444445,],
[0.5022288888888889,0.4977711111111112,],
[0.4496755555555556,0.5503244444444445,],
[0.55114,0.44886,],
[0.5481688888888888,0.4518311111111112,],
[0.4680088888888889,0.5319911111111111,],
[0.5403266666666667,0.4596733333333334,],
[0.5473022222222222,0.4526977777777778,],
[0.5941533333333334,0.4058466666666666,],
[0.5189666666666667,0.4810333333333333,],
[0.4667066666666667,0.5332933333333333,],
[0.5365466666666666,0.4634533333333333,],
[0.5622466666666668,0.4377533333333334,],
[0.4175444444444444,0.5824555555555556,],
[0.4375866666666667,0.5624133333333333,],
[0.4096355555555555,0.5903644444444444,],
[0.5473044444444445,0.4526955555555556,],
[0.5245288888888888,0.4754711111111111,],
[0.4850088888888888,0.5149911111111111,],
[0.5488644444444445,0.4511355555555556,],
[0.5591200000000001,0.44088,],
[0.5317222222222223,0.4682777777777778,],
[0.4250133333333334,0.5749866666666668,],
[0.4862111111111111,0.5137888888888889,],
[0.6281777777777778,0.3718222222222222,],
[0.5077111111111111,0.4922888888888889,],
[0.4927088888888889,0.507291111111111,],
[0.5393177777777778,0.4606822222222222,],
[0.4786755555555556,0.5213244444444445,],
[0.5792377777777779,0.4207622222222222,],
[0.4891177777777778,0.5108822222222222,],
[0.4570022222222223,0.5429977777777778,],
[0.54108,0.45892,],
[0.5082022222222222,0.4917977777777778,],
[0.4679,0.5321,],
[0.5067955555555556,0.4932044444444444,],
[0.4485177777777778,0.5514822222222222,],
[0.5432355555555556,0.4567644444444445,],
[0.4431555555555556,0.5568444444444445,],
[0.4285133333333334,0.5714866666666667,],
[0.4919533333333333,0.5080466666666665,],
[0.4899355555555556,0.5100644444444444,],
[0.560651111111111,0.4393488888888888,],
[0.4694177777777778,0.5305822222222223,],
[0.4386022222222222,0.5613977777777778,],
[0.5296844444444444,0.4703155555555556,],
[0.4888555555555556,0.5111444444444445,],
[0.5105311111111112,0.4894688888888889,],
[0.5729377777777778,0.4270622222222222,],
[0.4780022222222223,0.5219977777777778,],
[0.5671422222222223,0.4328577777777777,],
[0.4774244444444445,0.5225755555555556,],
[0.5123333333333333,0.4876666666666667,],
[0.5261533333333334,0.4738466666666666,],
[0.5229755555555556,0.4770244444444444,],
[0.5075355555555555,0.4924644444444445,],
[0.55258,0.44742,],
[0.4832222222222222,0.5167777777777778,],
[0.4102888888888889,0.5897111111111111,],
[0.5270488888888889,0.4729511111111112,],
[0.561108888888889,0.4388911111111112,],
[0.4870933333333334,0.5129066666666666,],
[0.5187244444444444,0.4812755555555555,],
[0.5074755555555555,0.4925244444444444,],
[0.5327177777777778,0.4672822222222223,],
[0.4947377777777778,0.5052622222222222,],
[0.4736822222222222,0.5263177777777778,],
[0.4738777777777778,0.5261222222222223,],
[0.5787511111111111,0.4212488888888888,],
[0.5088222222222223,0.4911777777777778,],
[0.4622933333333333,0.5377066666666667,],
[0.4561288888888889,0.5438711111111111,],
[0.4212,0.5788,],
[0.5142066666666667,0.4857933333333333,],
[0.5033044444444444,0.4966955555555556,],
[0.4842644444444445,0.5157355555555555,],
[0.633191111111111,0.3668088888888888,],
[0.5148622222222221,0.4851377777777777,],
[0.4998577777777778,0.5001422222222223,],
[0.4731888888888889,0.5268111111111111,],
[0.49256,0.5074399999999999,],
[0.5026622222222221,0.4973377777777778,],
[0.4495977777777778,0.5504022222222222,],
[0.6544977777777778,0.3455022222222222,],
[0.4366555555555555,0.5633444444444445,],
[0.4906155555555556,0.5093844444444444,],
[0.49416,0.5058399999999998,],
[0.56328,0.43672,],
[0.5617577777777778,0.4382422222222223,],
[0.4822155555555556,0.5177844444444445,],
[0.5290844444444445,0.4709155555555556,],
[0.4700044444444445,0.5299955555555556,],
[0.4948377777777778,0.5051622222222223,],
[0.5122644444444445,0.4877355555555556,],
[0.5001644444444445,0.4998355555555555,],
[0.4418066666666667,0.5581933333333334,],
[0.51774,0.48226,],
[0.5287000000000001,0.4713000000000001,],
[0.4958666666666667,0.5041333333333333,],
[0.6143244444444445,0.3856755555555555,],
[0.49864,0.5013599999999999,],
[0.5242244444444444,0.4757755555555555,],
[0.5686444444444445,0.4313555555555555,],
[0.4707400000000001,0.5292600000000001,],
[0.4759577777777778,0.5240422222222222,],
[0.4538266666666667,0.5461733333333334,],
[0.557708888888889,0.4422911111111111,],
[0.4594644444444445,0.5405355555555557,],
[0.4281066666666666,0.5718933333333334,],
[0.4616177777777778,0.5383822222222223,],
[0.4953022222222222,0.5046977777777778,],
[0.455228888888889,0.5447711111111111,],
[0.5727422222222223,0.4272577777777777,],
[0.4775733333333333,0.5224266666666667,],
[0.5371577777777778,0.4628422222222222,],
[0.4971555555555556,0.5028444444444444,],
[0.5234599999999999,0.47654,],
[0.5392444444444444,0.4607555555555556,],
[0.4543044444444445,0.5456955555555556,],
[0.52386,0.47614,],
[0.4962511111111111,0.5037488888888889,],
[0.5303266666666667,0.4696733333333334,],
[0.519028888888889,0.4809711111111111,],
[0.5314955555555556,0.4685044444444444,],
[0.4761622222222222,0.5238377777777777,],
[0.5128822222222221,0.4871177777777778,],
[0.5016933333333333,0.4983066666666667,],
[0.5723466666666667,0.4276533333333333,],
[0.4560355555555556,0.5439644444444445,],
[0.5168688888888888,0.4831311111111111,],
[0.4732111111111111,0.5267888888888889,],
[0.5009466666666667,0.4990533333333333,],
[0.5172155555555555,0.4827844444444445,],
[0.4717955555555556,0.5282044444444445,],
[0.51558,0.48442,],
[0.6090599999999999,0.39094,],
[0.5366688888888889,0.4633311111111111,],
[0.4916933333333333,0.5083066666666666,],
[0.4872844444444444,0.5127155555555556,],
[0.4827888888888889,0.5172111111111111,],
[0.47122,0.52878,],
[0.42034,0.5796600000000001,],
[0.4124688888888888,0.587531111111111,],
[0.5068799999999999,0.49312,],
[0.4941,0.5058999999999999,],
[0.58876,0.4112399999999999,],
[0.4818244444444444,0.5181755555555556,],
[0.4377466666666667,0.5622533333333334,],
[0.5158911111111111,0.4841088888888889,],
[0.5587577777777779,0.4412422222222222,],
[0.5194599999999999,0.48054,],
[0.5417288888888889,0.4582711111111111,],
[0.4414311111111111,0.5585688888888889,],
[0.500308888888889,0.4996911111111111,],
[0.5342666666666666,0.4657333333333334,],
[0.5103688888888889,0.4896311111111111,],
[0.4399911111111111,0.5600088888888889,],
[0.5407977777777778,0.4592022222222223,],
[0.4617777777777778,0.5382222222222223,],
[0.4376333333333333,0.5623666666666667,],
[0.4965133333333333,0.5034866666666666,],
[0.4770155555555555,0.5229844444444445,],
[0.4291666666666667,0.5708333333333334,],
[0.4847088888888889,0.515291111111111,],
[0.4879088888888889,0.5120911111111112,],
[0.4688822222222223,0.5311177777777778,],
[0.4368422222222222,0.5631577777777778,],
[0.5122000000000001,0.4878,],
[0.51344,0.48656,],
[0.3799488888888889,0.6200511111111111,],
[0.4982333333333334,0.5017666666666667,],
[0.5601288888888889,0.4398711111111111,],
[0.5034622222222223,0.4965377777777777,],
[0.4410377777777778,0.5589622222222222,],
[0.5018266666666666,0.4981733333333334,],
[0.3939866666666666,0.6060133333333333,],
[0.5049888888888888,0.4950111111111111,],
[0.4781133333333333,0.5218866666666667,],
[0.5118622222222222,0.4881377777777778,],
[0.4861444444444444,0.5138555555555556,],
[0.5070355555555555,0.4929644444444444,],
[0.4907733333333333,0.5092266666666666,],
[0.4910244444444445,0.5089755555555555,],
[0.4542533333333333,0.5457466666666667,],
[0.5670577777777779,0.4329422222222222,],
[0.5190355555555556,0.4809644444444444,],
[0.5031577777777778,0.4968422222222222,],
[0.5080199999999999,0.49198,],
[0.5052222222222221,0.4947777777777778,],
[0.4548022222222223,0.5451977777777779,],
[0.5647111111111112,0.4352888888888889,],
[0.5054977777777777,0.4945022222222222,],
[0.5408533333333334,0.4591466666666667,],
[0.5013644444444444,0.4986355555555555,],
[0.5717066666666667,0.4282933333333333,],
[0.5045222222222223,0.4954777777777778,],
[0.4361888888888889,0.5638111111111112,],
[0.4993866666666666,0.5006133333333334,],
[0.5117466666666666,0.4882533333333333,],
[0.4780133333333333,0.5219866666666666,],
[0.5121666666666668,0.4878333333333333,],
[0.4555266666666667,0.5444733333333333,],
[0.5639155555555556,0.4360844444444444,],
[0.5065755555555556,0.4934244444444445,],
[0.4875844444444445,0.5124155555555556,],
[0.4424977777777778,0.5575022222222222,],
[0.5407555555555555,0.4592444444444445,],
[0.46254,0.53746,],
[0.3623,0.6377,],
[0.5780777777777778,0.4219222222222222,],
[0.4954755555555556,0.5045244444444444,],
[0.4590244444444445,0.5409755555555557,],
[0.4626533333333333,0.5373466666666666,],
[0.5185844444444444,0.4814155555555556,],
[0.5078711111111111,0.4921288888888889,],
[0.5099044444444445,0.4900955555555556,],
[0.518571111111111,0.4814288888888889,],
[0.4401133333333333,0.5598866666666666,],
[0.4626666666666667,0.5373333333333333,],
[0.37966,0.6203400000000001,],
[0.4601111111111111,0.5398888888888889,],
[0.5768222222222223,0.4231777777777777,],
[0.5609866666666666,0.4390133333333334,],
[0.4872133333333333,0.5127866666666667,],
[0.4719155555555555,0.5280844444444445,],
[0.5502133333333333,0.4497866666666667,],
[0.5278666666666666,0.4721333333333333,],
[0.5974955555555556,0.4025044444444444,],
[0.4542666666666667,0.5457333333333333,],
[0.5041044444444445,0.4958955555555556,],
[0.5068955555555554,0.4931044444444445,],
[0.4890977777777778,0.5109022222222223,],
[0.5024711111111111,0.4975288888888889,],
[0.5834533333333333,0.4165466666666666,],
[0.4784733333333334,0.5215266666666667,],
[0.4376022222222223,0.5623977777777778,],
[0.5178688888888889,0.4821311111111111,],
[0.4074755555555555,0.5925244444444443,],
[0.4790466666666667,0.5209533333333333,],
[0.4808,0.5192,],
[0.5911199999999999,0.40888,],
[0.4918488888888889,0.508151111111111,],
[0.4845644444444444,0.5154355555555555,],
[0.4970444444444445,0.5029555555555556,],
[0.5127333333333334,0.4872666666666666,],
[0.5817244444444445,0.4182755555555555,],
[0.3493733333333333,0.6506266666666667,],
[0.4505866666666667,0.5494133333333333,],
[0.5940111111111112,0.4059888888888888,],
[0.53596,0.46404,],
[0.5480644444444445,0.4519355555555556,],
[0.4767177777777777,0.5232822222222222,],
[0.4468777777777778,0.5531222222222223,],
[0.4989266666666667,0.5010733333333334,],
[0.5040888888888889,0.4959111111111111,],
[0.4891866666666667,0.5108133333333333,],
[0.3965177777777778,0.6034822222222223,],
[0.4688933333333334,0.5311066666666666,],
[0.59192,0.4080799999999999,],
[0.5014755555555555,0.4985244444444444,],
[0.4596688888888889,0.5403311111111111,],
[0.5480955555555557,0.4519044444444445,],
[0.48872,0.51128,],
[0.5441844444444445,0.4558155555555556,],
[0.5510955555555556,0.4489044444444444,],
[0.4810844444444444,0.5189155555555556,],
[0.4483622222222222,0.5516377777777777,],
[0.5831822222222222,0.4168177777777777,],
[0.4976666666666666,0.5023333333333333,],
[0.4931866666666667,0.5068133333333333,],
[0.43376,0.5662400000000001,],
[0.4831177777777778,0.5168822222222221,],
[0.37646,0.62354,],
[0.5065466666666667,0.4934533333333334,],
[0.5222777777777778,0.4777222222222222,],
[0.5008355555555556,0.4991644444444445,],
[0.5775400000000001,0.4224599999999999,],
[0.4569688888888889,0.543031111111111,],
[0.5212177777777778,0.4787822222222222,],
[0.4116844444444444,0.5883155555555555,],
[0.5410822222222222,0.4589177777777778,],
[0.545248888888889,0.4547511111111111,],
[0.5620933333333333,0.4379066666666666,],
[0.4553666666666667,0.5446333333333333,],
[0.4467222222222222,0.5532777777777778,],
[0.4848422222222222,0.5151577777777776,],
[0.4827311111111111,0.5172688888888889,],
[0.4537888888888889,0.5462111111111112,],
[0.4896866666666666,0.5103133333333333,],
[0.4917688888888889,0.5082311111111111,],
[0.5334577777777777,0.4665422222222222,],
[0.4757066666666667,0.5242933333333332,],
[0.4771088888888889,0.5228911111111111,],
[0.4414688888888889,0.5585311111111112,],
[0.548468888888889,0.4515311111111112,],
[0.4312755555555555,0.5687244444444445,],
[0.5236111111111111,0.4763888888888889,],
[0.5140777777777777,0.4859222222222223,],
[0.5150044444444444,0.4849955555555555,],
[0.4447622222222222,0.5552377777777778,],
[0.4686044444444445,0.5313955555555556,],
[0.5597244444444445,0.4402755555555555,],
[0.4637311111111111,0.5362688888888889,],
[0.5465,0.4535,],
[0.4843066666666667,0.5156933333333333,],
[0.4679333333333333,0.5320666666666667,],
[0.4672644444444445,0.5327355555555556,],
[0.4452444444444444,0.5547555555555556,],
[0.4533066666666666,0.5466933333333334,],
[0.422031111111111,0.577968888888889,],
[0.4799422222222222,0.5200577777777778,],
[0.5561111111111111,0.4438888888888888,],
[0.5163155555555554,0.4836844444444445,],
[0.4023933333333333,0.5976066666666667,],
[0.5225977777777778,0.4774022222222222,],
[0.4606977777777778,0.5393022222222222,],
[0.4882444444444445,0.5117555555555555,],
[0.4775488888888889,0.5224511111111112,],
[0.4398066666666667,0.5601933333333333,],
[0.5291555555555556,0.4708444444444445,],
[0.5533777777777777,0.4466222222222223,],
[0.4718133333333334,0.5281866666666667,],
[0.43596,0.5640400000000001,],
[0.4920711111111111,0.5079288888888889,],
[0.5302133333333333,0.4697866666666667,],
[0.5723866666666667,0.4276133333333333,],
[0.4644155555555556,0.5355844444444444,],
[0.5437177777777777,0.4562822222222223,],
[0.5473666666666668,0.4526333333333334,],
[0.5154511111111111,0.4845488888888889,],
[0.5237711111111111,0.4762288888888889,],
[0.3746,0.6254,],
[0.4217422222222222,0.5782577777777779,],
[0.4993488888888888,0.500651111111111,],
[0.4605133333333334,0.5394866666666668,],
[0.6063377777777776,0.3936622222222222,],
[0.5109822222222222,0.4890177777777778,],
[0.4257866666666666,0.5742133333333334,],
[0.5505977777777779,0.4494022222222222,],
[0.5074266666666666,0.4925733333333333,],
[0.5071866666666666,0.4928133333333333,],
[0.5424177777777778,0.4575822222222222,],
[0.5054266666666667,0.4945733333333333,],
[0.4963755555555556,0.5036244444444444,],
[0.5236644444444444,0.4763355555555555,],
[0.4753955555555556,0.5246044444444444,],
[0.5323311111111111,0.4676688888888889,],
[0.5024444444444444,0.4975555555555556,],
[0.5662777777777779,0.4337222222222222,],
[0.5181222222222223,0.4818777777777778,],
[0.5258622222222222,0.4741377777777778,],
[0.5077888888888888,0.4922111111111112,],
[0.5138977777777778,0.4861022222222222,],
[0.5676577777777778,0.4323422222222222,],
[0.5103711111111111,0.4896288888888889,],
[0.5048777777777779,0.4951222222222222,],
[0.5283733333333334,0.4716266666666667,],
[0.53792,0.46208,],
[0.45894,0.54106,],
[0.4511066666666667,0.5488933333333335,],
[0.4850111111111111,0.5149888888888888,],
[0.5480466666666667,0.4519533333333334,],
[0.5760022222222223,0.4239977777777778,],
[0.6031000000000001,0.3969,],
[0.4729311111111111,0.5270688888888889,],
[0.5186088888888888,0.4813911111111111,],
[0.552151111111111,0.447848888888889,],
[0.5014733333333333,0.4985266666666667,],
[0.43994,0.5600600000000001,],
[0.5673555555555556,0.4326444444444444,],
[0.5251822222222221,0.4748177777777778,],
[0.49034,0.50966,],
[0.4453133333333333,0.5546866666666667,],
[0.5198266666666667,0.4801733333333333,],
[0.5480911111111112,0.4519088888888889,],
[0.4753311111111111,0.5246688888888889,],
[0.5496244444444446,0.4503755555555556,],
[0.5092444444444444,0.4907555555555556,],
[0.4735711111111111,0.5264288888888888,],
[0.5012288888888888,0.4987711111111111,],
[0.5552622222222222,0.4447377777777777,],
[0.49224,0.5077599999999999,],
[0.4608200000000001,0.53918,],
[0.567448888888889,0.4325511111111111,],
[0.4677955555555556,0.5322044444444444,],
[0.5303266666666667,0.4696733333333334,],
[0.4583266666666667,0.5416733333333333,],
[0.4885844444444444,0.5114155555555556,],
[0.4489333333333334,0.5510666666666666,],
[0.4904244444444444,0.5095755555555554,],
[0.3562466666666667,0.6437533333333333,],
[0.5356022222222222,0.4643977777777778,],
[0.5321888888888889,0.4678111111111111,],
[0.5401022222222223,0.4598977777777778,],
[0.4749355555555556,0.5250644444444444,],
[0.6351177777777779,0.3648822222222222,],
[0.4824,0.5175999999999999,],
[0.5329622222222222,0.4670377777777778,],
[0.4563511111111112,0.5436488888888888,],
[0.4967622222222223,0.5032377777777778,],
[0.5151266666666666,0.4848733333333333,],
[0.5257933333333333,0.4742066666666667,],
[0.5269933333333334,0.4730066666666667,],
[0.4815111111111111,0.5184888888888889,],
[0.4808577777777777,0.5191422222222222,],
[0.5662555555555556,0.4337444444444445,],
[0.5138355555555556,0.4861644444444444,],
[0.5045155555555556,0.4954844444444444,],
[0.4153466666666666,0.5846533333333332,],
[0.4377511111111111,0.5622488888888889,],
[0.5415666666666668,0.4584333333333333,],
[0.4780177777777778,0.5219822222222221,],
[0.5400333333333334,0.4599666666666667,],
[0.4949777777777778,0.5050222222222222,],
[0.4869111111111111,0.5130888888888889,],
[0.4603266666666667,0.5396733333333333,],
[0.4665266666666667,0.5334733333333332,],
[0.540908888888889,0.4590911111111111,],
[0.4960044444444444,0.5039955555555555,],
[0.5197488888888888,0.4802511111111111,],
[0.5175999999999999,0.4824,],
[0.5017644444444445,0.4982355555555555,],
[0.4948377777777778,0.5051622222222223,],
[0.4537022222222222,0.5462977777777779,],
[0.4901577777777777,0.5098422222222222,],
[0.4837711111111112,0.5162288888888888,],
[0.554308888888889,0.4456911111111111,],
[0.5432911111111111,0.4567088888888889,],
[0.5447888888888889,0.4552111111111112,],
[0.5176644444444444,0.4823355555555555,],
[0.48182,0.51818,],
[0.5021155555555555,0.4978844444444445,],
[0.4333422222222222,0.5666577777777778,],
[0.5030088888888889,0.4969911111111111,],
[0.4583266666666667,0.5416733333333333,],
[0.4675911111111111,0.5324088888888889,],
[0.4577666666666667,0.5422333333333332,],
[0.3685955555555555,0.6314044444444444,],
[0.5167844444444445,0.4832155555555556,],
[0.4945111111111111,0.5054888888888888,],
[0.5154044444444443,0.4845955555555556,],
[0.5777911111111111,0.4222088888888889,],
[0.5276777777777777,0.4723222222222223,],
[0.5136466666666667,0.4863533333333333,],
[0.439631111111111,0.5603688888888888,],
[0.5186422222222221,0.4813577777777778,],
[0.4513466666666667,0.5486533333333334,],
[0.5058644444444443,0.4941355555555556,],
[0.5334377777777777,0.4665622222222223,],
[0.4518577777777778,0.5481422222222222,],
[0.5234822222222222,0.4765177777777778,],
[0.5460133333333334,0.4539866666666666,],
[0.5353133333333334,0.4646866666666667,],
[0.4932577777777778,0.5067422222222222,],
[0.4044733333333333,0.5955266666666668,],
[0.4931266666666667,0.5068733333333333,],
[0.5371600000000001,0.46284,],
[0.4711244444444445,0.5288755555555555,],
[0.6413822222222223,0.3586177777777778,],
[0.47616,0.52384,],
[0.5780377777777778,0.4219622222222222,],
[0.5005577777777779,0.4994422222222222,],
[0.5953488888888889,0.4046511111111111,],
[0.4767444444444444,0.5232555555555556,],
[0.5095088888888888,0.4904911111111112,],
[0.577968888888889,0.422031111111111,],
[0.4528711111111111,0.5471288888888889,],
[0.50508,0.49492,],
[0.4870511111111112,0.5129488888888889,],
[0.5045777777777778,0.4954222222222222,],
[0.49742,0.50258,],
[0.4852733333333333,0.5147266666666667,],
[0.5740933333333333,0.4259066666666666,],
[0.5301666666666667,0.4698333333333334,],
[0.4765111111111111,0.5234888888888889,],
[0.4648800000000001,0.5351199999999999,],
[0.5541488888888889,0.4458511111111111,],
[0.5303133333333334,0.4696866666666667,],
[0.5269844444444445,0.4730155555555556,],
[0.5084422222222221,0.4915577777777778,],
[0.4625555555555556,0.5374444444444445,],
[0.4977355555555556,0.5022644444444445,],
[0.4901488888888889,0.5098511111111111,],
[0.5194444444444444,0.4805555555555555,],
[0.4047488888888889,0.5952511111111112,],
[0.4671155555555556,0.5328844444444444,],
[0.4379555555555555,0.5620444444444445,],
[0.4770222222222222,0.5229777777777778,],
[0.4370155555555556,0.5629844444444444,],
[0.5585444444444445,0.4414555555555555,],
[0.5526755555555555,0.4473244444444445,],
[0.5151066666666666,0.4848933333333333,],
[0.4611088888888889,0.5388911111111111,],
[0.4882533333333333,0.5117466666666666,],
[0.5331266666666666,0.4668733333333334,],
[0.5484911111111112,0.4515088888888889,],
[0.4766222222222222,0.5233777777777777,],
[0.5350933333333333,0.4649066666666667,],
[0.3820866666666666,0.6179133333333333,],
[0.5368999999999999,0.4631,],
[0.5151,0.4849,],
[0.4205088888888889,0.5794911111111112,],
[0.5030911111111112,0.496908888888889,],
[0.4690288888888889,0.5309711111111112,],
[0.46582,0.53418,],
[0.4367977777777777,0.5632022222222223,],
[0.4352222222222222,0.5647777777777778,],
[0.5220199999999999,0.47798,],
[0.4977822222222222,0.5022177777777778,],
[0.5203577777777778,0.4796422222222222,],
[0.5335577777777777,0.4664422222222223,],
[0.4525355555555556,0.5474644444444445,],
[0.4585822222222222,0.5414177777777778,],
[0.4798711111111111,0.520128888888889,],
[0.5221977777777778,0.4778022222222222,],
[0.4672777777777778,0.5327222222222222,],
[0.4918822222222222,0.5081177777777777,],
[0.5096155555555555,0.4903844444444445,],
[0.5515422222222222,0.4484577777777777,],
[0.5102666666666666,0.4897333333333333,],
[0.4553355555555556,0.5446644444444445,],
[0.4958133333333333,0.5041866666666667,],
[0.5683088888888891,0.4316911111111111,],
[0.5027044444444444,0.4972955555555556,],
[0.5464866666666667,0.4535133333333334,],
[0.4503133333333333,0.5496866666666668,],
[0.4881888888888889,0.5118111111111111,],
[0.4220466666666666,0.5779533333333334,],
[0.5339377777777777,0.4660622222222223,],
[0.4950066666666667,0.5049933333333333,],
[0.4888777777777778,0.5111222222222223,],
[0.4929044444444445,0.5070955555555555,],
[0.5469688888888889,0.4530311111111111,],
[0.5954977777777778,0.4045022222222222,],
[0.4565422222222222,0.5434577777777777,],
[0.5483177777777778,0.4516822222222223,],
[0.5215422222222222,0.4784577777777778,],
[0.5554377777777779,0.4445622222222222,],
[0.5508311111111112,0.4491688888888888,],
[0.5319355555555556,0.4680644444444444,],
[0.5486955555555556,0.4513044444444445,],
[0.4567288888888889,0.5432711111111111,],
[0.5217488888888889,0.4782511111111111,],
[0.5139622222222223,0.4860377777777778,],
[0.4996133333333334,0.5003866666666666,],
[0.57154,0.42846,],
[0.5900044444444443,0.4099955555555555,],
[0.4417444444444444,0.5582555555555556,],
[0.4733733333333333,0.5266266666666666,],
[0.4607288888888889,0.5392711111111111,],
[0.4737777777777777,0.5262222222222221,],
[0.4903333333333333,0.5096666666666666,],
[0.4714466666666667,0.5285533333333333,],
[0.5042377777777779,0.4957622222222223,],
[0.539548888888889,0.4604511111111111,],
[0.4999177777777777,0.5000822222222222,],
[0.4321866666666667,0.5678133333333334,],
[0.4716,0.5284,],
[0.5227577777777779,0.4772422222222222,],
[0.5108755555555555,0.4891244444444444,],
[0.5482088888888889,0.4517911111111111,],
[0.4311533333333333,0.5688466666666667,],
[0.5180244444444444,0.4819755555555556,],
[0.4741866666666666,0.5258133333333334,],
[0.4953622222222222,0.5046377777777777,],
[0.4676377777777778,0.5323622222222223,],
[0.4955,0.5045000000000001,],
[0.45916,0.5408400000000001,],
[0.4958933333333334,0.5041066666666667,],
[0.4350533333333333,0.5649466666666667,],
[0.5177844444444445,0.4822155555555556,],
[0.4024866666666667,0.5975133333333333,],
[0.5293599999999999,0.4706400000000001,],
[0.4812911111111111,0.5187088888888889,],
[0.4459888888888889,0.5540111111111111,],
[0.4349688888888888,0.5650311111111112,],
[0.4678688888888889,0.5321311111111112,],
[0.5422977777777778,0.4577022222222222,],
[0.5543022222222223,0.4456977777777778,],
[0.4357888888888889,0.5642111111111111,],
[0.5644800000000001,0.43552,],
[0.4781955555555555,0.5218044444444444,],
[0.5556333333333334,0.4443666666666667,],
[0.52644,0.47356,],
[0.3898822222222222,0.6101177777777779,],
[0.4925866666666667,0.5074133333333333,],
[0.5606377777777778,0.4393622222222222,],
[0.5273266666666667,0.4726733333333333,],
[0.5069444444444443,0.4930555555555556,],
[0.5028466666666667,0.4971533333333333,],
[0.3499711111111111,0.650028888888889,],
[0.4534622222222222,0.5465377777777778,],
[0.5577066666666668,0.4422933333333334,],
[0.4917933333333334,0.5082066666666666,],
[0.5327311111111112,0.4672688888888889,],
[0.5937533333333332,0.4062466666666666,],
[0.577368888888889,0.4226311111111111,],
[0.4806755555555555,0.5193244444444445,],
[0.5137,0.4863,],
[0.5191977777777778,0.4808022222222222,],
[0.5464600000000001,0.4535400000000001,],
[0.5049222222222222,0.4950777777777778,],
[0.4502355555555556,0.5497644444444446,],
[0.44526,0.55474,],
[0.5249044444444444,0.4750955555555556,],
[0.4795044444444445,0.5204955555555556,],
[0.5027733333333333,0.4972266666666667,],
[0.4997177777777778,0.5002822222222223,],
[0.5180533333333333,0.4819466666666667,],
[0.41874,0.58126,],
[0.4197977777777778,0.5802022222222223,],
[0.4782555555555555,0.5217444444444445,],
[0.4799044444444445,0.5200955555555556,],
[0.5617,0.4383,],
[0.5058555555555555,0.4941444444444444,],
[0.5549466666666667,0.4450533333333333,],
[0.5006488888888888,0.4993511111111111,],
[0.5224800000000001,0.47752,],
[0.4165177777777778,0.5834822222222221,],
[0.43522,0.5647800000000001,],
[0.5113133333333334,0.4886866666666667,],
[0.6036688888888889,0.3963311111111111,],
[0.5182022222222222,0.4817977777777778,],
[0.4841911111111111,0.5158088888888889,],
[0.4318622222222222,0.5681377777777779,],
[0.4856822222222222,0.5143177777777778,],
[0.5468422222222222,0.4531577777777778,],
[0.5358911111111111,0.4641088888888889,],
[0.54906,0.45094,],
[0.5194866666666667,0.4805133333333333,],
[0.5113933333333334,0.4886066666666667,],
[0.4433822222222222,0.5566177777777779,],
[0.4853444444444445,0.5146555555555555,],
[0.4765422222222222,0.5234577777777777,],
[0.5055533333333333,0.4944466666666667,],
[0.4844844444444444,0.5155155555555555,],
[0.4013577777777777,0.5986422222222222,],
[0.5509488888888889,0.4490511111111111,],
[0.4904888888888889,0.509511111111111,],
[0.5260844444444445,0.4739155555555555,],
[0.4862911111111111,0.5137088888888889,],
[0.4329244444444444,0.5670755555555557,],
[0.5201933333333334,0.4798066666666667,],
[0.5429111111111111,0.4570888888888889,],
[0.524271111111111,0.4757288888888889,],
[0.5688933333333334,0.4311066666666666,],
[0.4689000000000001,0.5311,],
[0.5173,0.4827,],
[0.5349911111111112,0.4650088888888889,],
[0.4706977777777778,0.5293022222222223,],
[0.4461444444444445,0.5538555555555555,],
[0.4998244444444445,0.5001755555555556,],
[0.581068888888889,0.4189311111111111,],
[0.4654577777777779,0.5345422222222221,],
[0.5372755555555556,0.4627244444444444,],
[0.50756,0.49244,],
[0.5313,0.4687,],
[0.5955044444444445,0.4044955555555555,],
[0.5182511111111111,0.4817488888888888,],
[0.4466444444444445,0.5533555555555556,],
[0.5522044444444444,0.4477955555555556,],
[0.5763266666666668,0.4236733333333333,],
[0.5154622222222222,0.4845377777777778,],
[0.5288133333333332,0.4711866666666666,],
[0.5246022222222222,0.4753977777777778,],
[0.4827111111111111,0.5172888888888888,],
[0.4429822222222222,0.5570177777777778,],
[0.4289222222222222,0.5710777777777778,],
[0.5666555555555557,0.4333444444444445,],
[0.5144733333333333,0.4855266666666667,],
[0.4701288888888889,0.5298711111111112,],
[0.5062777777777777,0.4937222222222222,],
[0.5311244444444444,0.4688755555555556,],
[0.57858,0.4214199999999999,],
[0.45106,0.5489400000000001,],
[0.5533044444444445,0.4466955555555556,],
[0.5698333333333333,0.4301666666666666,],
[0.4866688888888889,0.5133311111111112,],
[0.5212088888888889,0.4787911111111111,],
[0.5340755555555555,0.4659244444444445,],
[0.52576,0.47424,],
[0.4517644444444445,0.5482355555555556,],
[0.5070177777777777,0.4929822222222222,],
[0.4964955555555556,0.5035044444444444,],
[0.5015333333333333,0.4984666666666667,],
[0.3998244444444444,0.6001755555555556,],
[0.5864866666666667,0.4135133333333333,],
[0.5044466666666667,0.4955533333333333,],
[0.5248577777777778,0.4751422222222222,],
[0.5500333333333335,0.4499666666666667,],
[0.4976666666666666,0.5023333333333333,],
[0.48946,0.51054,],
[0.6141888888888889,0.3858111111111111,],
[0.4980644444444445,0.5019355555555556,],
[0.4520266666666667,0.5479733333333333,],
[0.55214,0.44786,],
[0.5473066666666667,0.4526933333333333,],
[0.5108622222222222,0.4891377777777778,],
[0.4636333333333333,0.5363666666666667,],
[0.4907466666666667,0.5092533333333332,],
[0.3590755555555556,0.6409244444444445,],
[0.4882,0.5117999999999999,],
[0.4576888888888889,0.5423111111111111,],
[0.4918777777777778,0.5081222222222221,],
[0.4991133333333334,0.5008866666666667,],
[0.4584866666666667,0.5415133333333334,],
[0.4779066666666666,0.5220933333333333,],
[0.5061555555555555,0.4938444444444444,],
[0.4318266666666666,0.5681733333333334,],
[0.5488711111111112,0.4511288888888889,],
[0.5433977777777778,0.4566022222222222,],
[0.5040733333333334,0.4959266666666667,],
[0.4556933333333333,0.5443066666666667,],
[0.5458022222222223,0.4541977777777778,],
[0.4803911111111111,0.5196088888888889,],
[0.50906,0.49094,],
[0.4671555555555556,0.5328444444444443,],
[0.4661044444444445,0.5338955555555556,],
[0.4216955555555555,0.5783044444444444,],
[0.5628777777777778,0.4371222222222222,],
[0.4328333333333333,0.5671666666666668,],
[0.4128044444444444,0.5871955555555555,],
[0.5844111111111111,0.4155888888888888,],
[0.5382511111111111,0.4617488888888889,],
[0.5466066666666667,0.4533933333333333,],
[0.4905888888888889,0.5094111111111111,],
[0.4386933333333334,0.5613066666666666,],
[0.4463377777777778,0.5536622222222222,],
[0.5662044444444445,0.4337955555555555,],
[0.4570311111111112,0.5429688888888889,],
[0.4898444444444444,0.5101555555555556,],
[0.4464733333333333,0.5535266666666667,],
[0.4520288888888889,0.5479711111111112,],
[0.4692844444444444,0.5307155555555556,],
[0.4672022222222222,0.5327977777777777,],
[0.5552,0.4448,],
[0.5469911111111111,0.4530088888888888,],
[0.5091333333333333,0.4908666666666666,],
[0.5479733333333333,0.4520266666666667,],
[0.48084,0.51916,],
[0.5405911111111112,0.4594088888888889,],
[0.5649711111111111,0.4350288888888889,],
[0.5656111111111112,0.4343888888888889,],
[0.5546088888888889,0.4453911111111111,],
[0.4687288888888889,0.5312711111111111,],
[0.5115999999999999,0.4884,],
[0.4292133333333333,0.5707866666666667,],
[0.4674666666666667,0.5325333333333333,],
[0.4816244444444444,0.5183755555555555,],
[0.4584288888888889,0.5415711111111112,],
[0.5618955555555555,0.4381044444444445,],
[0.5218333333333334,0.4781666666666666,],
[0.4298577777777778,0.5701422222222222,],
[0.5396466666666667,0.4603533333333334,],
[0.542571111111111,0.4574288888888889,],
[0.4830866666666667,0.5169133333333333,],
[0.4536444444444445,0.5463555555555556,],
[0.5377466666666667,0.4622533333333333,],
[0.4927666666666667,0.5072333333333332,],
[0.5259888888888888,0.4740111111111112,],
[0.4582955555555556,0.5417044444444444,],
[0.5212266666666667,0.4787733333333333,],
[0.417891111111111,0.5821088888888889,],
[0.5229133333333333,0.4770866666666667,],
[0.5058666666666666,0.4941333333333333,],
[0.5454422222222223,0.4545577777777778,],
[0.4360333333333333,0.5639666666666667,],
[0.4892422222222222,0.5107577777777778,],
[0.4605177777777778,0.5394822222222223,],
[0.5763622222222223,0.4236377777777778,],
[0.51406,0.48594,],
[0.5123822222222222,0.4876177777777778,],
[0.5162533333333333,0.4837466666666667,],
[0.5073155555555554,0.4926844444444445,],
[0.5055244444444443,0.4944755555555556,],
[0.4985844444444444,0.5014155555555555,],
[0.5318133333333334,0.4681866666666667,],
[0.5386711111111112,0.4613288888888889,],
[0.5789933333333334,0.4210066666666666,],
[0.4288288888888889,0.5711711111111112,],
[0.4666911111111111,0.5333088888888888,],
[0.5531666666666667,0.4468333333333334,],
[0.4988311111111111,0.5011688888888889,],
[0.4968422222222222,0.5031577777777778,],
[0.4955288888888889,0.5044711111111111,],
[0.4227333333333333,0.5772666666666668,],
[0.5540555555555555,0.4459444444444444,],
[0.5828755555555555,0.4171244444444444,],
[0.5965422222222221,0.4034577777777777,],
[0.4933777777777778,0.5066222222222221,],
[0.4293155555555556,0.5706844444444444,],
[0.5149888888888888,0.4850111111111111,],
[0.4664755555555556,0.5335244444444444,],
[0.4814533333333333,0.5185466666666666,],
[0.5064622222222221,0.4935377777777778,],
[0.4691,0.5309,],
[0.4466977777777778,0.5533022222222223,],
[0.4698333333333334,0.5301666666666667,],
[0.4843755555555556,0.5156244444444444,],
[0.5059466666666665,0.4940533333333333,],
[0.4459466666666667,0.5540533333333333,],
[0.5594644444444445,0.4405355555555556,],
[0.51716,0.48284,],
[0.5251866666666666,0.4748133333333333,],
[0.5646755555555556,0.4353244444444445,],
[0.5621133333333334,0.4378866666666667,],
[0.553748888888889,0.4462511111111112,],
[0.46744,0.5325599999999999,],
[0.3989355555555555,0.6010644444444444,],
[0.5790777777777778,0.4209222222222222,],
[0.5310888888888888,0.4689111111111111,],
[0.5247955555555556,0.4752044444444444,],
[0.5072822222222221,0.4927177777777778,],
[0.50654,0.4934600000000001,],
[0.50326,0.4967400000000001,],
[0.4602266666666667,0.5397733333333334,],
[0.5246711111111111,0.4753288888888889,],
[0.5145866666666665,0.4854133333333333,],
[0.4589377777777778,0.5410622222222222,],
[0.4127599999999999,0.58724,],
[0.577188888888889,0.4228111111111111,],
[0.5750311111111112,0.4249688888888889,],
[0.4554155555555556,0.5445844444444444,],
[0.5401466666666668,0.4598533333333333,],
[0.5242488888888888,0.4757511111111111,],
[0.4671888888888889,0.532811111111111,],
[0.4768777777777777,0.5231222222222222,],
[0.48576,0.51424,],
[0.4821955555555555,0.5178044444444444,],
[0.4419733333333333,0.5580266666666668,],
[0.4964933333333333,0.5035066666666667,],
[0.5215466666666667,0.4784533333333333,],
[0.4954488888888889,0.5045511111111112,],
[0.4727733333333334,0.5272266666666666,],
[0.5022955555555556,0.4977044444444444,],
[0.5639444444444445,0.4360555555555555,],
[0.6240577777777778,0.3759422222222221,],
[0.5180466666666667,0.4819533333333333,],
[0.5142777777777777,0.4857222222222222,],
[0.4073,0.5927,],
[0.4561866666666667,0.5438133333333333,],
[0.4993733333333333,0.5006266666666667,],
[0.5510977777777778,0.4489022222222222,],
[0.5005711111111112,0.4994288888888889,],
[0.5105355555555555,0.4894644444444444,],
[0.4908222222222222,0.5091777777777777,],
[0.5718044444444444,0.4281955555555556,],
[0.5141577777777778,0.4858422222222222,],
[0.4795377777777778,0.5204622222222223,],
[0.5577422222222224,0.4422577777777778,],
[0.5107355555555555,0.4892644444444444,],
[0.5051600000000001,0.4948399999999999,],
[0.39034,0.60966,],
[0.6296511111111112,0.3703488888888889,],
[0.5112755555555556,0.4887244444444445,],
[0.5267511111111111,0.4732488888888889,],
[0.562208888888889,0.4377911111111111,],
[0.48056,0.5194399999999999,],
[0.5030111111111112,0.4969888888888889,],
[0.5000022222222222,0.4999977777777778,],
[0.4130799999999999,0.58692,],
[0.5713755555555556,0.4286244444444445,],
[0.5566111111111113,0.4433888888888889,],
[0.54784,0.45216,],
[0.5770711111111113,0.4229288888888889,],
[0.4904244444444444,0.5095755555555554,],
[0.5117488888888888,0.4882511111111111,],
[0.5144311111111111,0.4855688888888888,],
[0.5966733333333333,0.4033266666666666,],
[0.3677266666666666,0.6322733333333335,],
[0.5672422222222223,0.4327577777777778,],
[0.4771911111111111,0.5228088888888889,],
[0.5284022222222222,0.4715977777777778,],
[0.4789533333333333,0.5210466666666667,],
[0.5080022222222222,0.4919977777777778,],
[0.4467755555555556,0.5532244444444445,],
[0.6433155555555555,0.3566844444444445,],
[0.5596022222222222,0.4403977777777778,],
[0.5532688888888889,0.4467311111111111,],
[0.6032155555555556,0.3967844444444445,],
[0.5009688888888888,0.4990311111111111,],
[0.5106599999999999,0.48934,],
[0.4193888888888889,0.5806111111111112,],
[0.4322688888888889,0.5677311111111112,],
[0.4520933333333333,0.5479066666666667,],
[0.5253266666666666,0.4746733333333333,],
[0.5402711111111111,0.4597288888888889,],
[0.4334466666666666,0.5665533333333334,],
[0.4769933333333333,0.5230066666666667,],
[0.5087333333333334,0.4912666666666666,],
[0.5178777777777778,0.4821222222222222,],
[0.5334111111111111,0.4665888888888889,],
[0.4962111111111112,0.5037888888888888,],
[0.4624355555555555,0.5375644444444445,],
[0.5106133333333333,0.4893866666666666,],
[0.3821,0.6179,],
[0.4261466666666666,0.5738533333333334,],
[0.4977800000000001,0.50222,],
[0.4881733333333333,0.5118266666666667,],
[0.4668088888888889,0.5331911111111111,],
[0.5390644444444445,0.4609355555555557,],
[0.5373222222222223,0.4626777777777778,],
[0.3846511111111111,0.6153488888888888,],
[0.5144622222222222,0.4855377777777778,],
[0.4673022222222222,0.5326977777777778,],
[0.4721333333333333,0.5278666666666666,],
[0.5639977777777778,0.4360022222222222,],
[0.55848,0.44152,],
[0.4012888888888889,0.5987111111111111,],
[0.5083422222222221,0.4916577777777778,],
[0.5156733333333333,0.4843266666666667,],
[0.4328622222222222,0.5671377777777779,],
[0.5198666666666666,0.4801333333333334,],
[0.5534,0.4466,],
[0.4756022222222222,0.5243977777777777,],
[0.5289488888888889,0.4710511111111111,],
[0.4564822222222223,0.5435177777777778,],
[0.524391111111111,0.4756088888888889,],
[0.4891977777777778,0.5108022222222222,],
[0.5034644444444445,0.4965355555555556,],
[0.5298488888888889,0.4701511111111112,],
[0.4778066666666667,0.5221933333333334,],
[0.5184755555555556,0.4815244444444444,],
[0.5677622222222223,0.4322377777777777,],
[0.4922555555555556,0.5077444444444443,],
[0.4992777777777778,0.5007222222222222,],
[0.47214,0.52786,],
[0.5744666666666667,0.4255333333333333,],
[0.4883666666666667,0.5116333333333334,],
[0.5627577777777778,0.4372422222222222,],
[0.5916422222222222,0.4083577777777777,],
[0.5044044444444444,0.4955955555555556,],
[0.5541511111111111,0.4458488888888889,],
[0.5328066666666667,0.4671933333333334,],
[0.5004266666666667,0.4995733333333334,],
[0.5371711111111112,0.4628288888888889,],
[0.51376,0.48624,],
[0.4160555555555556,0.5839444444444445,],
[0.4371755555555556,0.5628244444444445,],
[0.4287044444444444,0.5712955555555557,],
[0.6827644444444444,0.3172355555555555,],
[0.49964,0.50036,],
[0.51136,0.48864,],
[0.4948422222222222,0.5051577777777778,],
[0.5053377777777778,0.4946622222222222,],
[0.5740022222222223,0.4259977777777777,],
[0.3736088888888889,0.626391111111111,],
[0.5603466666666667,0.4396533333333333,],
[0.4665644444444444,0.5334355555555554,],
[0.3759488888888888,0.6240511111111111,],
[0.4282577777777777,0.5717422222222222,],
[0.4872911111111111,0.5127088888888889,],
[0.5270666666666667,0.4729333333333334,],
[0.5558977777777778,0.4441022222222222,],
[0.4840888888888889,0.5159111111111111,],
[0.5037177777777778,0.4962822222222222,],
[0.5210044444444444,0.4789955555555556,],
[0.5374311111111111,0.4625688888888889,],
[0.4709644444444445,0.5290355555555556,],
[0.4900911111111111,0.509908888888889,],
[0.4871644444444445,0.5128355555555556,],
[0.53202,0.46798,],
[0.4939533333333333,0.5060466666666665,],
[0.45362,0.5463800000000001,],
[0.4715333333333333,0.5284666666666668,],
[0.45936,0.5406400000000001,],
[0.5575155555555557,0.4424844444444444,],
[0.6236311111111111,0.3763688888888888,],
[0.5116111111111111,0.4883888888888889,],
[0.4870111111111111,0.5129888888888888,],
[0.5084688888888889,0.4915311111111111,],
[0.5032733333333334,0.4967266666666667,],
[0.5666644444444445,0.4333355555555556,],
[0.52172,0.47828,],
[0.49164,0.5083599999999999,],
[0.5022555555555556,0.4977444444444445,],
[0.4542733333333333,0.5457266666666667,],
[0.4847111111111111,0.5152888888888888,],
[0.5047511111111112,0.4952488888888888,],
[0.4818733333333333,0.5181266666666666,],
[0.5182155555555555,0.4817844444444444,],
[0.53932,0.46068,],
[0.5087355555555556,0.4912644444444444,],
[0.4843244444444444,0.5156755555555556,],
[0.5769111111111113,0.4230888888888888,],
[0.4455377777777778,0.5544622222222222,],
[0.46316,0.53684,],
[0.5007111111111111,0.4992888888888889,],
[0.5261733333333334,0.4738266666666666,],
[0.5247977777777778,0.4752022222222222,],
[0.4765955555555555,0.5234044444444443,],
[0.4160022222222222,0.5839977777777777,],
[0.5792822222222223,0.4207177777777777,],
[0.4730511111111111,0.5269488888888889,],
[0.4580244444444445,0.5419755555555555,],
[0.4473911111111111,0.5526088888888889,],
[0.5247866666666667,0.4752133333333333,],
[0.6266977777777777,0.3733022222222222,],
[0.4290111111111111,0.5709888888888889,],
[0.4672266666666667,0.5327733333333332,],
[0.5689555555555555,0.4310444444444444,],
[0.4912622222222222,0.5087377777777777,],
[0.6789666666666666,0.3210333333333333,],
[0.5050244444444444,0.4949755555555556,],
[0.4694066666666667,0.5305933333333334,],
[0.5127577777777778,0.4872422222222222,],
[0.4960666666666667,0.5039333333333333,],
[0.4878244444444444,0.5121755555555556,],
[0.4899866666666666,0.5100133333333333,],
[0.4574,0.5426,],
[0.4386977777777778,0.5613022222222223,],
[0.5363333333333333,0.4636666666666667,],
[0.49184,0.5081599999999999,],
[0.5060266666666665,0.4939733333333333,],
[0.5391711111111112,0.460828888888889,],
[0.4150622222222222,0.5849377777777778,],
[0.5369311111111111,0.4630688888888889,],
[0.4966311111111111,0.5033688888888889,],
[0.3910666666666667,0.6089333333333333,],
[0.5469911111111111,0.4530088888888888,],
[0.4274977777777778,0.5725022222222224,],
[0.4312177777777778,0.5687822222222223,],
[0.5361177777777778,0.4638822222222223,],
[0.5088799999999999,0.49112,],
[0.5543933333333333,0.4456066666666667,],
[0.4484911111111111,0.5515088888888889,],
[0.4990911111111111,0.5009088888888888,],
[0.5063199999999999,0.49368,],
[0.4297155555555556,0.5702844444444445,],
[0.5870755555555556,0.4129244444444444,],
[0.3892933333333333,0.6107066666666666,],
[0.4912711111111111,0.5087288888888889,],
[0.5271088888888888,0.4728911111111112,],
[0.4603955555555556,0.5396044444444444,],
[0.4954155555555556,0.5045844444444445,],
[0.5775155555555557,0.4224844444444444,],
[0.5746711111111112,0.4253288888888889,],
[0.4880711111111111,0.5119288888888889,],
[0.4345955555555556,0.5654044444444445,],
[0.4688244444444445,0.5311755555555555,],
[0.4732466666666667,0.5267533333333333,],
[0.4762444444444444,0.5237555555555555,],
[0.5146911111111111,0.4853088888888889,],
[0.5194355555555555,0.4805644444444444,],
[0.4771599999999999,0.52284,],
[0.5201511111111111,0.4798488888888889,],
[0.554188888888889,0.4458111111111111,],
[0.4861088888888889,0.5138911111111112,],
[0.4805933333333333,0.5194066666666666,],
[0.4789466666666666,0.5210533333333334,],
[0.4477177777777778,0.5522822222222222,],
[0.4500488888888889,0.5499511111111112,],
[0.40014,0.5998600000000001,],
[0.4664288888888889,0.5335711111111111,],
[0.4432711111111112,0.5567288888888889,],
[0.5127133333333334,0.4872866666666666,],
[0.4755666666666667,0.5244333333333333,],
[0.5229666666666667,0.4770333333333333,],
[0.4689711111111112,0.531028888888889,],
[0.5214311111111111,0.4785688888888889,],
[0.4748333333333333,0.5251666666666666,],
[0.4569466666666667,0.5430533333333333,],
[0.4871022222222223,0.5128977777777777,],
[0.5517133333333333,0.4482866666666667,],
[0.4904,0.5095999999999999,],
[0.4615177777777778,0.5384822222222222,],
[0.4748777777777778,0.5251222222222222,],
[0.5318488888888889,0.4681511111111111,],
[0.5310822222222222,0.4689177777777778,],
[0.4478711111111111,0.5521288888888889,],
[0.5205733333333333,0.4794266666666667,],
[0.4532088888888889,0.5467911111111111,],
[0.5216644444444445,0.4783355555555555,],
[0.5245822222222222,0.4754177777777778,],
[0.4836977777777778,0.5163022222222221,],
[0.5350333333333334,0.4649666666666667,],
[0.4152488888888888,0.5847511111111111,],
[0.5572333333333334,0.4427666666666667,],
[0.516471111111111,0.4835288888888889,],
[0.4982311111111111,0.5017688888888888,],
[0.4732777777777778,0.5267222222222222,],
[0.5563422222222223,0.4436577777777778,],
[0.5733511111111111,0.4266488888888889,],
[0.6170266666666666,0.3829733333333333,],
[0.4991266666666667,0.5008733333333334,],
[0.4221377777777777,0.5778622222222223,],
[0.4953888888888889,0.5046111111111111,],
[0.5420644444444445,0.4579355555555555,],
[0.4824222222222222,0.5175777777777777,],
[0.51694,0.48306,],
[0.5196999999999999,0.4802999999999999,],
[0.507271111111111,0.4927288888888889,],
[0.5172244444444444,0.4827755555555556,],
[0.4610577777777778,0.5389422222222222,],
[0.5453444444444444,0.4546555555555556,],
[0.5073399999999999,0.49266,],
[0.4088577777777777,0.5911422222222221,],
[0.4966977777777778,0.5033022222222222,],
[0.5243266666666666,0.4756733333333333,],
[0.5203933333333334,0.4796066666666667,],
[0.6041088888888889,0.3958911111111111,],
[0.4924622222222222,0.5075377777777778,],
[0.4387400000000001,0.56126,],
[0.4443022222222222,0.5556977777777778,],
[0.4162822222222222,0.5837177777777778,],
[0.4391066666666666,0.5608933333333334,],
[0.51092,0.48908,],
[0.5004,0.4996,],
[0.5985266666666667,0.4014733333333333,],
[0.4485088888888889,0.5514911111111112,],
[0.5534688888888889,0.4465311111111111,],
[0.4486733333333333,0.5513266666666666,],
[0.5689644444444445,0.4310355555555555,],
[0.5761666666666668,0.4238333333333333,],
[0.4410066666666667,0.5589933333333335,],
[0.5143622222222222,0.4856377777777778,],
[0.5419488888888888,0.4580511111111111,],
[0.5765200000000001,0.42348,],
[0.5637066666666667,0.4362933333333333,],
[0.5160688888888888,0.4839311111111111,],
[0.5163822222222221,0.4836177777777778,],
[0.5246355555555555,0.4753644444444444,],
[0.5848355555555556,0.4151644444444444,],
[0.5262733333333333,0.4737266666666667,],
[0.5369955555555556,0.4630044444444444,],
[0.54878,0.4512200000000001,],
[0.5243577777777777,0.4756422222222222,],
[0.4438311111111111,0.5561688888888888,],
[0.4616133333333334,0.5383866666666668,],
[0.4934111111111111,0.5065888888888889,],
[0.5626399999999999,0.43736,],
[0.46408,0.53592,],
[0.4170755555555555,0.5829244444444444,],
[0.4929288888888889,0.507071111111111,],
[0.4564822222222223,0.5435177777777778,],
[0.5067222222222222,0.4932777777777778,],
[0.5306133333333334,0.4693866666666667,],
[0.4749133333333333,0.5250866666666666,],
[0.5403777777777778,0.4596222222222222,],
[0.4897,0.5103,],
[0.4662822222222223,0.5337177777777777,],
[0.4969666666666667,0.5030333333333333,],
[0.5335688888888889,0.4664311111111111,],
[0.5136600000000001,0.48634,],
[0.4800977777777778,0.5199022222222222,],
[0.5607644444444444,0.4392355555555555,],
[0.4785755555555556,0.5214244444444445,],
[0.5041600000000001,0.49584,],
[0.4339644444444444,0.5660355555555556,],
[0.5881422222222221,0.4118577777777778,],
[0.5623577777777777,0.4376422222222222,],
[0.4782311111111111,0.5217688888888888,],
[0.5483266666666667,0.4516733333333334,],
[0.5333155555555555,0.4666844444444445,],
[0.5704333333333333,0.4295666666666667,],
[0.4473111111111111,0.5526888888888888,],
[0.5193377777777778,0.4806622222222222,],
[0.5210111111111111,0.4789888888888889,],
[0.4553133333333333,0.5446866666666667,],
[0.5004488888888889,0.4995511111111111,],
[0.5061044444444444,0.4938955555555556,],
[0.5593111111111112,0.4406888888888889,],
[0.4312288888888889,0.5687711111111112,],
[0.4965044444444444,0.5034955555555555,],
[0.5285311111111111,0.4714688888888889,],
[0.5215000000000001,0.4785,],
[0.4812133333333333,0.5187866666666666,],
[0.49638,0.50362,],
[0.5528622222222221,0.4471377777777778,],
[0.4807666666666667,0.5192333333333333,],
[0.4497822222222222,0.5502177777777778,],
[0.4597000000000001,0.5403,],
[0.5474000000000001,0.4526,],
[0.5199377777777777,0.4800622222222222,],
[0.5368644444444444,0.4631355555555556,],
[0.5033866666666666,0.4966133333333334,],
[0.4449577777777778,0.5550422222222222,],
[0.4757422222222222,0.5242577777777776,],
[0.5306355555555556,0.4693644444444445,],
[0.4807066666666666,0.5192933333333334,],
[0.5359488888888889,0.4640511111111111,],
[0.5288533333333333,0.4711466666666667,],
[0.5000777777777778,0.4999222222222222,],
[0.5004888888888889,0.4995111111111111,],
[0.5630488888888888,0.4369511111111111,],
[0.6023177777777778,0.3976822222222223,],
[0.48256,0.5174399999999999,],
[0.5389733333333334,0.4610266666666667,],
[0.42506,0.5749400000000001,],
[0.5523933333333333,0.4476066666666667,],
[0.4714422222222223,0.5285577777777778,],
[0.4554688888888889,0.5445311111111111,],
[0.5111444444444445,0.4888555555555556,],
[0.5921666666666667,0.4078333333333333,],
[0.451228888888889,0.5487711111111112,],
[0.4948,0.5051999999999999,],
[0.4920377777777778,0.5079622222222222,],
[0.5033933333333334,0.4966066666666667,],
[0.4772733333333333,0.5227266666666668,],
[0.4426177777777778,0.5573822222222222,],
[0.4986111111111111,0.5013888888888889,],
[0.4245,0.5755,],
[0.4776711111111111,0.522328888888889,],
[0.4978088888888889,0.5021911111111111,],
[0.5583622222222223,0.4416377777777778,],
[0.4573844444444445,0.5426155555555555,],
[0.4102933333333333,0.5897066666666666,],
[0.4594311111111111,0.540568888888889,],
[0.4513511111111111,0.548648888888889,],
[0.5740977777777778,0.4259022222222222,],
[0.5378955555555555,0.4621044444444444,],
[0.5255022222222221,0.4744977777777778,],
[0.5146755555555554,0.4853244444444444,],
[0.4887733333333334,0.5112266666666666,],
[0.4131533333333333,0.5868466666666666,],
[0.5927044444444444,0.4072955555555555,],
[0.5359755555555555,0.4640244444444445,],
[0.5323911111111111,0.4676088888888889,],
[0.52998,0.4700200000000001,],
[0.5910333333333333,0.4089666666666666,],
[0.4974111111111111,0.5025888888888889,],
[0.5279622222222222,0.4720377777777778,],
[0.4484,0.5515999999999999,],
[0.4727822222222223,0.5272177777777778,],
[0.5072466666666665,0.4927533333333334,],
[0.5267577777777778,0.4732422222222222,],
[0.5276111111111111,0.4723888888888889,],
[0.5670133333333334,0.4329866666666667,],
[0.4181199999999999,0.5818800000000001,],
[0.4446266666666666,0.5553733333333334,],
[0.4885133333333334,0.5114866666666666,],
[0.3916888888888889,0.608311111111111,],
[0.4430022222222222,0.5569977777777778,],
[0.5147755555555555,0.4852244444444444,],
[0.542171111111111,0.4578288888888888,],
[0.4500666666666667,0.5499333333333334,],
[0.4688977777777779,0.5311022222222221,],
[0.5921733333333333,0.4078266666666666,],
[0.4211622222222222,0.5788377777777778,],
[0.4796111111111112,0.5203888888888889,],
[0.5664933333333334,0.4335066666666667,],
[0.5292266666666667,0.4707733333333334,],
[0.5615622222222222,0.4384377777777778,],
[0.4823444444444444,0.5176555555555555,],
[0.4539844444444445,0.5460155555555556,],
[0.4695333333333334,0.5304666666666668,],
[0.4187622222222222,0.5812377777777777,],
[0.49374,0.5062599999999999,],
[0.4861933333333333,0.5138066666666666,],
[0.4762444444444444,0.5237555555555555,],
[0.4673311111111111,0.5326688888888889,],
[0.4589422222222223,0.5410577777777777,],
[0.5272,0.4728000000000001,],
[0.4934933333333334,0.5065066666666667,],
[0.523511111111111,0.4764888888888889,],
[0.4860044444444444,0.5139955555555555,],
[0.5702866666666667,0.4297133333333333,],
[0.4642488888888889,0.5357511111111111,],
[0.4662266666666667,0.5337733333333333,],
[0.532148888888889,0.4678511111111112,],
[0.3682133333333333,0.6317866666666667,],
[0.4855977777777777,0.5144022222222222,],
[0.5538088888888889,0.4461911111111111,],
[0.5596,0.4404,],
[0.5631266666666667,0.4368733333333333,],
[0.4325133333333333,0.5674866666666667,],
[0.5298333333333334,0.4701666666666667,],
[0.4775888888888888,0.5224111111111112,],
[0.4866466666666667,0.5133533333333334,],
[0.5228622222222222,0.4771377777777778,],
[0.5043111111111112,0.4956888888888889,],
[0.5384533333333333,0.4615466666666667,],
[0.4495177777777778,0.5504822222222222,],
[0.4507622222222222,0.5492377777777778,],
[0.5510777777777778,0.4489222222222222,],
[0.4608377777777778,0.5391622222222222,],
[0.4810244444444444,0.5189755555555556,],
[0.533291111111111,0.4667088888888889,],
[0.5134955555555556,0.4865044444444445,],
[0.4750844444444445,0.5249155555555555,],
[0.4581933333333333,0.5418066666666667,],
[0.5647177777777779,0.4352822222222222,],
[0.4626577777777778,0.5373422222222222,],
[0.4082822222222222,0.5917177777777778,],
[0.4796044444444444,0.5203955555555556,],
[0.4746355555555555,0.5253644444444444,],
[0.33794,0.6620599999999999,],
[0.5244266666666666,0.4755733333333333,],
[0.5047066666666666,0.4952933333333333,],
[0.43714,0.56286,],
[0.5005644444444445,0.4994355555555555,],
[0.447,0.553,],
[0.403491111111111,0.5965088888888888,],
[0.50896,0.49104,],
[0.52124,0.47876,],
[0.4810955555555556,0.5189044444444445,],
[0.4643088888888889,0.535691111111111,],
[0.4777777777777777,0.5222222222222223,],
[0.5475444444444446,0.4524555555555556,],
[0.5234733333333333,0.4765266666666667,],
[0.5193533333333333,0.4806466666666666,],
[0.4641866666666667,0.5358133333333333,],
[0.5813177777777778,0.4186822222222222,],
[0.4773311111111111,0.522668888888889,],
[0.5273222222222222,0.4726777777777778,],
[0.4945155555555555,0.5054844444444443,],
[0.5664533333333334,0.4335466666666667,],
[0.5737622222222223,0.4262377777777778,],
[0.4271177777777777,0.5728822222222222,],
[0.4325755555555555,0.5674244444444445,],
[0.5351311111111111,0.4648688888888889,],
[0.5608066666666667,0.4391933333333333,],
[0.4894244444444444,0.5105755555555556,],
[0.4934355555555556,0.5065644444444445,],
[0.4904911111111112,0.5095088888888888,],
[0.4575777777777777,0.5424222222222223,],
[0.51696,0.48304,],
[0.4643733333333334,0.5356266666666666,],
[0.4519155555555556,0.5480844444444445,],
[0.5200866666666667,0.4799133333333334,],
[0.4703555555555556,0.5296444444444444,],
[0.5200555555555556,0.4799444444444445,],
[0.46694,0.5330599999999999,],
[0.4880977777777778,0.5119022222222221,],
[0.5367444444444445,0.4632555555555556,],
[0.5715866666666667,0.4284133333333333,],
[0.5197733333333333,0.4802266666666666,],
[0.4673666666666667,0.5326333333333333,],
[0.5708266666666667,0.4291733333333334,],
[0.4587288888888889,0.5412711111111111,],
[0.4559977777777778,0.5440022222222223,],
[0.6327466666666667,0.3672533333333333,],
[0.5295444444444445,0.4704555555555556,],
[0.5531200000000001,0.44688,],
[0.4409688888888889,0.5590311111111111,],
[0.4940066666666666,0.5059933333333333,],
[0.4832555555555556,0.5167444444444445,],
[0.5779555555555557,0.4220444444444444,],
[0.5310333333333334,0.4689666666666667,],
[0.4309377777777777,0.5690622222222222,],
[0.5340199999999999,0.4659800000000001,],
[0.4298177777777777,0.5701822222222223,],
[0.4738155555555555,0.5261844444444445,],
[0.5617888888888888,0.4382111111111111,],
[0.5272066666666667,0.4727933333333334,],
[0.5786644444444444,0.4213355555555555,],
[0.5116466666666667,0.4883533333333334,],
[0.4846955555555555,0.5153044444444443,],
[0.5090711111111111,0.4909288888888889,],
[0.4547022222222222,0.5452977777777778,],
[0.4995088888888889,0.5004911111111111,],
[0.4927044444444445,0.5072955555555555,],
[0.4455244444444444,0.5544755555555556,],
[0.6204466666666667,0.3795533333333334,],
[0.4841688888888889,0.515831111111111,],
[0.5605666666666667,0.4394333333333333,],
[0.4778955555555556,0.5221044444444445,],
[0.3858333333333334,0.6141666666666666,],
[0.4797711111111111,0.520228888888889,],
[0.5368022222222222,0.4631977777777778,],
[0.5892555555555554,0.4107444444444444,],
[0.4904622222222222,0.5095377777777776,],
[0.5196466666666667,0.4803533333333333,],
[0.5363511111111111,0.4636488888888889,],
[0.4893066666666667,0.5106933333333332,],
[0.3891222222222222,0.6108777777777777,],
[0.4722133333333334,0.5277866666666666,],
[0.5001533333333333,0.4998466666666667,],
[0.5443466666666666,0.4556533333333334,],
[0.5644600000000001,0.43554,],
[0.4963644444444444,0.5036355555555555,],
[0.5245622222222222,0.4754377777777778,],
[0.42358,0.57642,],
[0.5250955555555554,0.4749044444444444,],
[0.5553733333333334,0.4446266666666666,],
[0.4632066666666667,0.5367933333333332,],
[0.5024888888888889,0.4975111111111111,],
[0.4647311111111112,0.5352688888888889,],
[0.548928888888889,0.4510711111111111,],
[0.5058866666666666,0.4941133333333333,],
[0.5257266666666667,0.4742733333333333,],
[0.5162377777777778,0.4837622222222223,],
[0.5772533333333334,0.4227466666666667,],
[0.4429844444444445,0.5570155555555556,],
[0.5550755555555555,0.4449244444444445,],
[0.5211,0.4789,],
[0.4049666666666666,0.5950333333333333,],
[0.5519244444444444,0.4480755555555556,],
[0.5269444444444444,0.4730555555555556,],
[0.6258488888888889,0.3741511111111111,],
[0.5176644444444444,0.4823355555555555,],
[0.4810333333333333,0.5189666666666667,],
[0.5473844444444446,0.4526155555555556,],
[0.4703355555555556,0.5296644444444444,],
[0.5562511111111111,0.4437488888888889,],
[0.4397711111111111,0.5602288888888889,],
[0.4802822222222222,0.5197177777777777,],
[0.5241888888888888,0.4758111111111111,],
[0.3897088888888889,0.6102911111111111,],
[0.4717688888888889,0.5282311111111111,],
[0.5531466666666667,0.4468533333333334,],
[0.5285155555555555,0.4714844444444444,],
[0.4941088888888889,0.5058911111111111,],
[0.44924,0.55076,],
[0.4229622222222222,0.577037777777778,],
[0.4831288888888889,0.5168711111111111,],
[0.55306,0.44694,],
[0.4741355555555556,0.5258644444444445,],
[0.5308355555555555,0.4691644444444445,],
[0.46778,0.53222,],
[0.4972822222222223,0.5027177777777777,],
[0.3761022222222222,0.6238977777777778,],
[0.4800888888888889,0.5199111111111111,],
[0.542171111111111,0.4578288888888888,],
[0.5131244444444445,0.4868755555555555,],
[0.4134777777777777,0.5865222222222223,],
[0.4934333333333334,0.5065666666666667,],
[0.5360933333333334,0.4639066666666667,],
[0.5121,0.4879,],
[0.4731888888888889,0.5268111111111111,],
];;
